[18, 38, 12, 52, 9, 28, 26, 49, 52, 10, 31, 35, 25, 42, 36]
[21, 23, 37, 52, 49, 35, 20, 34, 27, 43, 39, 36, 52, 5, 42]
[19, 24, 50, 13, 5, 28, 42, 15, 16, 44, 18, 18, 18, 25, 43]
[42, 28, 47, 38, 13, 25, 39, 4, 31, 22, 44, 24, 17, 35, 32]
[15, 51, 17, 43, 14, 30, 25, 43, 9, 11, 6, 44, 20, 15, 42]
[7, 22, 29, 22, 46, 15, 27, 23, 22, 41, 20, 23, 12, 19, 15]
[8, 33, 6, 39, 31, 16, 39, 18, 44, 21, 33, 22, 39, 12, 28]
[35, 13, 28, 37, 22, 42, 32, 6, 34, 48, 51, 12, 35, 12, 49]
[43, 9, 17, 43, 40, 41, 12, 11, 28, 49, 27, 46, 11, 4, 6]
[16, 37, 18, 51, 10, 23, 52, 26, 47, 14, 26, 41, 25, 51, 48]
[22, 34, 31, 12, 20, 37, 16, 5, 15, 29, 30, 30, 32, 28, 36]
[41, 42, 7, 32, 30, 52, 11, 9, 38, 51, 10, 16, 9, 46, 26]
[4, 51, 41, 40, 49, 21, 38, 22, 40, 36, 32, 25, 13, 40, 7]
[40, 10, 39, 36, 7, 23, 33, 22, 25, 18, 23, 47, 40, 39, 46]
[28, 39, 51, 6, 29, 40, 13, 39, 10, 17, 45, 32, 21, 23, 32]
[47, 18, 16, 16, 41, 10, 15, 27, 25, 7, 22, 36, 26, 27, 15]
[28, 44, 14, 33, 38, 36, 5, 25, 10, 7, 19, 28, 14, 35, 44]
[34, 40, 25, 14, 32, 43, 7, 46, 35, 36, 46, 22, 48, 32, 8]
[10, 4, 19, 21, 33, 44, 12, 5, 29, 49, 29, 23, 51, 7, 34]
[41, 38, 46, 50, 30, 9, 12, 35, 40, 47, 17, 23, 23, 23, 24]
[52, 25, 31, 23, 26, 10, 24, 35, 39, 46, 47, 10, 6, 42, 50]
[48, 16, 51, 47, 27, 22, 15, 35, 27, 42, 50, 43, 14, 44, 12]
[21, 21, 32, 12, 45, 14, 35, 19, 22, 11, 39, 49, 34, 13, 17]
[27, 20, 52, 4, 28, 8, 8, 37, 17, 31, 10, 42, 4, 46, 20]
[29, 49, 25, 51, 33, 48, 14, 25, 36, 22, 10, 41, 24, 29, 20]
[45, 23, 40, 18, 49, 11, 50, 10, 32, 46, 16, 31, 16, 5, 47]
[33, 39, 7, 37, 34, 20, 32, 42, 13, 27, 25, 28, 30, 51, 24]
[11, 22, 13, 18, 44, 47, 4, 17, 48, 15, 28, 27, 17, 34, 39]
[22, 10, 45, 30, 40, 34, 24, 14, 14, 29, 45, 5, 7, 10, 37]
[37, 14, 52, 10, 28, 48, 41, 43, 40, 25, 34, 5, 47, 26, 40]
[8, 17, 33, 9, 6, 6, 47, 25, 28, 52, 32, 14, 12, 51, 51]
[52, 48, 41, 34, 37, 9, 51, 30, 29, 9, 37, 7, 44, 16, 39]
[11, 33, 8, 49, 38, 46, 48, 47, 36, 30, 15, 48, 35, 11, 27]
[49, 27, 38, 40, 42, 46, 23, 49, 27, 20, 47, 49, 10, 22, 6]
[20, 12, 48, 25, 11, 7, 34, 17, 7, 25, 21, 24, 37, 49, 17]
[46, 8, 45, 10, 4, 16, 8, 27, 17, 38, 27, 45, 18, 18, 9]
[19, 38, 11, 24, 7, 30, 6, 32, 9, 14, 48, 33, 5, 19, 18]
[30, 20, 25, 43, 27, 18, 40, 38, 33, 5, 12, 20, 4, 47, 23]
[17, 35, 34, 23, 51, 20, 15, 33, 32, 16, 38, 16, 11, 30, 21]
[34, 29, 18, 47, 18, 30, 5, 27, 46, 34, 44, 43, 52, 44, 18]
[6, 27, 18, 7, 10, 35, 29, 20, 14, 38, 51, 51, 7, 13, 32]
[29, 33, 30, 46, 4, 41, 13, 29, 47, 30, 24, 6, 4, 5, 25]
[50, 28, 36, 44, 15, 16, 36, 40, 45, 37, 8, 44, 43, 49, 25]
[9, 43, 23, 22, 16, 42, 30, 41, 50, 43, 18, 14, 46, 32, 38]
[36, 20, 35, 26, 48, 27, 19, 16, 45, 29, 52, 38, 22, 15, 26]
[50, 50, 43, 10, 26, 14, 17, 14, 25, 7, 7, 52, 29, 16, 46]
[36, 37, 49, 35, 15, 15, 47, 50, 4, 6, 22, 51, 31, 24, 45]
[6, 23, 42, 17, 25, 34, 7, 52, 5, 16, 13, 39, 20, 11, 5]
[31, 44, 25, 22, 8, 36, 39, 48, 12, 10, 40, 31, 36, 47, 38]
[45, 41, 17, 38, 13, 23, 22, 34, 14, 47, 39, 22, 49, 16, 12]
[50, 45, 37, 32, 36, 41, 40, 27, 31, 19, 34, 7, 32, 28, 29]
[25, 28, 28, 9, 37, 43, 13, 50, 47, 23, 21, 28, 52, 10, 39]
[14, 39, 21, 31, 44, 6, 27, 37, 17, 6, 14, 47, 20, 42, 27]
[34, 52, 48, 21, 43, 43, 47, 8, 23, 49, 16, 48, 45, 52, 35]
[24, 13, 10, 4, 47, 28, 37, 16, 19, 19, 30, 50, 23, 45, 47]
[43, 11, 49, 39, 35, 10, 45, 40, 12, 34, 14, 5, 40, 31, 47]
[9, 34, 7, 13, 36, 45, 33, 33, 51, 18, 28, 29, 10, 34, 44]
[14, 26, 50, 48, 52, 24, 17, 28, 22, 8, 51, 42, 14, 31, 6]
[21, 35, 41, 32, 5, 50, 29, 16, 14, 16, 20, 9, 34, 7, 4]
[21, 35, 32, 15, 39, 19, 46, 14, 45, 42, 23, 45, 10, 45, 10]
[29, 43, 42, 37, 32, 36, 49, 23, 37, 45, 13, 6, 16, 46, 52]
[10, 12, 19, 35, 46, 8, 4, 43, 50, 51, 19, 34, 27, 47, 30]
[15, 10, 29, 44, 26, 13, 11, 44, 7, 41, 48, 52, 38, 25, 10]
[19, 24, 13, 8, 39, 51, 31, 15, 16, 5, 38, 17, 45, 39, 7]
[45, 46, 9, 49, 14, 19, 17, 18, 50, 19, 35, 20, 40, 26, 52]
[16, 11, 21, 51, 32, 28, 21, 47, 19, 30, 40, 45, 49, 38, 22]
[44, 18, 39, 50, 17, 33, 10, 13, 33, 25, 42, 8, 48, 20, 16]
[49, 34, 6, 4, 30, 13, 28, 26, 11, 25, 7, 13, 21, 40, 33]
[23, 10, 19, 25, 25, 49, 42, 43, 24, 48, 49, 36, 22, 37, 7]
[29, 12, 43, 5, 36, 17, 25, 25, 30, 13, 5, 29, 15, 24, 5]
[45, 21, 43, 39, 50, 21, 48, 20, 44, 39, 37, 40, 41, 23, 33]
[13, 42, 22, 26, 14, 29, 4, 46, 18, 22, 11, 13, 31, 41, 42]
[38, 15, 30, 5, 35, 19, 25, 18, 23, 5, 26, 52, 15, 19, 41]
[5, 19, 44, 9, 23, 25, 52, 20, 16, 21, 4, 33, 37, 48, 49]
[25, 14, 10, 45, 21, 52, 18, 9, 5, 21, 52, 12, 40, 33, 33]
[39, 37, 26, 31, 48, 42, 37, 36, 43, 26, 47, 32, 16, 35, 31]
[23, 18, 15, 13, 18, 22, 41, 19, 31, 12, 41, 6, 22, 37, 25]
[30, 19, 5, 6, 24, 12, 52, 4, 35, 41, 49, 43, 36, 14, 8]
[19, 29, 5, 26, 5, 52, 39, 30, 26, 52, 44, 10, 23, 10, 45]
[4, 31, 33, 26, 11, 51, 43, 10, 48, 8, 22, 29, 5, 12, 50]
[9, 4, 45, 22, 20, 21, 26, 49, 24, 15, 36, 26, 9, 50, 23]
[34, 5, 32, 25, 42, 32, 24, 24, 33, 40, 37, 8, 8, 47, 11]
[16, 21, 36, 38, 38, 10, 43, 45, 27, 42, 49, 15, 21, 34, 14]
[25, 22, 10, 41, 10, 18, 28, 41, 4, 6, 48, 21, 41, 6, 40]
[22, 19, 10, 47, 13, 6, 37, 12, 35, 8, 10, 37, 10, 9, 35]
[26, 14, 24, 7, 9, 11, 44, 19, 30, 24, 43, 30, 44, 20, 20]
[40, 30, 13, 8, 21, 15, 11, 21, 43, 47, 35, 46, 5, 34, 29]
[26, 20, 12, 17, 41, 14, 27, 32, 7, 37, 41, 37, 13, 30, 22]
[15, 15, 36, 18, 13, 29, 6, 10, 37, 32, 11, 39, 14, 39, 10]
[8, 6, 46, 20, 36, 47, 7, 12, 13, 26, 9, 50, 39, 30, 50]
[13, 32, 47, 17, 51, 26, 22, 47, 52, 39, 33, 38, 17, 27, 24]
[9, 43, 6, 28, 42, 5, 10, 28, 10, 32, 33, 35, 32, 24, 19]
[39, 5, 11, 10, 20, 39, 50, 44, 43, 24, 29, 27, 45, 44, 47]
[12, 36, 30, 22, 10, 50, 9, 29, 20, 44, 25, 40, 28, 8, 29]
[14, 42, 42, 52, 22, 37, 36, 29, 49, 46, 17, 47, 48, 50, 10]
[31, 40, 26, 31, 28, 34, 21, 50, 52, 16, 38, 13, 27, 41, 35]
[34, 17, 24, 12, 19, 48, 36, 9, 38, 43, 36, 38, 12, 33, 22]
[27, 32, 37, 10, 18, 12, 14, 41, 52, 23, 28, 24, 46, 48, 36]
[12, 7, 48, 6, 21, 38, 9, 51, 15, 48, 30, 34, 33, 21, 26]
[43, 36, 40, 35, 9, 26, 14, 51, 26, 24, 31, 39, 4, 38, 36]
[51, 32, 14, 13, 25, 36, 8, 29, 38, 34, 41, 21, 51, 15, 50]
[32, 18, 52, 11, 7, 5, 33, 39, 22, 44, 12, 19, 35, 8, 15]
[52, 49, 20, 48, 22, 44, 51, 31, 22, 17, 8, 15, 47, 22, 49]
[5, 29, 27, 21, 5, 11, 28, 6, 42, 33, 31, 20, 36, 37, 15]
[48, 7, 44, 27, 12, 45, 17, 45, 18, 29, 46, 31, 47, 36, 21]
[17, 11, 16, 46, 11, 52, 32, 9, 50, 50, 17, 27, 21, 27, 16]
[28, 45, 34, 24, 17, 7, 35, 34, 6, 4, 7, 25, 29, 46, 9]
[32, 9, 27, 44, 6, 34, 47, 30, 30, 26, 6, 18, 44, 52, 7]
[46, 24, 23, 52, 51, 12, 22, 5, 28, 6, 11, 41, 33, 13, 34]
[37, 51, 51, 14, 26, 51, 10, 37, 32, 28, 27, 48, 22, 4, 38]
[13, 41, 34, 17, 30, 31, 44, 51, 18, 45, 4, 19, 42, 43, 14]
[47, 36, 33, 25, 50, 4, 46, 40, 5, 33, 26, 34, 37, 18, 16]
[23, 31, 34, 16, 25, 17, 18, 17, 42, 14, 40, 21, 39, 5, 51]
[49, 6, 4, 20, 23, 46, 38, 33, 28, 27, 41, 43, 27, 32, 28]
[16, 48, 14, 29, 44, 25, 37, 42, 42, 13, 29, 38, 29, 43, 34]
[20, 47, 20, 11, 22, 33, 5, 21, 7, 52, 45, 50, 49, 25, 27]
[47, 49, 29, 29, 49, 33, 27, 48, 5, 18, 37, 30, 45, 42, 32]
[37, 46, 34, 24, 37, 38, 18, 42, 21, 30, 20, 49, 19, 17, 11]
[36, 14, 35, 11, 12, 6, 34, 52, 10, 7, 23, 34, 26, 31, 31]
[33, 52, 4, 51, 12, 50, 32, 10, 26, 13, 8, 47, 38, 4, 33]
[10, 8, 48, 34, 43, 39, 41, 7, 20, 17, 14, 14, 13, 51, 8]
[15, 34, 50, 36, 35, 38, 11, 35, 6, 32, 43, 40, 20, 39, 14]
[30, 47, 12, 30, 29, 26, 4, 47, 21, 44, 19, 6, 8, 26, 42]
[20, 22, 40, 42, 33, 34, 49, 26, 35, 28, 36, 28, 50, 28, 34]
[32, 25, 13, 42, 17, 12, 38, 38, 41, 27, 31, 7, 46, 17, 51]
[39, 17, 45, 45, 39, 18, 29, 38, 49, 41, 6, 34, 51, 36, 21]
[18, 7, 40, 46, 39, 44, 36, 24, 6, 12, 42, 25, 9, 16, 13]
[30, 45, 9, 48, 22, 37, 21, 21, 51, 28, 24, 10, 28, 21, 34]
[10, 8, 31, 19, 12, 31, 18, 45, 45, 9, 23, 4, 35, 9, 43]
[40, 37, 47, 33, 48, 19, 42, 46, 46, 12, 32, 23, 34, 27, 23]
[17, 52, 6, 50, 31, 9, 28, 28, 40, 35, 44, 24, 33, 9, 37]
[51, 4, 33, 41, 27, 5, 31, 31, 34, 48, 48, 44, 46, 26, 41]
[11, 23, 51, 30, 52, 7, 41, 4, 8, 34, 28, 10, 5, 22, 22]
[39, 6, 22, 19, 31, 24, 19, 33, 23, 4, 40, 33, 34, 41, 4]
[23, 13, 36, 29, 15, 11, 46, 48, 46, 49, 30, 4, 30, 11, 20]
[6, 16, 47, 28, 18, 39, 24, 11, 48, 31, 24, 15, 38, 20, 48]
[46, 17, 43, 24, 23, 8, 10, 13, 24, 46, 21, 51, 52, 18, 49]
[41, 16, 37, 34, 43, 33, 49, 41, 6, 33, 6, 35, 28, 50, 30]
[7, 50, 49, 19, 40, 24, 50, 36, 9, 33, 50, 29, 15, 15, 12]
[52, 46, 4, 7, 20, 41, 16, 15, 11, 42, 46, 32, 31, 14, 13]
[11, 38, 16, 6, 46, 39, 40, 28, 47, 27, 9, 42, 50, 29, 24]
[17, 30, 9, 29, 50, 45, 45, 20, 49, 14, 35, 19, 12, 43, 51]
[12, 41, 39, 42, 10, 8, 35, 12, 12, 37, 42, 14, 11, 21, 40]
[27, 36, 27, 42, 38, 4, 40, 38, 42, 31, 5, 10, 24, 43, 4]
[36, 47, 21, 36, 23, 44, 38, 24, 12, 24, 42, 22, 19, 20, 43]
[46, 50, 24, 37, 16, 27, 45, 45, 29, 10, 16, 31, 7, 41, 29]
[43, 26, 41, 38, 45, 5, 20, 31, 39, 18, 7, 11, 6, 14, 44]
[42, 43, 9, 34, 6, 47, 23, 30, 13, 11, 36, 36, 38, 8, 46]
[41, 5, 22, 5, 43, 4, 46, 8, 17, 5, 20, 7, 43, 45, 19]
[48, 6, 44, 14, 40, 29, 43, 10, 11, 4, 45, 42, 42, 22, 37]
[51, 27, 5, 46, 8, 27, 9, 44, 20, 22, 9, 12, 43, 22, 31]
[8, 41, 16, 41, 8, 10, 20, 22, 21, 39, 13, 8, 19, 48, 8]
[46, 10, 4, 16, 14, 47, 26, 6, 41, 39, 19, 4, 51, 9, 44]
[42, 16, 52, 21, 47, 9, 45, 24, 21, 9, 46, 50, 17, 32, 13]
[20, 46, 21, 40, 46, 29, 34, 22, 15, 35, 8, 33, 18, 30, 19]
[31, 29, 14, 48, 51, 14, 50, 31, 13, 37, 13, 35, 30, 13, 30]
[38, 44, 31, 44, 47, 49, 30, 32, 16, 32, 34, 26, 42, 4, 23]
[13, 48, 20, 43, 16, 40, 22, 6, 44, 35, 34, 49, 15, 8, 12]
[33, 39, 28, 14, 8, 22, 7, 7, 34, 10, 15, 16, 39, 37, 4]
[22, 19, 10, 49, 41, 35, 48, 8, 10, 35, 4, 17, 19, 46, 41]
[5, 22, 5, 32, 32, 32, 52, 39, 48, 9, 33, 15, 13, 38, 5]
[10, 30, 39, 15, 52, 35, 14, 42, 4, 19, 9, 11, 50, 12, 37]
[44, 49, 23, 8, 41, 15, 29, 19, 44, 17, 50, 13, 25, 23, 17]
[7, 24, 35, 19, 27, 46, 19, 44, 34, 50, 43, 41, 22, 6, 35]
[38, 13, 11, 47, 4, 50, 34, 23, 19, 38, 22, 18, 27, 28, 38]
[44, 28, 12, 18, 29, 38, 51, 14, 37, 40, 50, 46, 37, 10, 18]
[24, 9, 44, 20, 11, 4, 48, 40, 30, 50, 25, 37, 32, 17, 26]
[35, 15, 7, 15, 45, 45, 13, 32, 46, 43, 4, 16, 31, 10, 43]
[37, 31, 38, 28, 9, 51, 30, 13, 4, 11, 38, 30, 11, 11, 41]
[42, 40, 20, 9, 24, 32, 16, 51, 29, 50, 21, 46, 24, 24, 28]
[4, 52, 22, 27, 29, 49, 42, 48, 25, 36, 29, 17, 26, 17, 39]
[24, 51, 22, 16, 24, 17, 33, 36, 31, 23, 24, 21, 43, 21, 13]
[5, 40, 15, 33, 34, 22, 35, 13, 8, 51, 25, 8, 7, 36, 9]
[27, 47, 38, 5, 19, 24, 15, 15, 23, 15, 39, 11, 49, 33, 5]
[14, 46, 8, 39, 50, 26, 31, 26, 8, 31, 15, 25, 16, 31, 27]
[26, 50, 26, 33, 16, 31, 22, 11, 36, 21, 11, 9, 34, 44, 21]
[18, 5, 17, 27, 52, 48, 34, 34, 26, 40, 47, 9, 41, 7, 52]
[22, 12, 8, 50, 42, 13, 30, 18, 46, 15, 52, 32, 6, 18, 46]
[32, 34, 35, 23, 48, 13, 5, 17, 49, 20, 22, 51, 8, 49, 19]
[24, 45, 49, 28, 33, 46, 23, 52, 41, 51, 17, 11, 26, 7, 25]
[51, 15, 26, 20, 7, 37, 12, 22, 33, 20, 5, 19, 33, 14, 40]
[6, 48, 18, 7, 47, 30, 19, 16, 41, 8, 16, 27, 36, 29, 9]
[18, 27, 8, 41, 21, 49, 6, 7, 9, 47, 10, 26, 30, 6, 48]
[25, 25, 29, 30, 19, 31, 9, 46, 15, 46, 27, 46, 24, 38, 6]
[28, 9, 19, 8, 45, 22, 23, 7, 39, 52, 49, 5, 50, 34, 31]
[26, 44, 46, 27, 31, 18, 16, 39, 43, 40, 52, 39, 25, 45, 52]
[12, 30, 30, 23, 6, 27, 43, 23, 32, 13, 51, 9, 42, 6, 45]
[35, 32, 23, 4, 35, 16, 44, 50, 34, 45, 35, 48, 46, 48, 48]
[4, 21, 50, 49, 19, 43, 31, 21, 24, 4, 12, 37, 48, 52, 30]
[31, 7, 46, 31, 4, 17, 26, 36, 18, 38, 14, 20, 47, 50, 16]
[49, 25, 38, 40, 34, 40, 44, 52, 36, 12, 34, 18, 10, 52, 22]
[33, 31, 28, 34, 37, 32, 25, 12, 20, 28, 18, 52, 41, 49, 14]
[40, 26, 27, 46, 24, 23, 49, 49, 39, 23, 32, 22, 44, 19, 46]
[38, 42, 46, 15, 34, 42, 10, 34, 37, 34, 46, 17, 9, 29, 17]
[35, 33, 15, 35, 34, 7, 6, 5, 19, 10, 5, 44, 6, 40, 10]
[7, 26, 15, 45, 28, 40, 20, 37, 8, 20, 12, 4, 18, 25, 11]
[47, 11, 32, 12, 15, 20, 46, 4, 38, 36, 18, 12, 23, 35, 45]
[48, 8, 11, 45, 44, 21, 21, 11, 51, 22, 15, 26, 8, 36, 18]
[50, 4, 24, 11, 17, 25, 51, 8, 51, 45, 26, 45, 28, 33, 28]
[44, 35, 42, 36, 46, 20, 8, 46, 11, 26, 43, 40, 29, 40, 11]
