[23, 5, 16, 48, 9, 26, 47, 4, 24, 37, 33, 48, 52, 44, 28]
[11, 36, 46, 9, 5, 20, 15, 33, 30, 7, 40, 52, 25, 6, 37]
[7, 25, 30, 34, 41, 35, 32, 45, 28, 40, 52, 46, 11, 13, 16]
[10, 15, 48, 21, 43, 13, 45, 34, 9, 6, 27, 30, 23, 43, 32]
[52, 40, 19, 42, 17, 49, 44, 7, 40, 8, 13, 18, 40, 52, 14]
[9, 20, 49, 16, 16, 21, 14, 42, 26, 52, 26, 48, 27, 4, 42]
[20, 17, 9, 36, 19, 51, 49, 38, 8, 33, 23, 31, 11, 46, 27]
[34, 8, 20, 29, 47, 38, 24, 23, 31, 42, 50, 39, 10, 19, 35]
[46, 14, 50, 30, 33, 14, 50, 25, 20, 30, 24, 38, 20, 13, 45]
[37, 23, 14, 27, 23, 50, 8, 15, 25, 22, 11, 24, 19, 19, 31]
[10, 24, 33, 34, 15, 7, 16, 44, 47, 31, 23, 20, 49, 12, 52]
[32, 17, 23, 31, 37, 18, 42, 21, 43, 49, 49, 9, 22, 20, 47]
[35, 44, 7, 18, 29, 5, 29, 50, 22, 26, 51, 50, 32, 21, 25]
[19, 14, 10, 40, 17, 11, 29, 38, 14, 17, 39, 21, 34, 22, 8]
[36, 10, 39, 32, 10, 52, 7, 25, 50, 26, 42, 14, 6, 7, 18]
[12, 20, 21, 9, 35, 34, 22, 46, 7, 10, 38, 10, 30, 16, 21]
[8, 42, 18, 11, 39, 42, 50, 18, 29, 32, 7, 17, 9, 9, 52]
[11, 5, 18, 35, 32, 39, 51, 12, 12, 34, 30, 49, 17, 40, 44]
[24, 18, 17, 5, 32, 20, 28, 15, 23, 30, 4, 30, 38, 41, 32]
[34, 51, 24, 15, 21, 15, 35, 36, 16, 13, 11, 28, 30, 44, 33]
[18, 9, 45, 12, 44, 16, 39, 52, 52, 4, 17, 10, 31, 32, 50]
[29, 49, 47, 13, 42, 4, 7, 40, 43, 36, 30, 50, 28, 51, 36]
[15, 32, 26, 13, 42, 28, 49, 17, 32, 35, 16, 51, 24, 49, 11]
[16, 31, 31, 40, 19, 15, 13, 13, 32, 25, 6, 32, 39, 22, 24]
[51, 7, 6, 16, 45, 8, 27, 16, 24, 35, 49, 19, 40, 33, 40]
[43, 31, 10, 7, 24, 41, 47, 16, 44, 41, 25, 18, 23, 25, 17]
[9, 27, 4, 35, 12, 16, 48, 30, 5, 25, 32, 42, 42, 29, 7]
[50, 15, 43, 49, 34, 30, 43, 17, 36, 22, 6, 41, 15, 14, 50]
[14, 9, 42, 52, 40, 52, 40, 5, 25, 43, 43, 13, 36, 32, 26]
[47, 38, 38, 43, 14, 36, 45, 29, 46, 7, 18, 36, 43, 40, 39]
[50, 41, 14, 44, 16, 10, 46, 24, 51, 12, 50, 43, 19, 35, 20]
[26, 29, 41, 16, 18, 29, 25, 51, 12, 46, 29, 12, 25, 9, 23]
[37, 51, 36, 28, 31, 11, 48, 30, 13, 28, 14, 17, 4, 26, 5]
[42, 33, 32, 44, 11, 18, 5, 5, 16, 11, 31, 8, 18, 11, 46]
[13, 22, 43, 10, 15, 42, 5, 41, 37, 38, 44, 23, 33, 23, 51]
[13, 44, 46, 29, 20, 32, 51, 11, 11, 13, 41, 41, 46, 37, 33]
[6, 28, 13, 49, 4, 23, 41, 22, 34, 29, 13, 40, 28, 50, 28]
[15, 8, 32, 32, 27, 46, 18, 24, 38, 40, 28, 32, 20, 8, 43]
[40, 24, 28, 26, 26, 19, 16, 20, 19, 44, 33, 47, 12, 42, 41]
[33, 10, 37, 8, 52, 47, 34, 12, 15, 41, 38, 27, 29, 42, 36]
[40, 28, 26, 51, 36, 45, 52, 31, 39, 45, 40, 39, 29, 51, 49]
[52, 46, 24, 33, 23, 34, 44, 32, 33, 49, 14, 25, 10, 8, 9]
[33, 36, 7, 26, 28, 45, 40, 6, 5, 38, 5, 35, 13, 48, 8]
[26, 45, 34, 25, 12, 41, 24, 45, 6, 32, 44, 19, 8, 35, 37]
[31, 21, 16, 23, 6, 48, 19, 43, 17, 9, 19, 51, 26, 52, 10]
[49, 43, 15, 36, 10, 16, 38, 36, 27, 36, 46, 9, 7, 31, 6]
[49, 37, 29, 10, 30, 25, 43, 35, 9, 12, 29, 25, 17, 38, 12]
[35, 45, 51, 19, 22, 22, 34, 40, 23, 40, 37, 15, 32, 30, 35]
[36, 41, 52, 41, 43, 6, 21, 37, 41, 42, 52, 29, 51, 10, 9]
[48, 7, 40, 5, 48, 8, 33, 44, 22, 9, 36, 16, 4, 20, 39]
[25, 34, 17, 12, 46, 43, 10, 19, 27, 19, 35, 40, 6, 4, 21]
[42, 6, 44, 25, 49, 40, 11, 7, 18, 27, 24, 45, 36, 40, 29]
[6, 47, 8, 15, 8, 39, 9, 34, 28, 48, 12, 38, 42, 45, 43]
[48, 48, 31, 50, 50, 21, 21, 9, 29, 51, 20, 35, 50, 6, 40]
[38, 30, 39, 39, 7, 49, 30, 49, 16, 14, 47, 16, 34, 24, 5]
[27, 19, 21, 28, 46, 25, 40, 26, 35, 34, 46, 20, 45, 36, 41]
[51, 32, 33, 20, 30, 40, 26, 32, 35, 17, 25, 28, 7, 34, 18]
[44, 49, 45, 38, 51, 44, 16, 4, 17, 16, 45, 6, 41, 47, 48]
[5, 43, 38, 46, 36, 17, 41, 27, 45, 43, 19, 7, 47, 27, 42]
[21, 52, 40, 47, 4, 6, 33, 14, 52, 5, 32, 11, 31, 37, 20]
[22, 6, 11, 42, 38, 46, 39, 27, 18, 24, 42, 13, 44, 5, 11]
[38, 38, 9, 17, 48, 44, 23, 18, 15, 29, 17, 37, 16, 17, 22]
[4, 26, 36, 37, 37, 36, 14, 48, 51, 50, 37, 33, 9, 31, 15]
[27, 4, 27, 43, 40, 38, 4, 35, 49, 50, 48, 26, 35, 16, 40]
[16, 18, 19, 47, 27, 33, 6, 8, 42, 15, 22, 44, 24, 47, 14]
[18, 27, 11, 4, 5, 35, 31, 50, 42, 14, 36, 21, 8, 27, 7]
[4, 12, 34, 51, 8, 23, 9, 23, 10, 31, 4, 7, 5, 46, 12]
[7, 33, 5, 27, 45, 7, 28, 14, 47, 18, 10, 31, 51, 15, 38]
[20, 52, 50, 14, 13, 17, 35, 8, 8, 44, 15, 45, 12, 50, 26]
[30, 16, 51, 24, 51, 31, 36, 41, 10, 52, 45, 16, 26, 45, 29]
[39, 39, 30, 22, 20, 12, 42, 39, 38, 33, 40, 24, 22, 11, 13]
[39, 37, 25, 22, 18, 51, 15, 39, 48, 51, 15, 12, 15, 48, 51]
[46, 16, 4, 19, 29, 5, 27, 10, 31, 11, 22, 11, 39, 39, 16]
[23, 42, 49, 6, 24, 4, 30, 26, 34, 16, 7, 23, 37, 36, 10]
[40, 34, 35, 38, 50, 31, 20, 11, 49, 23, 34, 26, 33, 30, 34]
[45, 23, 35, 37, 44, 48, 12, 19, 40, 15, 21, 40, 41, 23, 27]
[41, 12, 16, 21, 7, 50, 10, 20, 46, 6, 16, 49, 50, 14, 30]
[29, 40, 22, 41, 13, 37, 4, 42, 37, 48, 28, 52, 37, 12, 17]
[41, 13, 37, 18, 31, 9, 17, 33, 19, 20, 8, 6, 52, 34, 13]
[8, 13, 41, 14, 49, 9, 20, 29, 21, 21, 31, 46, 13, 28, 6]
[47, 29, 42, 30, 52, 10, 19, 40, 20, 23, 18, 22, 35, 17, 22]
[28, 47, 25, 24, 9, 28, 37, 10, 4, 37, 26, 47, 45, 24, 46]
[30, 46, 5, 31, 28, 32, 46, 6, 41, 10, 20, 36, 44, 7, 34]
[14, 4, 6, 33, 26, 27, 18, 31, 48, 21, 12, 4, 43, 26, 49]
[28, 26, 48, 39, 47, 13, 32, 52, 13, 16, 39, 34, 14, 43, 24]
[25, 11, 22, 52, 33, 24, 11, 28, 7, 47, 21, 15, 48, 25, 19]
[31, 22, 23, 11, 41, 12, 25, 16, 11, 24, 34, 34, 38, 49, 16]
[16, 50, 12, 46, 22, 19, 17, 28, 45, 4, 5, 22, 49, 39, 25]
[19, 25, 13, 7, 35, 14, 37, 51, 44, 39, 9, 14, 27, 28, 30]
[12, 35, 8, 8, 11, 27, 6, 13, 4, 46, 16, 33, 16, 10, 23]
[43, 11, 28, 45, 16, 37, 38, 48, 40, 19, 27, 4, 5, 18, 38]
[5, 48, 15, 23, 21, 24, 26, 47, 21, 5, 51, 27, 21, 38, 47]
[32, 35, 44, 45, 34, 26, 23, 21, 14, 47, 48, 29, 16, 15, 19]
[44, 30, 47, 48, 25, 29, 31, 22, 36, 20, 8, 43, 14, 41, 4]
[22, 21, 20, 40, 25, 47, 52, 46, 33, 45, 9, 44, 48, 33, 31]
[17, 16, 52, 20, 39, 43, 12, 37, 26, 39, 47, 8, 47, 5, 4]
[24, 50, 29, 17, 6, 40, 36, 9, 39, 27, 35, 37, 46, 16, 44]
[21, 39, 40, 4, 40, 30, 8, 49, 6, 8, 41, 42, 18, 18, 48]
[45, 40, 27, 50, 14, 33, 22, 43, 30, 18, 43, 5, 40, 29, 15]
[17, 19, 12, 6, 38, 22, 13, 47, 50, 28, 10, 5, 21, 21, 45]
