[41, 37, 35, 47, 30, 48, 22, 26, 20, 31, 14, 15, 16, 19, 39]
[42, 4, 50, 17, 12, 31, 16, 29, 32, 43, 39, 29, 15, 35, 45]
[15, 11, 50, 4, 47, 16, 37, 10, 18, 4, 28, 20, 45, 51, 42]
[35, 10, 11, 43, 22, 49, 20, 31, 18, 17, 16, 42, 27, 4, 24]
[34, 4, 6, 30, 29, 43, 46, 13, 24, 14, 51, 35, 8, 21, 44]
[32, 8, 19, 47, 29, 14, 12, 10, 18, 29, 39, 19, 33, 26, 51]
[11, 42, 22, 35, 28, 41, 48, 51, 30, 8, 19, 27, 50, 9, 26]
[30, 47, 23, 41, 28, 5, 41, 46, 51, 7, 15, 24, 26, 49, 32]
[50, 33, 31, 7, 21, 49, 29, 21, 23, 44, 41, 5, 8, 20, 24]
[6, 32, 12, 12, 24, 40, 42, 22, 26, 48, 9, 47, 44, 5, 52]
[10, 15, 25, 21, 21, 31, 13, 8, 15, 28, 16, 46, 49, 45, 25]
[51, 36, 52, 18, 27, 7, 47, 40, 41, 32, 19, 7, 45, 6, 19]
[19, 23, 4, 17, 40, 46, 11, 50, 38, 14, 29, 8, 23, 38, 14]
[51, 52, 52, 27, 45, 17, 36, 36, 10, 52, 8, 45, 24, 21, 28]
[26, 43, 31, 40, 19, 32, 18, 35, 42, 21, 26, 48, 29, 33, 42]
[21, 18, 21, 42, 26, 44, 27, 50, 48, 5, 40, 18, 38, 38, 20]
[28, 50, 8, 8, 36, 6, 39, 45, 32, 21, 20, 19, 51, 15, 24]
[42, 20, 21, 26, 25, 20, 11, 12, 24, 27, 43, 12, 19, 9, 32]
[26, 11, 30, 5, 6, 21, 17, 8, 26, 8, 8, 28, 52, 31, 11]
[24, 41, 5, 10, 12, 28, 10, 6, 28, 20, 22, 32, 34, 13, 12]
[5, 42, 11, 30, 41, 36, 30, 6, 26, 4, 11, 12, 12, 9, 46]
[40, 19, 21, 35, 43, 27, 43, 30, 17, 34, 50, 29, 48, 42, 35]
[20, 7, 5, 48, 21, 48, 46, 6, 51, 42, 29, 46, 49, 40, 17]
[30, 25, 47, 52, 6, 50, 44, 4, 43, 10, 30, 34, 37, 44, 29]
[13, 48, 34, 24, 38, 52, 15, 52, 26, 33, 11, 43, 46, 8, 7]
[40, 32, 13, 4, 52, 33, 21, 29, 39, 5, 29, 14, 25, 23, 29]
[29, 39, 38, 31, 20, 22, 52, 4, 19, 17, 31, 48, 45, 46, 6]
[44, 36, 34, 21, 9, 29, 29, 6, 22, 4, 17, 40, 13, 20, 15]
[19, 24, 23, 33, 31, 50, 7, 7, 19, 15, 40, 49, 50, 43, 35]
[26, 21, 51, 13, 33, 6, 11, 27, 28, 4, 42, 28, 33, 4, 22]
[7, 46, 27, 26, 38, 4, 15, 44, 49, 48, 46, 15, 8, 5, 48]
[33, 51, 26, 29, 31, 42, 14, 43, 51, 34, 47, 52, 8, 31, 45]
[8, 35, 40, 13, 50, 36, 16, 17, 46, 14, 19, 5, 6, 42, 28]
[50, 21, 20, 51, 25, 11, 17, 19, 23, 52, 30, 34, 13, 10, 36]
[49, 12, 29, 19, 39, 26, 41, 10, 16, 21, 14, 17, 15, 47, 21]
[10, 17, 35, 34, 38, 12, 12, 33, 13, 28, 30, 51, 35, 38, 20]
[42, 29, 27, 46, 50, 34, 42, 30, 47, 34, 34, 24, 32, 5, 43]
[52, 24, 41, 16, 44, 5, 19, 6, 42, 25, 19, 37, 8, 13, 22]
[23, 44, 8, 48, 6, 25, 37, 44, 10, 36, 4, 49, 47, 26, 18]
[7, 16, 25, 23, 31, 19, 49, 6, 36, 12, 47, 33, 24, 48, 35]
[28, 23, 17, 27, 11, 43, 12, 30, 17, 16, 24, 38, 33, 38, 35]
[5, 52, 7, 46, 41, 14, 4, 5, 26, 14, 33, 27, 30, 40, 8]
[18, 28, 8, 9, 43, 44, 6, 18, 17, 44, 39, 38, 34, 8, 40]
[10, 4, 9, 32, 45, 28, 30, 8, 38, 27, 47, 31, 42, 34, 19]
[24, 33, 43, 32, 8, 42, 22, 52, 22, 51, 40, 38, 44, 4, 30]
[4, 19, 45, 37, 23, 37, 40, 18, 8, 8, 6, 50, 24, 32, 7]
[37, 38, 35, 50, 5, 19, 49, 41, 38, 51, 10, 30, 44, 16, 7]
[32, 25, 11, 28, 38, 40, 28, 37, 49, 50, 41, 18, 32, 41, 14]
[19, 51, 5, 19, 24, 13, 29, 14, 19, 28, 17, 8, 19, 36, 25]
[12, 12, 16, 38, 14, 48, 12, 19, 17, 47, 51, 43, 9, 35, 30]
[49, 16, 28, 51, 17, 17, 38, 26, 16, 41, 11, 23, 14, 44, 41]
[34, 46, 10, 20, 36, 37, 39, 44, 35, 48, 44, 38, 21, 29, 43]
[46, 23, 17, 23, 19, 50, 45, 16, 27, 25, 26, 30, 45, 32, 47]
[21, 21, 33, 36, 20, 39, 4, 35, 14, 21, 15, 30, 13, 44, 37]
[21, 18, 7, 22, 33, 23, 37, 10, 10, 14, 7, 16, 10, 30, 31]
[14, 41, 29, 42, 24, 6, 50, 34, 28, 16, 19, 45, 12, 50, 44]
[29, 32, 49, 26, 35, 44, 23, 16, 26, 14, 36, 11, 24, 24, 33]
[48, 51, 43, 35, 30, 15, 29, 11, 38, 4, 7, 13, 4, 30, 48]
[41, 14, 40, 27, 22, 37, 33, 46, 36, 41, 23, 9, 35, 6, 26]
[42, 45, 28, 51, 11, 35, 24, 34, 42, 7, 13, 14, 33, 32, 8]
[34, 27, 48, 22, 45, 28, 37, 4, 7, 11, 41, 44, 7, 27, 12]
[8, 24, 44, 51, 21, 28, 45, 24, 31, 18, 7, 34, 22, 9, 26]
[41, 39, 51, 42, 32, 45, 9, 34, 11, 42, 9, 32, 41, 11, 12]
[22, 9, 25, 11, 31, 21, 10, 39, 29, 27, 20, 43, 33, 21, 26]
[37, 26, 23, 11, 29, 27, 31, 20, 28, 31, 35, 6, 50, 47, 50]
[5, 48, 30, 52, 26, 8, 28, 45, 46, 22, 24, 51, 28, 18, 50]
[13, 24, 44, 49, 14, 16, 17, 22, 37, 23, 52, 46, 16, 41, 51]
[49, 50, 45, 18, 23, 15, 38, 23, 7, 7, 38, 21, 20, 10, 18]
[6, 19, 35, 20, 25, 22, 51, 40, 39, 51, 33, 17, 29, 18, 17]
[36, 13, 29, 21, 33, 45, 37, 11, 11, 46, 17, 39, 51, 39, 52]
[27, 30, 6, 51, 35, 26, 43, 33, 21, 38, 5, 22, 23, 12, 10]
[22, 20, 34, 29, 51, 40, 46, 17, 49, 16, 50, 6, 12, 43, 52]
[51, 51, 42, 30, 52, 11, 48, 14, 10, 22, 35, 44, 11, 36, 10]
[50, 5, 17, 42, 40, 41, 8, 19, 24, 5, 41, 50, 23, 42, 13]
[37, 11, 12, 34, 5, 9, 38, 13, 15, 35, 13, 40, 19, 38, 28]
[28, 12, 41, 30, 50, 35, 50, 16, 13, 11, 11, 10, 5, 29, 16]
[39, 41, 20, 10, 8, 25, 5, 52, 33, 26, 41, 5, 5, 24, 52]
[9, 10, 23, 9, 32, 13, 13, 26, 31, 40, 32, 27, 21, 9, 18]
[39, 21, 27, 24, 5, 31, 49, 20, 52, 26, 18, 44, 43, 42, 39]
[31, 34, 40, 10, 22, 42, 5, 25, 23, 34, 23, 21, 37, 17, 52]
[8, 52, 15, 44, 6, 14, 50, 11, 5, 47, 20, 19, 9, 50, 16]
[31, 50, 40, 10, 4, 26, 38, 38, 31, 30, 27, 44, 25, 34, 21]
[11, 44, 6, 29, 38, 44, 24, 31, 36, 42, 33, 12, 52, 43, 37]
[34, 48, 4, 44, 42, 50, 31, 29, 26, 47, 39, 10, 23, 50, 8]
[17, 20, 22, 32, 35, 41, 45, 33, 9, 42, 27, 50, 23, 39, 10]
[43, 44, 31, 15, 45, 5, 28, 50, 52, 13, 20, 14, 18, 14, 50]
[48, 32, 20, 52, 35, 45, 43, 50, 42, 25, 46, 14, 14, 38, 47]
[24, 5, 47, 11, 21, 12, 10, 49, 29, 45, 29, 39, 39, 33, 12]
[43, 34, 5, 19, 25, 19, 18, 5, 37, 21, 31, 17, 13, 27, 26]
[21, 36, 17, 27, 19, 13, 52, 19, 25, 34, 51, 45, 51, 45, 29]
[5, 43, 44, 32, 38, 43, 42, 50, 15, 50, 6, 33, 4, 6, 48]
[9, 19, 18, 12, 46, 21, 52, 24, 34, 5, 19, 24, 12, 33, 30]
[25, 37, 16, 28, 48, 31, 25, 14, 52, 46, 26, 18, 33, 30, 49]
[15, 5, 31, 4, 41, 10, 14, 44, 4, 28, 31, 43, 12, 22, 46]
[19, 28, 51, 9, 13, 37, 25, 4, 15, 26, 4, 9, 46, 18, 9]
[29, 29, 18, 18, 34, 25, 28, 20, 34, 7, 20, 41, 12, 43, 44]
[6, 31, 35, 39, 35, 13, 42, 38, 21, 49, 41, 25, 38, 32, 6]
[17, 16, 5, 34, 34, 45, 49, 32, 12, 24, 23, 49, 40, 9, 4]
[39, 39, 47, 9, 4, 18, 15, 36, 50, 50, 21, 45, 19, 33, 11]
[5, 17, 21, 48, 17, 22, 27, 11, 36, 44, 30, 31, 10, 30, 30]
[36, 45, 13, 43, 50, 32, 12, 11, 13, 34, 38, 52, 43, 12, 49]
[35, 14, 15, 15, 12, 44, 8, 16, 49, 14, 18, 4, 5, 8, 38]
[39, 50, 19, 47, 33, 15, 19, 14, 45, 23, 31, 21, 45, 36, 6]
[35, 43, 22, 40, 43, 17, 18, 36, 17, 48, 28, 26, 4, 38, 30]
[6, 35, 50, 8, 37, 52, 33, 47, 44, 42, 42, 13, 7, 44, 36]
[42, 37, 5, 10, 8, 45, 39, 39, 32, 36, 42, 16, 50, 15, 15]
[50, 25, 16, 36, 21, 11, 22, 10, 23, 15, 28, 22, 32, 6, 23]
[29, 46, 18, 16, 4, 28, 20, 40, 24, 44, 52, 10, 42, 14, 40]
[46, 49, 23, 7, 42, 31, 9, 16, 40, 13, 44, 35, 45, 18, 13]
[4, 10, 52, 50, 15, 36, 9, 43, 30, 38, 41, 45, 27, 48, 16]
[20, 23, 30, 32, 17, 30, 8, 28, 47, 22, 35, 15, 40, 18, 24]
[13, 41, 32, 25, 14, 36, 35, 6, 28, 15, 50, 27, 20, 18, 47]
[23, 27, 29, 28, 47, 35, 27, 30, 46, 6, 48, 37, 4, 41, 40]
[42, 7, 27, 42, 29, 47, 15, 38, 18, 12, 47, 28, 21, 47, 12]
[16, 24, 37, 50, 33, 52, 9, 5, 4, 16, 17, 32, 32, 12, 50]
[52, 25, 24, 22, 39, 33, 14, 7, 26, 33, 32, 52, 50, 29, 34]
[6, 28, 16, 8, 10, 28, 26, 51, 27, 41, 42, 29, 17, 44, 46]
[47, 29, 50, 40, 12, 12, 47, 36, 44, 18, 44, 10, 32, 32, 42]
[31, 31, 25, 43, 36, 38, 11, 32, 4, 42, 52, 12, 4, 38, 20]
[9, 7, 28, 45, 17, 5, 34, 31, 14, 30, 48, 5, 52, 40, 25]
[31, 17, 28, 14, 15, 48, 36, 42, 16, 26, 5, 38, 21, 10, 39]
[27, 14, 34, 26, 28, 23, 50, 51, 19, 5, 47, 41, 46, 6, 5]
[21, 15, 48, 52, 22, 14, 42, 52, 8, 38, 49, 8, 44, 39, 38]
[26, 38, 36, 52, 20, 30, 20, 8, 51, 32, 33, 25, 46, 27, 10]
[27, 7, 36, 49, 49, 28, 14, 32, 23, 50, 32, 20, 44, 40, 37]
[25, 21, 5, 32, 30, 14, 6, 51, 7, 49, 38, 50, 18, 46, 23]
[36, 33, 38, 21, 42, 48, 51, 14, 38, 16, 14, 46, 27, 8, 44]
[13, 33, 48, 45, 39, 23, 50, 31, 37, 42, 26, 47, 45, 15, 20]
[44, 18, 30, 12, 42, 43, 31, 14, 11, 26, 5, 11, 30, 15, 37]
[42, 6, 24, 22, 14, 51, 32, 43, 35, 9, 25, 18, 29, 50, 34]
[48, 26, 22, 49, 13, 33, 26, 51, 36, 39, 28, 39, 47, 28, 27]
[37, 30, 39, 12, 4, 12, 22, 14, 51, 37, 36, 11, 6, 12, 43]
[45, 18, 17, 19, 6, 48, 49, 10, 9, 37, 14, 36, 25, 50, 33]
[31, 30, 7, 34, 11, 4, 38, 14, 23, 6, 29, 6, 31, 5, 26]
[7, 31, 44, 14, 32, 16, 30, 23, 14, 48, 5, 11, 25, 41, 7]
[25, 22, 20, 10, 36, 17, 46, 51, 25, 11, 51, 21, 38, 35, 27]
[32, 26, 38, 10, 38, 20, 32, 39, 52, 43, 23, 41, 34, 19, 34]
[27, 43, 7, 31, 28, 9, 50, 36, 49, 15, 34, 6, 48, 43, 7]
[11, 13, 10, 47, 10, 23, 24, 45, 45, 24, 10, 40, 39, 36, 27]
[51, 20, 14, 33, 23, 41, 43, 26, 33, 29, 28, 7, 20, 25, 45]
[45, 49, 44, 21, 36, 25, 39, 42, 16, 30, 4, 25, 14, 8, 32]
[12, 5, 19, 25, 41, 40, 22, 25, 12, 8, 44, 8, 12, 21, 15]
[6, 12, 21, 6, 26, 32, 19, 48, 39, 9, 36, 41, 10, 9, 47]
[19, 7, 4, 35, 37, 42, 10, 4, 46, 28, 20, 11, 18, 50, 40]
[27, 23, 6, 14, 20, 13, 27, 34, 43, 6, 49, 25, 39, 50, 25]
[40, 50, 10, 36, 51, 34, 36, 7, 21, 50, 21, 28, 27, 7, 34]
[47, 14, 16, 23, 4, 40, 26, 35, 46, 42, 26, 25, 20, 7, 21]
[51, 51, 24, 29, 50, 30, 29, 35, 49, 45, 25, 51, 39, 22, 12]
[17, 20, 42, 46, 46, 38, 46, 18, 20, 47, 5, 7, 7, 5, 46]
[27, 6, 32, 47, 15, 19, 6, 9, 6, 12, 22, 9, 29, 21, 7]
[44, 33, 12, 49, 13, 10, 51, 22, 40, 18, 7, 50, 51, 13, 42]
[30, 17, 8, 9, 47, 11, 9, 21, 13, 30, 6, 16, 24, 52, 52]
[30, 29, 11, 38, 26, 13, 18, 13, 17, 24, 21, 34, 29, 24, 40]
[51, 6, 11, 34, 51, 25, 37, 32, 33, 13, 16, 23, 24, 45, 36]
[10, 9, 52, 40, 47, 24, 7, 34, 45, 8, 17, 43, 24, 42, 19]
[4, 33, 27, 12, 19, 37, 16, 49, 45, 38, 9, 30, 30, 44, 15]
[19, 27, 22, 35, 42, 20, 18, 38, 29, 8, 47, 19, 35, 13, 10]
[46, 35, 4, 29, 30, 13, 44, 25, 20, 45, 16, 24, 52, 52, 46]
[27, 21, 42, 13, 25, 7, 33, 50, 22, 45, 48, 35, 23, 22, 32]
[21, 45, 39, 46, 18, 24, 38, 39, 31, 32, 21, 19, 9, 51, 39]
[6, 52, 24, 35, 24, 11, 36, 18, 27, 25, 27, 31, 39, 42, 35]
[17, 39, 43, 22, 7, 21, 16, 16, 26, 30, 36, 43, 16, 33, 14]
[12, 35, 13, 37, 40, 10, 41, 31, 8, 47, 32, 7, 52, 11, 17]
[7, 24, 9, 48, 31, 46, 20, 23, 34, 19, 6, 24, 21, 32, 27]
[4, 8, 23, 15, 51, 27, 35, 44, 27, 45, 32, 19, 22, 19, 15]
[28, 46, 4, 41, 7, 20, 25, 12, 38, 35, 12, 43, 29, 16, 31]
[9, 9, 40, 11, 18, 8, 49, 19, 13, 6, 15, 31, 43, 13, 44]
[9, 36, 18, 30, 5, 49, 39, 44, 50, 9, 21, 20, 14, 29, 50]
[16, 51, 7, 30, 44, 10, 20, 36, 6, 45, 26, 6, 30, 12, 20]
[39, 5, 40, 29, 20, 24, 14, 49, 47, 39, 22, 42, 15, 37, 6]
[16, 30, 27, 18, 41, 40, 21, 30, 11, 23, 19, 6, 34, 39, 16]
[40, 26, 19, 35, 52, 19, 30, 50, 13, 29, 6, 34, 52, 18, 25]
[5, 10, 48, 39, 47, 38, 16, 26, 32, 29, 38, 22, 19, 32, 31]
[8, 15, 27, 26, 32, 15, 23, 32, 43, 12, 7, 49, 4, 48, 9]
[40, 45, 15, 11, 23, 49, 37, 35, 45, 32, 24, 51, 7, 14, 45]
[49, 18, 45, 10, 13, 27, 7, 23, 41, 37, 24, 35, 23, 48, 6]
[24, 25, 39, 24, 34, 6, 48, 9, 25, 18, 4, 20, 14, 46, 13]
[16, 30, 44, 40, 12, 36, 46, 35, 42, 41, 37, 42, 15, 51, 7]
[21, 10, 17, 12, 10, 5, 26, 32, 25, 22, 45, 12, 49, 30, 24]
[12, 36, 50, 47, 15, 45, 42, 48, 35, 40, 35, 21, 41, 42, 6]
[46, 17, 4, 21, 49, 39, 6, 41, 17, 24, 42, 21, 7, 43, 44]
[13, 42, 20, 26, 40, 33, 25, 22, 30, 49, 27, 37, 23, 24, 33]
[32, 34, 29, 50, 34, 35, 50, 32, 41, 51, 28, 49, 43, 24, 32]
[38, 43, 31, 5, 47, 4, 48, 48, 12, 41, 22, 37, 37, 36, 35]
[45, 5, 42, 24, 32, 35, 48, 9, 37, 51, 29, 50, 35, 38, 29]
[20, 43, 43, 44, 36, 41, 32, 24, 44, 28, 5, 27, 40, 49, 22]
[31, 31, 27, 9, 8, 22, 26, 10, 32, 15, 20, 29, 25, 10, 47]
[41, 34, 31, 31, 25, 20, 40, 26, 32, 40, 14, 38, 24, 46, 8]
[43, 46, 36, 43, 43, 16, 51, 17, 44, 49, 36, 5, 35, 15, 9]
[10, 50, 22, 17, 29, 51, 40, 18, 25, 19, 36, 48, 31, 31, 40]
[13, 20, 35, 5, 22, 44, 4, 40, 10, 46, 13, 20, 8, 34, 25]
[31, 4, 19, 33, 44, 26, 9, 5, 8, 50, 20, 47, 15, 37, 31]
[9, 40, 35, 18, 17, 25, 21, 20, 29, 30, 46, 11, 36, 13, 26]
[6, 8, 30, 27, 31, 35, 25, 24, 16, 41, 44, 46, 52, 43, 31]
[48, 13, 52, 43, 27, 50, 8, 11, 18, 40, 4, 6, 43, 49, 46]
[41, 8, 21, 46, 49, 30, 4, 21, 35, 7, 33, 14, 4, 31, 50]
[17, 28, 6, 24, 16, 41, 8, 44, 27, 4, 8, 33, 21, 14, 45]
[46, 39, 20, 38, 48, 42, 40, 40, 52, 6, 47, 49, 9, 52, 49]
[45, 9, 49, 29, 19, 18, 5, 5, 37, 46, 45, 35, 8, 7, 31]
[13, 11, 18, 25, 52, 50, 45, 26, 33, 18, 33, 39, 15, 43, 37]
[14, 42, 13, 45, 20, 8, 52, 37, 31, 9, 41, 13, 22, 20, 43]
[5, 8, 27, 51, 27, 20, 36, 24, 14, 38, 37, 41, 50, 28, 4]
[33, 22, 20, 4, 28, 34, 24, 52, 23, 16, 18, 7, 34, 44, 27]
[23, 47, 48, 15, 13, 32, 31, 30, 14, 12, 9, 42, 45, 27, 15]
[45, 8, 38, 9, 11, 47, 50, 41, 24, 5, 39, 22, 27, 6, 14]
[6, 11, 40, 40, 34, 46, 35, 39, 19, 27, 49, 7, 46, 47, 34]
[38, 38, 21, 16, 15, 10, 45, 17, 20, 36, 45, 42, 37, 44, 29]
[39, 47, 9, 10, 32, 37, 32, 21, 16, 48, 44, 31, 11, 47, 17]
[20, 34, 11, 42, 14, 28, 12, 8, 11, 28, 25, 28, 36, 25, 40]
[18, 5, 42, 18, 23, 32, 16, 51, 39, 21, 22, 23, 48, 15, 13]
[32, 48, 6, 23, 8, 34, 27, 45, 22, 26, 50, 39, 20, 14, 23]
[37, 47, 7, 50, 10, 21, 11, 48, 22, 12, 42, 23, 22, 6, 18]
[50, 37, 21, 23, 45, 39, 19, 42, 40, 24, 4, 29, 34, 46, 48]
[11, 17, 45, 45, 17, 43, 34, 41, 47, 23, 13, 21, 13, 46, 33]
[11, 6, 28, 21, 43, 33, 36, 19, 19, 39, 26, 17, 32, 37, 12]
[36, 50, 41, 15, 48, 27, 42, 28, 42, 40, 12, 6, 7, 11, 37]
[33, 5, 20, 28, 20, 47, 11, 9, 15, 45, 6, 9, 16, 51, 26]
[35, 18, 49, 4, 39, 47, 21, 43, 29, 25, 39, 48, 9, 36, 44]
[10, 47, 15, 14, 11, 19, 38, 20, 30, 35, 34, 49, 50, 16, 11]
[45, 18, 24, 22, 18, 18, 44, 26, 39, 14, 48, 16, 11, 4, 41]
[12, 20, 26, 30, 17, 37, 27, 11, 51, 35, 31, 5, 49, 40, 15]
[23, 35, 32, 12, 21, 26, 35, 12, 45, 35, 40, 16, 50, 45, 39]
[41, 10, 16, 13, 16, 38, 44, 24, 19, 13, 14, 36, 51, 50, 32]
[38, 30, 26, 15, 35, 41, 24, 22, 48, 31, 28, 36, 7, 21, 47]
[52, 16, 26, 37, 45, 51, 47, 47, 13, 5, 51, 28, 37, 30, 33]
[38, 34, 7, 50, 37, 16, 23, 46, 4, 39, 46, 30, 26, 19, 21]
[15, 13, 12, 19, 46, 29, 23, 17, 31, 38, 11, 30, 34, 20, 11]
[37, 22, 9, 31, 28, 30, 11, 18, 21, 8, 30, 10, 31, 42, 9]
[8, 22, 29, 23, 13, 32, 29, 20, 33, 24, 8, 52, 18, 24, 19]
[40, 29, 46, 27, 24, 44, 19, 4, 49, 47, 36, 49, 19, 49, 38]
[25, 35, 44, 27, 39, 50, 14, 50, 40, 23, 15, 48, 10, 41, 42]
[9, 39, 34, 10, 13, 20, 24, 18, 16, 24, 10, 13, 6, 40, 25]
[23, 8, 11, 28, 4, 31, 44, 44, 14, 33, 20, 41, 35, 15, 4]
[44, 51, 40, 5, 15, 15, 31, 20, 13, 32, 27, 26, 40, 8, 23]
[30, 28, 9, 44, 18, 23, 26, 11, 6, 45, 28, 23, 9, 27, 35]
[52, 26, 38, 31, 29, 19, 29, 29, 34, 32, 50, 52, 36, 40, 35]
[13, 25, 43, 52, 17, 39, 52, 51, 5, 47, 49, 36, 47, 35, 13]
[13, 13, 29, 32, 12, 45, 11, 15, 39, 33, 37, 6, 8, 39, 31]
[36, 36, 50, 37, 5, 27, 27, 43, 8, 52, 51, 8, 18, 28, 52]
[22, 49, 33, 24, 47, 39, 29, 43, 10, 39, 24, 7, 9, 37, 5]
[18, 47, 47, 43, 43, 6, 13, 25, 20, 26, 16, 4, 22, 7, 22]
[37, 33, 46, 33, 9, 37, 8, 47, 50, 44, 30, 31, 10, 47, 39]
[38, 26, 40, 39, 46, 37, 19, 45, 5, 49, 45, 4, 31, 44, 44]
[45, 31, 28, 48, 40, 14, 33, 40, 40, 43, 42, 9, 35, 34, 41]
[23, 50, 50, 50, 6, 11, 21, 33, 27, 45, 40, 18, 37, 32, 22]
[17, 30, 31, 21, 35, 28, 30, 46, 44, 51, 44, 21, 8, 6, 38]
[43, 11, 52, 11, 16, 7, 17, 31, 21, 27, 45, 20, 6, 5, 46]
[18, 48, 4, 36, 33, 12, 6, 28, 50, 30, 51, 8, 20, 26, 18]
[17, 48, 10, 34, 45, 50, 51, 38, 30, 12, 16, 48, 9, 22, 48]
[8, 36, 29, 17, 51, 49, 4, 8, 30, 31, 36, 16, 46, 51, 18]
[26, 26, 29, 16, 20, 20, 20, 5, 30, 21, 30, 12, 44, 29, 7]
[11, 22, 31, 15, 30, 35, 10, 30, 22, 26, 43, 21, 45, 12, 5]
[28, 26, 38, 31, 29, 39, 21, 42, 4, 13, 8, 36, 31, 27, 5]
[22, 45, 39, 13, 25, 50, 23, 25, 49, 25, 21, 26, 18, 5, 32]
[15, 16, 42, 28, 46, 39, 34, 27, 24, 36, 47, 19, 30, 18, 23]
[18, 31, 37, 21, 26, 23, 7, 15, 52, 32, 37, 52, 44, 27, 17]
[36, 44, 27, 20, 22, 46, 13, 41, 7, 34, 48, 41, 4, 12, 42]
[17, 40, 46, 16, 39, 12, 6, 14, 32, 20, 13, 4, 12, 40, 8]
[42, 12, 33, 6, 18, 19, 6, 13, 34, 17, 35, 4, 42, 7, 16]
[35, 7, 15, 48, 33, 46, 11, 32, 6, 22, 24, 17, 36, 16, 28]
[41, 6, 16, 7, 14, 17, 51, 7, 18, 24, 13, 13, 24, 26, 14]
[40, 43, 25, 11, 46, 32, 34, 6, 44, 17, 26, 29, 42, 28, 47]
[52, 18, 33, 28, 27, 18, 8, 12, 22, 38, 12, 40, 17, 52, 27]
[25, 25, 52, 25, 33, 11, 5, 27, 21, 38, 36, 27, 41, 33, 16]
[14, 33, 16, 42, 47, 21, 41, 40, 9, 40, 23, 10, 18, 23, 45]
[29, 11, 46, 13, 19, 44, 34, 43, 35, 19, 37, 33, 12, 52, 19]
[33, 29, 28, 39, 24, 12, 35, 41, 20, 20, 5, 26, 39, 11, 25]
[4, 10, 18, 49, 10, 40, 4, 21, 5, 6, 9, 51, 31, 30, 5]
[47, 42, 22, 5, 23, 24, 27, 39, 52, 22, 40, 43, 39, 39, 16]
[44, 33, 13, 37, 34, 34, 45, 5, 39, 23, 10, 43, 37, 7, 51]
[46, 20, 45, 17, 40, 25, 42, 5, 41, 48, 48, 19, 6, 23, 27]
[41, 32, 17, 37, 29, 43, 42, 27, 8, 4, 7, 8, 35, 17, 23]
[14, 4, 28, 38, 46, 5, 41, 48, 5, 49, 10, 49, 38, 10, 49]
[19, 15, 12, 49, 23, 41, 46, 19, 37, 7, 25, 34, 15, 5, 52]
[27, 21, 30, 7, 45, 8, 33, 49, 48, 11, 42, 38, 24, 49, 39]
[14, 47, 52, 29, 4, 24, 43, 26, 50, 23, 34, 17, 45, 11, 29]
[42, 45, 48, 46, 27, 10, 33, 21, 46, 4, 18, 44, 32, 10, 33]
[38, 11, 49, 41, 49, 39, 40, 35, 10, 24, 51, 18, 22, 37, 48]
[14, 5, 18, 41, 18, 15, 17, 28, 41, 49, 40, 7, 17, 34, 49]
[12, 6, 47, 33, 27, 34, 52, 11, 50, 6, 28, 27, 52, 42, 6]
[34, 11, 35, 7, 19, 9, 22, 42, 11, 42, 41, 47, 49, 45, 35]
[28, 9, 35, 37, 39, 27, 22, 29, 42, 10, 12, 45, 29, 47, 11]
[48, 23, 15, 34, 15, 46, 6, 13, 9, 13, 7, 19, 34, 46, 13]
[35, 8, 34, 23, 31, 41, 39, 4, 14, 33, 26, 45, 25, 11, 13]
[9, 19, 30, 8, 30, 30, 6, 22, 12, 16, 36, 33, 16, 32, 49]
[18, 46, 37, 18, 16, 47, 41, 38, 24, 29, 34, 26, 16, 45, 29]
[40, 12, 16, 27, 12, 6, 11, 8, 18, 44, 32, 22, 40, 5, 43]
[16, 40, 36, 24, 44, 9, 40, 12, 5, 6, 34, 35, 49, 8, 45]
[51, 37, 23, 32, 37, 33, 20, 45, 6, 20, 40, 33, 41, 14, 8]
[17, 41, 49, 20, 35, 9, 47, 13, 28, 37, 25, 31, 35, 12, 17]
[11, 21, 41, 26, 9, 5, 22, 21, 40, 48, 33, 22, 26, 14, 13]
[44, 17, 51, 32, 21, 39, 42, 16, 33, 19, 35, 48, 40, 21, 36]
[45, 42, 11, 25, 44, 9, 46, 38, 21, 36, 6, 9, 14, 17, 21]
[47, 23, 9, 33, 28, 17, 36, 25, 23, 52, 10, 9, 21, 12, 20]
[41, 50, 11, 36, 5, 23, 26, 12, 13, 32, 49, 14, 27, 26, 45]
[36, 13, 12, 45, 13, 12, 45, 37, 14, 19, 50, 8, 47, 14, 36]
[20, 42, 32, 40, 43, 20, 13, 49, 37, 8, 26, 22, 40, 49, 27]
[48, 46, 24, 8, 42, 17, 19, 32, 36, 35, 27, 10, 52, 46, 28]
[15, 24, 36, 14, 39, 4, 39, 13, 52, 13, 51, 31, 43, 20, 13]
[44, 23, 33, 39, 21, 18, 8, 37, 45, 17, 13, 11, 49, 31, 16]
[47, 34, 22, 30, 27, 47, 15, 14, 6, 19, 9, 20, 26, 40, 51]
[26, 19, 15, 46, 40, 45, 40, 48, 51, 33, 15, 37, 46, 50, 43]
[30, 43, 34, 36, 48, 46, 4, 31, 43, 9, 48, 41, 13, 48, 22]
[50, 30, 8, 16, 18, 22, 26, 7, 30, 11, 10, 16, 25, 22, 10]
[36, 40, 46, 24, 14, 25, 7, 35, 32, 49, 12, 39, 26, 17, 42]
[6, 51, 26, 16, 37, 21, 5, 51, 39, 25, 35, 37, 31, 10, 50]
[51, 29, 48, 42, 36, 42, 7, 46, 36, 19, 25, 36, 48, 6, 46]
[10, 34, 40, 26, 45, 26, 46, 13, 29, 28, 5, 33, 14, 29, 15]
[8, 47, 13, 11, 5, 36, 35, 7, 50, 49, 52, 27, 11, 10, 9]
[34, 34, 19, 43, 46, 18, 22, 10, 19, 13, 27, 11, 26, 11, 33]
[30, 28, 37, 37, 8, 6, 18, 18, 50, 35, 6, 40, 51, 34, 49]
[49, 49, 36, 25, 32, 32, 31, 24, 15, 33, 40, 29, 20, 34, 37]
[46, 27, 18, 27, 43, 37, 32, 37, 41, 11, 8, 51, 36, 45, 39]
[49, 32, 48, 48, 30, 30, 35, 30, 18, 27, 12, 38, 51, 39, 41]
[11, 16, 13, 14, 36, 51, 44, 15, 6, 10, 43, 44, 43, 17, 9]
[4, 21, 51, 9, 11, 34, 5, 52, 29, 25, 34, 42, 45, 24, 5]
[7, 10, 14, 36, 11, 27, 44, 10, 22, 12, 21, 45, 47, 47, 14]
[32, 14, 44, 49, 22, 4, 27, 50, 12, 45, 9, 6, 47, 5, 23]
[33, 14, 15, 47, 44, 16, 9, 45, 38, 27, 45, 36, 5, 19, 23]
[25, 52, 20, 20, 6, 42, 39, 48, 7, 34, 21, 35, 11, 28, 11]
[14, 19, 11, 38, 22, 52, 32, 4, 41, 7, 35, 43, 36, 46, 22]
[28, 44, 19, 44, 16, 15, 50, 43, 10, 11, 41, 28, 28, 12, 9]
[9, 28, 42, 4, 52, 15, 16, 47, 11, 52, 19, 12, 28, 9, 18]
[5, 39, 14, 17, 39, 30, 43, 39, 4, 47, 52, 24, 11, 16, 44]
[50, 26, 35, 18, 10, 28, 43, 39, 24, 6, 25, 7, 41, 19, 32]
[27, 40, 14, 47, 26, 10, 28, 21, 33, 25, 22, 49, 4, 29, 14]
[47, 23, 26, 25, 7, 40, 12, 34, 34, 52, 37, 36, 20, 4, 21]
[8, 49, 38, 26, 50, 52, 31, 29, 51, 18, 22, 25, 5, 41, 31]
[45, 24, 19, 50, 51, 25, 14, 35, 7, 51, 45, 8, 26, 14, 30]
[22, 14, 19, 8, 20, 21, 6, 17, 26, 36, 16, 23, 6, 28, 17]
[43, 17, 48, 51, 24, 7, 17, 43, 44, 41, 11, 30, 40, 38, 24]
[22, 21, 6, 33, 52, 36, 30, 20, 40, 29, 31, 34, 23, 49, 40]
[18, 30, 39, 41, 44, 29, 43, 47, 29, 15, 45, 34, 11, 16, 26]
[31, 7, 34, 7, 11, 26, 12, 48, 15, 41, 15, 51, 17, 35, 33]
[52, 14, 41, 5, 11, 29, 17, 26, 22, 15, 7, 14, 39, 9, 28]
[24, 45, 35, 6, 50, 52, 48, 37, 20, 11, 24, 23, 48, 22, 28]
[15, 43, 10, 19, 27, 7, 33, 15, 12, 36, 28, 39, 21, 39, 18]
[21, 12, 8, 45, 7, 4, 12, 46, 12, 17, 7, 18, 22, 43, 38]
[32, 23, 39, 8, 22, 20, 34, 48, 48, 20, 13, 35, 22, 18, 50]
[50, 37, 42, 49, 11, 17, 23, 33, 6, 32, 19, 13, 17, 31, 28]
[8, 52, 39, 20, 35, 16, 34, 28, 15, 26, 12, 52, 40, 45, 45]
[48, 52, 47, 20, 44, 8, 47, 40, 16, 9, 15, 37, 48, 51, 49]
[51, 39, 46, 9, 36, 21, 52, 52, 16, 42, 50, 19, 17, 19, 28]
[28, 40, 6, 24, 45, 9, 45, 27, 32, 5, 23, 16, 28, 33, 22]
[16, 43, 42, 7, 50, 14, 12, 9, 47, 21, 31, 35, 42, 21, 22]
[29, 14, 43, 39, 13, 24, 9, 35, 25, 43, 49, 5, 30, 39, 12]
[14, 15, 52, 40, 6, 21, 20, 44, 40, 11, 24, 16, 19, 52, 5]
[39, 48, 26, 28, 37, 7, 47, 22, 25, 39, 37, 48, 5, 21, 8]
[13, 46, 6, 21, 18, 36, 7, 27, 47, 44, 49, 17, 47, 23, 46]
[9, 40, 9, 6, 5, 43, 7, 6, 9, 45, 33, 24, 25, 26, 29]
[49, 20, 22, 17, 37, 7, 20, 28, 51, 11, 8, 25, 13, 34, 26]
[18, 48, 49, 6, 51, 16, 39, 15, 6, 44, 30, 48, 10, 17, 26]
[49, 24, 25, 46, 50, 8, 16, 38, 35, 46, 13, 41, 18, 52, 19]
[48, 17, 38, 6, 16, 42, 10, 47, 35, 41, 38, 30, 23, 35, 19]
[18, 16, 49, 9, 51, 31, 40, 6, 38, 36, 9, 10, 16, 18, 32]
[47, 44, 28, 39, 6, 36, 25, 34, 13, 50, 43, 27, 26, 11, 12]
[4, 11, 49, 17, 7, 18, 10, 19, 38, 33, 44, 33, 5, 25, 17]
[36, 13, 37, 6, 4, 9, 35, 27, 45, 7, 16, 15, 47, 51, 8]
[23, 42, 37, 42, 49, 6, 29, 46, 47, 18, 17, 29, 18, 40, 33]
[52, 19, 32, 38, 50, 34, 37, 11, 47, 40, 31, 15, 49, 27, 38]
[35, 17, 18, 16, 42, 31, 26, 12, 29, 47, 29, 37, 48, 30, 41]
[4, 50, 33, 40, 25, 23, 11, 44, 48, 23, 29, 14, 42, 17, 47]
[48, 52, 46, 37, 40, 32, 24, 39, 25, 8, 5, 40, 44, 21, 47]
[19, 7, 37, 46, 9, 4, 19, 25, 11, 50, 43, 4, 6, 8, 14]
[16, 42, 8, 43, 30, 23, 21, 47, 46, 19, 33, 45, 40, 25, 4]
[31, 49, 13, 31, 16, 24, 4, 38, 11, 15, 52, 9, 8, 17, 13]
[50, 48, 10, 4, 49, 48, 24, 49, 48, 27, 45, 17, 26, 23, 7]
[41, 7, 34, 16, 5, 49, 35, 39, 32, 52, 46, 46, 48, 30, 35]
[20, 37, 51, 8, 10, 26, 36, 40, 44, 35, 21, 22, 42, 15, 11]
[12, 45, 8, 41, 49, 36, 8, 12, 30, 15, 34, 23, 33, 27, 6]
[32, 44, 23, 20, 37, 33, 21, 23, 33, 17, 11, 16, 4, 9, 41]
[34, 37, 49, 4, 52, 33, 23, 15, 6, 39, 38, 15, 14, 19, 38]
[21, 33, 43, 5, 33, 5, 35, 27, 4, 29, 49, 39, 11, 43, 20]
[37, 10, 14, 11, 10, 27, 16, 41, 14, 43, 6, 22, 46, 16, 11]
[23, 42, 31, 52, 42, 25, 13, 37, 7, 23, 50, 48, 36, 24, 30]
[27, 27, 33, 33, 16, 22, 46, 28, 20, 10, 35, 40, 31, 50, 40]
[19, 8, 34, 35, 32, 12, 38, 46, 44, 22, 52, 26, 13, 49, 34]
[7, 27, 33, 44, 41, 47, 16, 50, 31, 15, 4, 10, 14, 51, 50]
[35, 6, 47, 48, 24, 10, 10, 23, 27, 37, 50, 52, 29, 23, 40]
[22, 12, 15, 44, 21, 29, 30, 16, 39, 10, 37, 23, 17, 25, 19]
[44, 44, 33, 51, 9, 14, 32, 42, 12, 13, 18, 4, 10, 13, 5]
[14, 8, 14, 14, 16, 7, 6, 37, 20, 32, 42, 7, 15, 41, 49]
[43, 19, 7, 34, 26, 43, 52, 22, 52, 34, 49, 44, 51, 4, 19]
[19, 25, 14, 11, 16, 45, 51, 25, 40, 12, 45, 38, 15, 16, 36]
[20, 38, 42, 6, 9, 47, 17, 47, 9, 10, 32, 11, 7, 45, 14]
[10, 26, 24, 19, 9, 13, 25, 15, 52, 28, 46, 46, 47, 20, 5]
[29, 15, 45, 23, 26, 38, 49, 17, 5, 29, 50, 46, 13, 17, 4]
[34, 10, 14, 52, 47, 46, 4, 32, 10, 44, 27, 25, 18, 30, 51]
[32, 41, 8, 45, 49, 22, 47, 49, 27, 44, 44, 35, 6, 35, 25]
[12, 6, 41, 42, 34, 49, 25, 36, 24, 49, 46, 35, 38, 7, 37]
[46, 32, 32, 36, 43, 23, 25, 45, 47, 37, 10, 5, 39, 37, 21]
[6, 31, 5, 16, 41, 30, 51, 38, 37, 22, 40, 28, 26, 24, 39]
[34, 22, 49, 13, 7, 40, 15, 8, 40, 43, 39, 34, 16, 37, 48]
[33, 14, 46, 30, 25, 11, 30, 16, 24, 37, 13, 33, 5, 22, 4]
[11, 27, 48, 41, 39, 13, 36, 47, 4, 26, 15, 32, 15, 41, 31]
[16, 35, 6, 31, 12, 8, 5, 10, 9, 19, 16, 17, 7, 39, 9]
[49, 22, 51, 7, 42, 8, 40, 7, 21, 37, 17, 4, 38, 30, 48]
[38, 46, 32, 6, 23, 26, 26, 9, 43, 51, 18, 27, 32, 32, 30]
[40, 38, 21, 33, 19, 33, 9, 30, 18, 16, 8, 36, 7, 47, 11]
[15, 18, 10, 25, 6, 40, 28, 24, 35, 50, 16, 47, 22, 35, 8]
[20, 31, 41, 36, 4, 8, 49, 42, 25, 40, 4, 13, 34, 52, 10]
[20, 52, 30, 24, 31, 29, 20, 23, 42, 46, 51, 20, 25, 51, 49]
[7, 38, 51, 7, 51, 52, 38, 19, 45, 16, 37, 51, 22, 28, 44]
[46, 5, 45, 16, 23, 49, 29, 49, 9, 11, 29, 50, 38, 26, 36]
[37, 29, 12, 27, 38, 24, 38, 29, 35, 20, 43, 13, 43, 20, 30]
[8, 21, 25, 12, 8, 29, 18, 43, 27, 17, 38, 52, 17, 49, 41]
[26, 35, 37, 47, 27, 30, 34, 46, 5, 38, 26, 51, 28, 7, 7]
[43, 24, 13, 44, 9, 5, 14, 34, 43, 52, 52, 39, 29, 26, 21]
[40, 45, 13, 34, 8, 10, 17, 30, 49, 43, 47, 46, 49, 16, 31]
[24, 41, 33, 31, 14, 35, 51, 48, 7, 20, 11, 40, 33, 27, 51]
[7, 41, 45, 28, 26, 6, 45, 15, 41, 40, 10, 31, 41, 31, 20]
[52, 25, 30, 50, 21, 16, 37, 22, 10, 22, 11, 50, 46, 20, 6]
[33, 22, 44, 25, 6, 33, 23, 41, 21, 21, 30, 14, 28, 48, 17]
[33, 15, 37, 26, 44, 6, 5, 13, 23, 30, 38, 37, 5, 35, 38]
[37, 29, 29, 18, 10, 13, 48, 25, 26, 18, 14, 40, 50, 14, 11]
[49, 16, 30, 13, 18, 18, 34, 36, 9, 19, 8, 50, 51, 37, 21]
[18, 52, 41, 30, 45, 45, 24, 45, 12, 39, 14, 30, 12, 35, 45]
[25, 6, 14, 45, 24, 31, 36, 17, 16, 5, 34, 32, 30, 23, 29]
[11, 38, 10, 36, 40, 43, 32, 4, 8, 14, 48, 5, 9, 25, 18]
[11, 15, 21, 44, 43, 9, 35, 36, 11, 39, 5, 47, 21, 48, 41]
[26, 34, 7, 15, 26, 51, 30, 7, 28, 46, 39, 9, 10, 48, 4]
[30, 35, 31, 26, 35, 32, 41, 22, 48, 27, 18, 18, 33, 13, 10]
[16, 12, 17, 52, 10, 48, 15, 27, 50, 6, 22, 44, 19, 46, 15]
[39, 30, 5, 6, 48, 30, 13, 28, 43, 4, 4, 24, 6, 25, 33]
[51, 32, 47, 22, 50, 49, 44, 16, 7, 17, 23, 12, 47, 21, 11]
[38, 51, 8, 15, 27, 38, 31, 9, 6, 31, 11, 8, 30, 41, 46]
[10, 16, 38, 19, 16, 31, 30, 31, 19, 34, 6, 18, 21, 4, 24]
[40, 27, 40, 29, 15, 12, 31, 40, 5, 30, 9, 18, 38, 4, 35]
[14, 51, 50, 19, 38, 17, 49, 51, 25, 41, 46, 29, 6, 10, 48]
[42, 28, 16, 38, 34, 18, 40, 28, 46, 46, 23, 45, 33, 33, 27]
[4, 38, 32, 8, 8, 29, 32, 47, 39, 48, 12, 31, 27, 8, 42]
[29, 27, 46, 6, 9, 42, 49, 46, 17, 46, 17, 39, 17, 23, 12]
[52, 45, 9, 4, 17, 7, 4, 11, 7, 30, 35, 10, 28, 8, 9]
[47, 45, 10, 33, 7, 50, 8, 49, 40, 10, 18, 26, 48, 29, 8]
[22, 32, 22, 11, 7, 38, 18, 23, 35, 38, 22, 47, 49, 36, 43]
[38, 7, 5, 51, 5, 24, 52, 33, 14, 25, 29, 17, 48, 48, 37]
[10, 26, 45, 13, 14, 35, 26, 5, 50, 37, 30, 28, 19, 23, 36]
[30, 46, 10, 29, 30, 16, 19, 17, 34, 12, 17, 32, 14, 4, 51]
[7, 44, 41, 49, 48, 29, 41, 33, 36, 50, 43, 42, 30, 36, 30]
[24, 6, 12, 23, 19, 24, 28, 29, 28, 35, 32, 12, 32, 28, 43]
[44, 4, 26, 14, 34, 26, 7, 31, 27, 35, 46, 32, 30, 20, 25]
[7, 25, 12, 35, 12, 18, 13, 15, 15, 39, 12, 37, 36, 22, 10]
[29, 20, 28, 39, 40, 4, 5, 15, 33, 40, 32, 42, 42, 50, 6]
[23, 18, 4, 48, 15, 46, 15, 9, 11, 14, 6, 15, 42, 22, 36]
[31, 22, 46, 8, 28, 38, 5, 8, 38, 20, 32, 23, 44, 28, 4]
[50, 27, 41, 4, 7, 22, 47, 52, 42, 36, 43, 15, 44, 24, 22]
[33, 36, 43, 31, 47, 9, 47, 41, 28, 30, 38, 5, 21, 42, 24]
[47, 30, 39, 51, 52, 44, 39, 21, 23, 29, 11, 32, 16, 20, 21]
[28, 4, 30, 21, 33, 46, 48, 8, 19, 8, 25, 4, 41, 48, 48]
[22, 19, 24, 45, 49, 38, 19, 21, 16, 13, 20, 50, 32, 16, 16]
[39, 4, 52, 20, 29, 51, 31, 52, 17, 29, 24, 47, 36, 47, 34]
[5, 31, 25, 50, 30, 41, 18, 16, 22, 50, 21, 44, 30, 31, 6]
[22, 16, 36, 52, 52, 52, 13, 35, 35, 48, 7, 13, 11, 13, 43]
[35, 38, 14, 44, 42, 48, 23, 29, 31, 43, 33, 32, 10, 13, 47]
[35, 49, 24, 14, 12, 14, 33, 9, 48, 21, 43, 11, 42, 37, 23]
[12, 37, 23, 5, 24, 42, 10, 12, 29, 51, 46, 15, 41, 10, 9]
[21, 35, 36, 37, 41, 4, 33, 45, 36, 35, 38, 24, 29, 28, 51]
[43, 9, 45, 39, 37, 47, 28, 26, 21, 4, 21, 29, 26, 31, 17]
[15, 37, 16, 45, 13, 27, 45, 41, 42, 5, 44, 20, 36, 37, 34]
[47, 13, 50, 12, 46, 19, 44, 42, 48, 51, 14, 47, 37, 25, 38]
[15, 40, 50, 14, 11, 51, 14, 31, 41, 24, 10, 11, 37, 45, 4]
[24, 41, 17, 28, 4, 14, 21, 37, 43, 7, 50, 21, 20, 7, 29]
[50, 4, 25, 43, 48, 10, 9, 27, 17, 52, 39, 26, 31, 51, 40]
[26, 15, 17, 22, 31, 43, 52, 6, 15, 16, 27, 41, 31, 22, 24]
[24, 6, 23, 39, 48, 22, 24, 18, 45, 33, 43, 9, 50, 17, 30]
[30, 9, 44, 22, 41, 51, 34, 9, 36, 47, 9, 26, 38, 19, 43]
[35, 9, 32, 40, 17, 19, 41, 45, 34, 10, 15, 6, 46, 35, 5]
[15, 11, 15, 49, 25, 35, 41, 42, 46, 36, 37, 25, 39, 19, 34]
[20, 49, 39, 30, 44, 16, 50, 13, 4, 31, 27, 4, 10, 16, 20]
[12, 49, 51, 38, 14, 15, 48, 24, 50, 20, 49, 21, 27, 11, 38]
[39, 39, 9, 35, 18, 48, 17, 40, 51, 10, 47, 42, 13, 52, 4]
[25, 35, 18, 23, 22, 34, 40, 37, 18, 43, 19, 45, 51, 7, 41]
[32, 29, 6, 15, 28, 52, 14, 7, 46, 23, 8, 46, 43, 26, 42]
[33, 36, 45, 41, 29, 51, 21, 52, 45, 21, 14, 40, 28, 6, 42]
[45, 9, 20, 34, 34, 47, 32, 33, 8, 28, 48, 16, 37, 23, 51]
[16, 13, 36, 20, 35, 8, 51, 5, 30, 7, 18, 12, 6, 45, 45]
[16, 22, 43, 50, 49, 11, 13, 17, 34, 37, 42, 30, 16, 11, 32]
[38, 12, 47, 5, 32, 49, 28, 34, 8, 46, 35, 20, 17, 36, 10]
[43, 47, 4, 40, 38, 44, 30, 12, 4, 6, 24, 33, 25, 25, 36]
[25, 49, 43, 22, 41, 39, 7, 33, 31, 9, 25, 14, 28, 26, 39]
[4, 16, 38, 45, 7, 29, 21, 20, 43, 52, 52, 44, 40, 34, 52]
[46, 36, 9, 32, 30, 52, 27, 34, 33, 17, 12, 26, 11, 26, 23]
[43, 44, 25, 18, 51, 5, 37, 20, 37, 9, 52, 52, 28, 52, 15]
[26, 50, 24, 25, 26, 40, 18, 4, 5, 18, 18, 30, 9, 6, 19]
[44, 47, 26, 47, 9, 15, 16, 29, 44, 43, 30, 15, 16, 41, 16]
[17, 48, 26, 19, 31, 11, 44, 21, 31, 31, 16, 24, 27, 40, 50]
[21, 40, 47, 5, 40, 11, 22, 23, 37, 31, 39, 28, 19, 33, 21]
[48, 40, 11, 13, 46, 22, 48, 23, 49, 18, 15, 50, 50, 36, 27]
[24, 4, 51, 38, 20, 35, 45, 49, 34, 20, 17, 38, 52, 31, 14]
[30, 13, 7, 17, 48, 4, 10, 28, 8, 16, 40, 34, 34, 49, 28]
[23, 41, 19, 38, 32, 34, 43, 36, 12, 31, 23, 32, 41, 11, 24]
[52, 15, 36, 41, 19, 7, 47, 24, 48, 9, 31, 22, 41, 33, 16]
[26, 28, 39, 43, 15, 38, 28, 42, 20, 27, 48, 13, 35, 29, 37]
[5, 31, 37, 35, 28, 45, 15, 50, 47, 31, 45, 51, 11, 25, 34]
[45, 39, 26, 17, 8, 26, 25, 18, 21, 33, 31, 47, 20, 34, 18]
[25, 9, 32, 7, 36, 51, 43, 19, 28, 40, 23, 26, 5, 4, 52]
[36, 28, 4, 46, 52, 6, 33, 33, 30, 26, 25, 40, 27, 44, 50]
[34, 32, 21, 12, 48, 21, 23, 30, 41, 22, 4, 25, 43, 29, 51]
[29, 40, 50, 48, 37, 50, 15, 25, 9, 9, 34, 42, 35, 15, 20]
[28, 38, 12, 41, 23, 17, 50, 7, 43, 10, 22, 36, 38, 15, 41]
