[32, 19, 13, 20, 23, 24, 10, 12, 28, 4, 41, 48, 22, 8, 33]
[46, 28, 20, 50, 6, 49, 38, 46, 42, 32, 24, 18, 37, 32, 9]
[33, 46, 7, 16, 42, 39, 19, 7, 52, 48, 40, 8, 49, 51, 50]
[47, 4, 17, 35, 28, 25, 5, 13, 14, 20, 19, 40, 12, 14, 51]
[19, 14, 48, 36, 52, 29, 52, 31, 16, 12, 28, 36, 17, 40, 18]
[31, 41, 32, 48, 16, 45, 4, 51, 10, 19, 29, 45, 40, 34, 5]
[17, 10, 45, 42, 11, 10, 23, 26, 24, 49, 13, 42, 20, 20, 8]
[50, 48, 14, 28, 35, 43, 46, 40, 44, 25, 17, 31, 29, 29, 12]
[29, 40, 51, 47, 32, 11, 48, 22, 27, 24, 7, 28, 5, 49, 26]
[22, 32, 47, 29, 51, 36, 30, 24, 29, 45, 9, 7, 41, 43, 43]
[18, 16, 22, 33, 40, 50, 9, 10, 51, 23, 45, 10, 25, 33, 4]
[28, 13, 26, 15, 48, 8, 36, 41, 20, 34, 18, 19, 6, 30, 27]
[48, 35, 27, 22, 33, 31, 6, 16, 43, 21, 12, 47, 42, 50, 25]
[25, 28, 39, 17, 19, 28, 16, 38, 17, 46, 37, 11, 43, 48, 30]
[37, 29, 29, 11, 12, 32, 28, 36, 28, 22, 10, 15, 26, 46, 44]
[45, 21, 18, 26, 50, 27, 37, 6, 36, 29, 49, 17, 19, 19, 10]
[5, 43, 19, 5, 38, 52, 24, 32, 38, 17, 4, 50, 18, 11, 6]
[6, 27, 37, 14, 25, 13, 27, 27, 40, 36, 38, 21, 11, 27, 21]
[9, 36, 28, 25, 9, 19, 31, 30, 12, 28, 21, 6, 28, 39, 40]
[14, 18, 49, 39, 28, 15, 43, 42, 49, 43, 15, 44, 8, 18, 46]
[34, 42, 6, 7, 20, 21, 12, 28, 34, 33, 8, 14, 14, 24, 38]
[51, 50, 10, 24, 18, 20, 34, 44, 6, 13, 28, 41, 13, 26, 29]
[41, 31, 52, 8, 14, 41, 40, 50, 21, 31, 48, 32, 52, 28, 11]
[28, 44, 41, 38, 36, 34, 44, 45, 19, 47, 5, 37, 45, 12, 17]
[44, 24, 21, 43, 30, 46, 45, 21, 5, 26, 26, 28, 32, 23, 14]
[21, 45, 34, 30, 46, 30, 20, 35, 7, 9, 11, 30, 39, 4, 41]
[40, 39, 23, 12, 22, 14, 29, 37, 11, 40, 31, 29, 44, 36, 36]
[11, 37, 30, 4, 31, 26, 49, 20, 13, 16, 14, 13, 33, 28, 48]
[52, 17, 42, 23, 29, 44, 21, 43, 31, 52, 50, 35, 16, 25, 28]
[43, 22, 16, 13, 45, 37, 22, 11, 47, 7, 20, 20, 50, 16, 47]
[4, 47, 4, 28, 21, 22, 39, 25, 8, 37, 25, 43, 51, 35, 37]
[24, 12, 12, 51, 27, 17, 35, 49, 15, 15, 46, 25, 30, 7, 24]
[27, 5, 5, 52, 5, 42, 41, 5, 32, 5, 6, 33, 24, 47, 42]
[13, 52, 43, 37, 34, 5, 51, 29, 50, 44, 36, 12, 4, 45, 19]
[30, 23, 11, 32, 13, 6, 32, 8, 46, 42, 23, 39, 46, 44, 49]
[23, 51, 8, 18, 15, 40, 11, 34, 22, 35, 39, 23, 38, 52, 23]
[38, 34, 35, 44, 37, 7, 50, 17, 41, 28, 16, 46, 15, 22, 32]
[39, 8, 44, 6, 47, 16, 17, 19, 35, 50, 42, 16, 31, 42, 13]
[16, 30, 24, 21, 49, 48, 47, 39, 30, 8, 51, 9, 28, 17, 16]
[26, 7, 28, 40, 39, 23, 8, 33, 33, 11, 30, 34, 9, 6, 7]
[49, 20, 15, 45, 8, 9, 42, 15, 37, 14, 32, 51, 34, 41, 15]
[35, 25, 9, 34, 44, 35, 26, 9, 48, 38, 52, 5, 23, 13, 45]
[15, 15, 33, 31, 43, 51, 33, 48, 23, 30, 43, 49, 10, 31, 34]
[10, 33, 46, 19, 24, 12, 14, 4, 45, 27, 27, 22, 36, 5, 52]
[8, 49, 40, 10, 4, 28, 25, 14, 4, 18, 35, 26, 35, 9, 20]
[42, 26, 38, 41, 7, 18, 15, 52, 39, 51, 47, 38, 47, 10, 39]
[12, 9, 31, 49, 17, 33, 7, 28, 26, 10, 44, 24, 7, 15, 35]
[36, 38, 50, 9, 41, 47, 18, 47, 25, 6, 22, 4, 48, 37, 28]
[7, 11, 36, 27, 26, 38, 13, 23, 18, 41, 34, 52, 21, 38, 22]
[20, 6, 25, 46, 10, 4, 28, 18, 9, 39, 33, 27, 27, 21, 31]
