[8, 25, 20, 34, 38, 38, 11, 47, 23, 6, 34, 27, 25, 15, 24]
[31, 21, 49, 34, 26, 32, 14, 12, 45, 31, 26, 48, 42, 13, 18]
[28, 46, 52, 16, 25, 47, 13, 49, 9, 35, 25, 40, 35, 25, 23]
[23, 42, 38, 47, 22, 15, 12, 26, 42, 38, 27, 51, 35, 24, 42]
[37, 14, 9, 31, 9, 40, 20, 7, 40, 17, 21, 25, 25, 21, 25]
[9, 4, 32, 13, 9, 17, 52, 27, 13, 38, 29, 17, 11, 21, 16]
[27, 22, 42, 37, 28, 10, 33, 39, 38, 50, 19, 41, 29, 49, 25]
[15, 48, 22, 13, 20, 8, 39, 27, 28, 26, 29, 48, 40, 11, 31]
[43, 42, 15, 40, 15, 15, 43, 23, 36, 11, 39, 9, 47, 8, 35]
[52, 33, 4, 51, 37, 33, 34, 19, 22, 42, 28, 29, 24, 23, 10]
[27, 38, 23, 13, 48, 34, 35, 22, 30, 41, 25, 43, 38, 22, 51]
[14, 41, 7, 7, 36, 9, 36, 12, 14, 9, 14, 37, 45, 23, 36]
[50, 17, 23, 12, 46, 35, 38, 10, 24, 7, 45, 11, 8, 16, 21]
[29, 45, 51, 35, 49, 43, 6, 50, 25, 11, 38, 4, 12, 43, 12]
[38, 5, 18, 39, 47, 12, 46, 5, 4, 5, 32, 29, 41, 26, 46]
[49, 47, 42, 45, 8, 33, 50, 31, 6, 38, 28, 31, 30, 52, 29]
[31, 23, 4, 10, 33, 33, 31, 7, 36, 40, 40, 25, 26, 20, 21]
[16, 22, 13, 22, 14, 26, 37, 17, 15, 51, 36, 38, 15, 13, 34]
[6, 42, 24, 43, 24, 20, 46, 11, 15, 48, 9, 26, 21, 18, 7]
[27, 47, 38, 49, 46, 22, 31, 33, 21, 37, 16, 47, 11, 47, 50]
[37, 16, 47, 7, 16, 34, 11, 42, 16, 45, 52, 26, 36, 16, 18]
[40, 24, 7, 7, 7, 44, 50, 11, 27, 29, 50, 12, 5, 10, 41]
[47, 32, 10, 44, 35, 45, 6, 20, 8, 33, 10, 18, 8, 37, 11]
[8, 33, 48, 49, 18, 46, 24, 27, 27, 23, 35, 11, 14, 27, 30]
[18, 11, 46, 41, 20, 19, 11, 4, 47, 12, 52, 48, 30, 4, 30]
[46, 47, 46, 41, 36, 21, 12, 6, 8, 42, 15, 23, 39, 29, 7]
[46, 36, 8, 35, 45, 28, 29, 34, 14, 29, 50, 38, 26, 41, 40]
[18, 10, 50, 28, 27, 45, 19, 32, 38, 32, 15, 32, 16, 23, 27]
[12, 44, 23, 33, 34, 27, 21, 5, 5, 7, 50, 22, 18, 37, 48]
[13, 37, 24, 28, 27, 15, 9, 17, 28, 28, 50, 45, 51, 43, 19]
[5, 5, 45, 18, 26, 8, 12, 38, 12, 37, 47, 22, 45, 31, 19]
[28, 10, 31, 26, 4, 37, 9, 39, 49, 22, 46, 17, 16, 35, 42]
[14, 15, 23, 34, 28, 10, 22, 32, 28, 26, 38, 8, 41, 40, 52]
[19, 40, 34, 26, 41, 47, 31, 20, 24, 39, 29, 31, 47, 8, 8]
[12, 36, 8, 17, 42, 34, 29, 48, 30, 6, 34, 37, 13, 49, 18]
[40, 27, 12, 48, 28, 7, 13, 44, 36, 39, 44, 44, 9, 38, 12]
[48, 27, 39, 22, 20, 20, 34, 8, 33, 15, 29, 44, 15, 26, 47]
[44, 16, 27, 14, 36, 48, 12, 41, 35, 20, 48, 26, 20, 23, 33]
[29, 52, 49, 24, 7, 46, 28, 36, 32, 32, 49, 5, 27, 47, 43]
[48, 13, 51, 37, 48, 43, 5, 35, 49, 4, 37, 31, 21, 48, 44]
[51, 39, 5, 42, 32, 21, 31, 20, 19, 52, 32, 22, 33, 47, 39]
[35, 23, 52, 38, 23, 28, 30, 32, 38, 19, 27, 40, 4, 33, 9]
[52, 32, 48, 42, 29, 10, 26, 13, 31, 10, 7, 5, 12, 52, 43]
[6, 14, 47, 28, 22, 28, 52, 28, 48, 12, 12, 18, 38, 19, 26]
[46, 34, 29, 22, 31, 11, 41, 15, 34, 29, 43, 44, 41, 17, 10]
[12, 49, 24, 16, 34, 13, 39, 5, 29, 30, 36, 47, 30, 20, 32]
[44, 5, 26, 7, 31, 41, 30, 23, 13, 14, 10, 31, 24, 33, 10]
[51, 39, 44, 28, 22, 33, 20, 39, 34, 41, 6, 31, 8, 26, 15]
[38, 33, 35, 33, 7, 51, 41, 48, 32, 44, 28, 51, 22, 28, 38]
[43, 41, 48, 15, 37, 29, 42, 52, 50, 27, 27, 30, 38, 7, 8]
[21, 18, 19, 34, 37, 35, 50, 35, 47, 47, 51, 10, 26, 52, 37]
[42, 21, 6, 49, 27, 7, 22, 40, 34, 51, 33, 8, 44, 33, 30]
[26, 12, 11, 30, 41, 33, 50, 46, 9, 12, 25, 39, 23, 22, 41]
[45, 10, 36, 41, 16, 35, 20, 16, 23, 12, 30, 29, 29, 18, 27]
[39, 26, 4, 37, 45, 16, 38, 6, 48, 47, 10, 11, 47, 14, 33]
[12, 16, 44, 47, 32, 4, 47, 44, 48, 30, 43, 44, 40, 43, 38]
[33, 35, 11, 23, 34, 43, 33, 23, 18, 21, 10, 50, 52, 9, 9]
[34, 32, 52, 30, 37, 20, 38, 7, 38, 33, 47, 35, 27, 45, 40]
[43, 37, 39, 32, 15, 37, 12, 46, 21, 47, 39, 41, 30, 14, 21]
[51, 36, 21, 37, 13, 50, 35, 37, 11, 11, 40, 37, 34, 19, 12]
[20, 18, 17, 18, 29, 13, 41, 22, 31, 43, 47, 24, 44, 14, 42]
[42, 24, 40, 44, 41, 35, 22, 4, 41, 25, 27, 35, 23, 8, 28]
[26, 52, 22, 11, 29, 52, 6, 30, 24, 32, 6, 19, 36, 50, 10]
[10, 9, 36, 46, 17, 33, 34, 33, 25, 33, 43, 32, 50, 37, 7]
[43, 29, 31, 6, 30, 19, 6, 25, 52, 33, 7, 44, 21, 34, 38]
[46, 39, 39, 13, 51, 26, 9, 25, 16, 22, 27, 50, 41, 41, 47]
[21, 20, 34, 8, 18, 38, 11, 13, 28, 30, 43, 39, 32, 46, 52]
[7, 18, 14, 5, 27, 37, 8, 44, 7, 41, 19, 42, 29, 29, 22]
[10, 52, 6, 51, 18, 25, 19, 51, 25, 31, 28, 9, 51, 39, 32]
[41, 10, 8, 47, 9, 40, 48, 18, 27, 29, 19, 9, 51, 40, 35]
[43, 39, 37, 23, 7, 23, 31, 11, 41, 8, 16, 45, 27, 20, 5]
[30, 25, 11, 13, 8, 19, 14, 30, 21, 10, 15, 42, 6, 33, 25]
[24, 18, 33, 41, 47, 47, 29, 29, 52, 28, 5, 24, 36, 12, 44]
[7, 27, 18, 34, 41, 9, 25, 14, 41, 31, 32, 18, 35, 23, 34]
[48, 20, 12, 52, 4, 30, 47, 29, 17, 15, 21, 30, 7, 25, 26]
[24, 37, 4, 10, 8, 35, 11, 20, 47, 19, 19, 28, 20, 31, 44]
[17, 19, 9, 47, 13, 26, 39, 17, 15, 32, 38, 17, 27, 35, 43]
[29, 39, 19, 42, 5, 43, 18, 13, 7, 52, 39, 7, 25, 13, 31]
[35, 41, 49, 48, 21, 28, 41, 11, 22, 28, 5, 25, 25, 14, 14]
[18, 22, 33, 14, 46, 22, 13, 31, 51, 33, 35, 15, 28, 11, 40]
[37, 22, 19, 46, 21, 11, 42, 12, 5, 6, 31, 30, 24, 49, 21]
[48, 17, 51, 13, 39, 27, 47, 33, 5, 37, 29, 13, 51, 42, 44]
[32, 38, 25, 28, 52, 5, 46, 19, 48, 38, 9, 48, 9, 27, 48]
[13, 18, 19, 34, 51, 45, 10, 33, 52, 45, 49, 30, 11, 18, 36]
[24, 21, 16, 50, 12, 4, 9, 23, 26, 15, 4, 27, 14, 4, 30]
[20, 30, 29, 24, 4, 17, 37, 25, 17, 43, 38, 52, 24, 41, 20]
[47, 29, 38, 24, 31, 45, 27, 32, 34, 42, 19, 23, 31, 5, 17]
[24, 35, 13, 35, 23, 24, 46, 38, 9, 13, 50, 32, 49, 49, 48]
[39, 14, 32, 20, 27, 4, 39, 32, 32, 16, 30, 31, 15, 28, 45]
[30, 23, 7, 5, 52, 30, 42, 6, 16, 36, 35, 10, 50, 50, 14]
[22, 29, 9, 24, 14, 13, 44, 39, 24, 44, 28, 14, 26, 37, 13]
[44, 40, 27, 21, 9, 28, 32, 26, 45, 6, 22, 33, 40, 46, 37]
[15, 25, 49, 47, 26, 33, 15, 43, 50, 37, 52, 15, 20, 22, 49]
[21, 10, 30, 49, 8, 32, 52, 49, 27, 18, 25, 5, 43, 45, 49]
[18, 15, 19, 8, 21, 15, 7, 38, 22, 15, 39, 19, 7, 17, 52]
[11, 7, 51, 31, 30, 28, 33, 30, 29, 10, 48, 26, 49, 36, 39]
[37, 14, 38, 52, 47, 43, 18, 35, 23, 48, 47, 52, 11, 8, 50]
[20, 35, 24, 49, 37, 28, 12, 18, 38, 21, 27, 30, 19, 16, 45]
[9, 19, 43, 28, 52, 41, 48, 38, 41, 10, 8, 23, 27, 28, 42]
[33, 38, 11, 32, 4, 45, 32, 46, 50, 16, 34, 52, 22, 9, 29]
[9, 22, 37, 41, 19, 8, 9, 17, 29, 38, 47, 49, 36, 7, 39]
[14, 14, 23, 27, 14, 31, 44, 19, 50, 24, 42, 38, 49, 47, 36]
[42, 20, 11, 50, 27, 5, 44, 10, 10, 17, 17, 7, 4, 50, 37]
[39, 50, 41, 27, 40, 12, 37, 43, 52, 51, 5, 44, 38, 51, 35]
[29, 10, 52, 7, 35, 46, 47, 37, 16, 32, 5, 25, 13, 45, 14]
[49, 19, 42, 16, 13, 36, 5, 50, 23, 11, 21, 32, 6, 13, 6]
[33, 45, 49, 27, 52, 5, 12, 40, 11, 28, 15, 9, 52, 17, 48]
[35, 9, 43, 52, 47, 34, 10, 16, 8, 16, 12, 4, 43, 44, 33]
[33, 40, 10, 18, 41, 22, 28, 19, 22, 40, 17, 46, 20, 17, 43]
[35, 27, 46, 39, 32, 22, 4, 47, 29, 43, 22, 13, 19, 7, 14]
[24, 52, 32, 41, 5, 32, 23, 29, 37, 49, 15, 27, 27, 18, 44]
[21, 37, 33, 36, 43, 32, 17, 42, 44, 52, 14, 48, 18, 5, 16]
[4, 9, 41, 4, 33, 38, 4, 48, 38, 42, 13, 27, 13, 11, 43]
[32, 49, 22, 38, 41, 30, 13, 18, 17, 18, 29, 51, 42, 24, 24]
[10, 23, 31, 17, 13, 36, 8, 44, 26, 20, 44, 29, 27, 36, 19]
[21, 22, 48, 36, 28, 41, 12, 38, 7, 35, 42, 46, 22, 38, 17]
[16, 20, 46, 52, 25, 41, 22, 50, 22, 14, 44, 30, 16, 21, 18]
[42, 10, 7, 6, 23, 18, 31, 38, 28, 29, 35, 35, 18, 17, 17]
[35, 25, 22, 46, 4, 34, 13, 30, 10, 33, 24, 52, 18, 14, 50]
[4, 26, 6, 47, 31, 40, 8, 33, 30, 30, 49, 39, 34, 4, 28]
[43, 31, 46, 25, 9, 21, 35, 20, 52, 49, 23, 21, 47, 34, 26]
[50, 28, 4, 5, 46, 6, 47, 45, 41, 4, 49, 29, 52, 17, 42]
[4, 7, 18, 25, 22, 22, 6, 8, 14, 23, 23, 50, 43, 9, 23]
[28, 21, 11, 39, 51, 27, 45, 10, 44, 29, 47, 20, 32, 19, 10]
[40, 31, 22, 25, 42, 18, 28, 48, 22, 32, 28, 39, 51, 12, 39]
[14, 30, 39, 10, 9, 31, 14, 12, 21, 48, 25, 10, 52, 48, 42]
[31, 29, 8, 37, 26, 46, 47, 18, 4, 49, 27, 32, 28, 24, 28]
[21, 4, 26, 36, 5, 31, 47, 18, 18, 50, 47, 26, 31, 44, 28]
[24, 18, 26, 20, 6, 49, 7, 40, 32, 39, 13, 6, 28, 42, 48]
[37, 41, 34, 11, 46, 41, 14, 26, 26, 34, 36, 27, 8, 26, 29]
[9, 45, 25, 36, 11, 32, 14, 14, 22, 48, 38, 6, 30, 36, 49]
[13, 19, 41, 46, 29, 7, 49, 35, 34, 13, 26, 37, 46, 21, 17]
[4, 16, 14, 14, 7, 49, 36, 34, 42, 44, 48, 10, 24, 25, 10]
[51, 31, 12, 30, 14, 15, 6, 29, 49, 49, 40, 46, 24, 34, 10]
[28, 15, 47, 16, 21, 28, 32, 13, 25, 34, 11, 30, 23, 7, 15]
[10, 17, 47, 40, 8, 11, 51, 34, 14, 22, 8, 7, 23, 6, 46]
[36, 30, 26, 18, 9, 13, 16, 11, 8, 9, 42, 44, 23, 49, 16]
[19, 49, 24, 49, 44, 16, 46, 34, 13, 6, 44, 11, 44, 12, 28]
[36, 17, 27, 35, 17, 23, 21, 36, 45, 12, 23, 25, 40, 37, 13]
[33, 17, 37, 7, 20, 27, 37, 38, 6, 34, 30, 26, 46, 7, 11]
[23, 14, 30, 34, 44, 33, 16, 33, 41, 40, 36, 6, 9, 30, 50]
[15, 17, 43, 52, 11, 44, 40, 14, 21, 12, 24, 14, 34, 10, 35]
[15, 40, 44, 6, 25, 32, 39, 34, 26, 22, 35, 12, 51, 5, 30]
[8, 24, 14, 19, 51, 43, 46, 28, 36, 41, 21, 19, 50, 42, 22]
[7, 7, 14, 44, 25, 14, 15, 21, 13, 38, 24, 7, 28, 37, 40]
[12, 16, 16, 24, 4, 12, 37, 22, 30, 15, 21, 37, 43, 20, 39]
[14, 7, 11, 4, 32, 10, 29, 42, 32, 41, 8, 4, 13, 10, 5]
[7, 7, 13, 49, 15, 52, 43, 45, 42, 52, 4, 36, 18, 34, 26]
[11, 43, 28, 30, 24, 17, 34, 10, 40, 43, 19, 43, 50, 52, 33]
[51, 42, 28, 52, 39, 44, 42, 4, 36, 49, 32, 36, 50, 17, 43]
[30, 11, 33, 33, 9, 29, 48, 14, 9, 38, 14, 52, 7, 39, 5]
[48, 43, 20, 44, 46, 21, 17, 28, 44, 6, 44, 32, 49, 51, 50]
[36, 17, 5, 30, 18, 49, 20, 38, 16, 37, 49, 40, 16, 8, 22]
[5, 8, 50, 51, 44, 48, 5, 40, 11, 30, 45, 46, 31, 5, 21]
[10, 37, 45, 28, 6, 4, 27, 41, 16, 41, 30, 9, 41, 43, 6]
[50, 11, 30, 50, 19, 36, 7, 39, 13, 9, 45, 17, 26, 19, 15]
[40, 9, 43, 38, 48, 44, 34, 49, 12, 33, 14, 7, 48, 33, 14]
[34, 39, 34, 7, 22, 42, 25, 9, 18, 18, 8, 28, 39, 41, 7]
[7, 24, 24, 20, 33, 12, 8, 27, 22, 12, 8, 34, 12, 41, 18]
[39, 8, 29, 36, 38, 22, 51, 16, 18, 36, 23, 52, 7, 17, 22]
[9, 35, 35, 24, 23, 13, 10, 35, 36, 34, 39, 12, 5, 51, 40]
[14, 51, 23, 36, 26, 12, 51, 48, 17, 35, 44, 9, 47, 31, 15]
[32, 6, 11, 42, 42, 22, 51, 24, 37, 7, 12, 32, 29, 11, 15]
[34, 9, 20, 9, 11, 49, 51, 26, 13, 14, 4, 5, 39, 24, 43]
[48, 52, 13, 39, 28, 25, 46, 41, 46, 37, 23, 35, 9, 37, 41]
[24, 18, 14, 5, 4, 39, 16, 36, 29, 28, 30, 48, 27, 24, 10]
[25, 18, 6, 12, 42, 12, 31, 27, 31, 22, 9, 21, 46, 31, 36]
[8, 26, 27, 7, 49, 27, 18, 36, 10, 11, 44, 30, 45, 25, 40]
[20, 28, 12, 48, 40, 39, 17, 26, 34, 20, 22, 27, 43, 28, 17]
[8, 25, 49, 7, 41, 19, 37, 9, 36, 30, 33, 39, 23, 42, 42]
[4, 27, 50, 10, 26, 22, 38, 40, 4, 32, 11, 33, 35, 28, 47]
[22, 35, 50, 30, 33, 11, 17, 10, 46, 14, 33, 37, 52, 15, 30]
[17, 27, 23, 21, 38, 40, 50, 19, 14, 21, 26, 13, 6, 27, 33]
[35, 4, 10, 14, 17, 20, 35, 38, 51, 10, 9, 46, 15, 17, 13]
[18, 39, 29, 33, 28, 7, 7, 43, 32, 11, 21, 23, 32, 39, 50]
[13, 18, 24, 21, 5, 27, 19, 6, 6, 33, 41, 48, 48, 24, 21]
[10, 25, 36, 26, 16, 5, 11, 48, 20, 19, 34, 13, 26, 19, 50]
[47, 27, 18, 22, 5, 23, 49, 38, 7, 42, 37, 30, 18, 44, 16]
[6, 36, 44, 27, 25, 24, 36, 17, 50, 13, 12, 42, 49, 50, 34]
[18, 11, 38, 5, 33, 24, 49, 11, 32, 31, 18, 48, 38, 28, 27]
[20, 4, 20, 19, 32, 39, 47, 29, 19, 46, 17, 31, 33, 10, 28]
[36, 44, 49, 5, 39, 27, 33, 22, 4, 18, 6, 26, 46, 51, 5]
[8, 24, 32, 40, 47, 35, 34, 43, 7, 35, 45, 11, 22, 30, 14]
[10, 40, 31, 39, 40, 29, 18, 13, 48, 13, 6, 45, 28, 41, 20]
[51, 16, 47, 5, 29, 20, 26, 10, 24, 18, 37, 32, 26, 24, 25]
[38, 17, 42, 39, 46, 44, 7, 30, 4, 15, 31, 44, 32, 23, 7]
[16, 12, 15, 13, 35, 51, 41, 5, 38, 8, 11, 31, 17, 52, 41]
[20, 16, 43, 40, 11, 12, 48, 9, 52, 15, 39, 10, 14, 15, 37]
[19, 44, 17, 44, 18, 12, 35, 23, 49, 11, 18, 42, 38, 32, 48]
[15, 15, 40, 44, 42, 7, 8, 36, 40, 25, 16, 49, 50, 8, 32]
[11, 42, 5, 23, 14, 8, 28, 27, 21, 13, 52, 38, 48, 19, 16]
[5, 26, 14, 42, 16, 27, 29, 22, 12, 32, 18, 44, 37, 30, 31]
[40, 28, 37, 37, 34, 39, 15, 8, 39, 52, 31, 17, 41, 14, 29]
[33, 48, 14, 29, 24, 17, 49, 10, 38, 47, 12, 9, 36, 10, 48]
[49, 50, 31, 41, 24, 46, 22, 28, 22, 41, 7, 34, 22, 10, 17]
[40, 41, 31, 22, 37, 38, 42, 24, 11, 19, 34, 44, 48, 36, 50]
[50, 48, 52, 24, 7, 29, 7, 25, 48, 51, 5, 22, 15, 28, 4]
[18, 19, 41, 16, 41, 23, 19, 49, 43, 47, 4, 42, 52, 30, 33]
[13, 40, 38, 4, 21, 14, 30, 9, 33, 25, 51, 34, 6, 17, 7]
[25, 38, 36, 19, 26, 17, 4, 41, 51, 38, 10, 13, 25, 38, 27]
[26, 41, 32, 30, 39, 40, 22, 13, 33, 25, 13, 22, 42, 37, 38]
[17, 34, 36, 18, 45, 51, 39, 33, 37, 29, 10, 22, 10, 38, 20]
[43, 31, 51, 14, 28, 21, 11, 19, 28, 13, 25, 6, 26, 22, 9]
[39, 43, 26, 38, 6, 47, 33, 11, 37, 36, 25, 13, 34, 43, 18]
[23, 32, 43, 5, 20, 10, 22, 13, 35, 26, 8, 35, 31, 31, 5]
[37, 50, 48, 42, 37, 37, 10, 7, 35, 43, 39, 29, 51, 14, 36]
[34, 42, 28, 16, 49, 15, 30, 9, 25, 51, 22, 42, 6, 21, 29]
[11, 51, 25, 49, 30, 47, 25, 37, 30, 15, 29, 17, 52, 51, 49]
[38, 4, 48, 15, 30, 11, 48, 52, 19, 13, 7, 46, 35, 10, 13]
[29, 6, 5, 30, 10, 37, 45, 13, 48, 39, 13, 13, 8, 50, 14]
[19, 26, 25, 9, 42, 15, 43, 6, 17, 5, 28, 27, 19, 26, 13]
[7, 43, 17, 40, 36, 9, 46, 51, 22, 50, 22, 51, 28, 39, 5]
[34, 45, 19, 52, 48, 12, 48, 23, 12, 25, 37, 8, 30, 13, 52]
[26, 15, 5, 7, 5, 44, 41, 38, 31, 5, 7, 38, 38, 20, 5]
[52, 27, 33, 32, 10, 37, 37, 34, 46, 16, 21, 21, 41, 6, 24]
[4, 24, 33, 49, 4, 36, 9, 31, 43, 22, 32, 10, 52, 14, 41]
[27, 17, 5, 22, 19, 40, 28, 13, 4, 9, 50, 41, 16, 16, 4]
[18, 40, 39, 48, 39, 31, 34, 24, 7, 28, 40, 13, 31, 39, 4]
[31, 47, 25, 19, 22, 13, 51, 17, 26, 23, 44, 49, 35, 51, 35]
[31, 5, 30, 19, 34, 8, 43, 37, 15, 48, 51, 15, 27, 48, 46]
[17, 34, 28, 22, 13, 10, 51, 30, 11, 43, 5, 12, 30, 11, 41]
[30, 35, 48, 28, 34, 43, 30, 19, 21, 18, 27, 6, 33, 9, 24]
[36, 8, 7, 39, 10, 31, 49, 39, 52, 22, 43, 23, 33, 30, 51]
[5, 24, 23, 50, 30, 9, 18, 11, 49, 46, 36, 35, 11, 17, 12]
[41, 6, 13, 32, 15, 12, 41, 6, 18, 5, 6, 7, 48, 16, 15]
[29, 9, 10, 35, 34, 52, 12, 42, 19, 6, 37, 4, 27, 41, 6]
[47, 34, 39, 11, 20, 46, 40, 11, 34, 6, 19, 34, 30, 24, 34]
[44, 23, 7, 6, 29, 13, 36, 15, 30, 21, 22, 28, 51, 36, 47]
[43, 35, 18, 7, 18, 42, 16, 37, 34, 50, 10, 32, 48, 4, 23]
[30, 40, 8, 35, 46, 34, 37, 10, 43, 30, 42, 22, 9, 51, 12]
[28, 41, 23, 26, 48, 24, 13, 40, 27, 52, 34, 45, 14, 29, 39]
[14, 6, 50, 36, 42, 49, 24, 23, 34, 30, 42, 34, 33, 7, 25]
[17, 23, 18, 28, 36, 52, 46, 32, 34, 21, 14, 19, 48, 11, 5]
[14, 45, 30, 12, 33, 45, 29, 30, 43, 23, 28, 37, 42, 45, 35]
[23, 42, 25, 48, 47, 48, 6, 42, 33, 49, 42, 6, 16, 5, 52]
[27, 25, 17, 44, 52, 50, 5, 49, 39, 35, 49, 24, 30, 25, 35]
[4, 46, 51, 10, 8, 43, 31, 5, 22, 45, 36, 19, 17, 39, 33]
[35, 33, 36, 26, 5, 49, 34, 46, 19, 14, 42, 43, 17, 10, 52]
[35, 25, 52, 20, 16, 30, 16, 4, 12, 22, 12, 7, 4, 8, 23]
[46, 33, 38, 24, 11, 25, 13, 50, 4, 13, 13, 24, 9, 36, 11]
[8, 30, 40, 35, 40, 18, 36, 6, 18, 46, 25, 16, 19, 39, 11]
[29, 21, 47, 22, 25, 39, 15, 30, 23, 29, 9, 38, 37, 48, 7]
[26, 27, 4, 46, 15, 20, 9, 26, 15, 17, 15, 33, 26, 44, 50]
[27, 22, 40, 42, 41, 12, 51, 37, 25, 40, 28, 48, 36, 39, 19]
[14, 45, 16, 9, 27, 13, 8, 51, 20, 8, 24, 13, 37, 17, 51]
[32, 28, 13, 47, 32, 23, 42, 27, 11, 37, 9, 41, 33, 27, 27]
[52, 19, 5, 4, 32, 15, 44, 7, 23, 22, 15, 12, 9, 38, 33]
[18, 17, 18, 46, 21, 39, 7, 31, 34, 29, 22, 43, 20, 45, 49]
[30, 33, 8, 42, 46, 24, 12, 6, 19, 18, 40, 14, 42, 25, 16]
[43, 34, 31, 14, 24, 44, 13, 51, 19, 30, 5, 40, 35, 35, 9]
[8, 15, 23, 16, 40, 28, 49, 26, 39, 4, 47, 7, 33, 32, 22]
[48, 24, 10, 44, 16, 10, 35, 25, 51, 27, 50, 47, 32, 43, 34]
[29, 12, 45, 27, 5, 6, 27, 29, 6, 8, 38, 18, 8, 22, 49]
[46, 6, 40, 25, 25, 37, 33, 40, 45, 26, 7, 20, 39, 47, 24]
[28, 16, 16, 14, 25, 6, 43, 38, 49, 34, 30, 47, 4, 27, 14]
[22, 48, 18, 20, 17, 6, 29, 35, 11, 14, 44, 34, 10, 22, 16]
[18, 49, 38, 16, 33, 20, 52, 26, 19, 46, 20, 20, 23, 35, 22]
[19, 14, 19, 12, 4, 47, 49, 36, 8, 32, 15, 50, 10, 47, 15]
[50, 40, 18, 8, 29, 37, 6, 43, 4, 21, 9, 16, 30, 23, 25]
[33, 36, 32, 12, 30, 16, 27, 37, 8, 7, 50, 49, 32, 15, 49]
[23, 8, 22, 41, 46, 48, 49, 6, 28, 27, 5, 25, 32, 36, 5]
[12, 19, 27, 45, 41, 50, 4, 18, 16, 52, 43, 51, 31, 26, 35]
[29, 49, 4, 8, 41, 13, 50, 49, 16, 50, 46, 9, 4, 47, 23]
[10, 39, 8, 6, 10, 48, 49, 35, 40, 34, 41, 8, 23, 39, 50]
[38, 49, 37, 49, 37, 26, 28, 34, 19, 24, 32, 48, 36, 38, 18]
[13, 39, 28, 14, 8, 48, 11, 17, 12, 23, 47, 11, 34, 8, 12]
[31, 44, 35, 24, 17, 50, 17, 35, 15, 45, 19, 36, 46, 37, 42]
[18, 45, 16, 22, 43, 21, 37, 44, 17, 43, 35, 11, 38, 9, 47]
[23, 7, 23, 50, 15, 4, 31, 34, 42, 15, 31, 5, 39, 16, 43]
[23, 51, 44, 18, 22, 5, 18, 42, 46, 49, 12, 17, 39, 35, 8]
[49, 28, 41, 23, 31, 46, 28, 52, 36, 51, 37, 23, 29, 21, 13]
[51, 43, 41, 14, 12, 27, 34, 29, 34, 15, 40, 27, 6, 42, 34]
[20, 32, 6, 17, 11, 38, 33, 45, 31, 27, 13, 46, 37, 35, 4]
[5, 30, 26, 22, 39, 32, 8, 43, 48, 42, 23, 5, 36, 9, 28]
[39, 39, 29, 43, 51, 41, 26, 7, 6, 49, 46, 14, 47, 18, 19]
[44, 38, 9, 15, 50, 5, 10, 23, 51, 40, 5, 16, 48, 46, 5]
[17, 36, 33, 33, 6, 21, 52, 37, 37, 45, 16, 30, 12, 36, 38]
[29, 46, 10, 43, 6, 7, 15, 31, 13, 39, 19, 29, 43, 37, 25]
[8, 41, 43, 26, 24, 27, 40, 5, 49, 6, 43, 30, 47, 11, 44]
[26, 12, 47, 42, 12, 10, 6, 45, 15, 52, 10, 22, 34, 39, 17]
[52, 29, 14, 47, 34, 14, 42, 19, 19, 13, 44, 51, 13, 50, 28]
[30, 7, 17, 50, 41, 6, 28, 9, 24, 49, 49, 50, 34, 29, 45]
[29, 48, 15, 51, 10, 39, 52, 8, 49, 26, 51, 38, 46, 42, 35]
[36, 32, 42, 20, 38, 38, 27, 45, 27, 47, 11, 38, 46, 29, 26]
[23, 27, 47, 8, 18, 51, 29, 6, 47, 24, 7, 51, 45, 16, 47]
[39, 35, 17, 10, 11, 11, 52, 33, 9, 35, 10, 20, 37, 27, 31]
[38, 47, 15, 6, 23, 11, 4, 43, 32, 19, 12, 39, 5, 26, 8]
[20, 24, 46, 43, 40, 18, 34, 19, 52, 24, 30, 40, 51, 27, 31]
[38, 38, 19, 9, 18, 12, 37, 20, 37, 11, 37, 31, 18, 4, 31]
[20, 18, 6, 41, 5, 27, 32, 20, 29, 47, 52, 27, 26, 25, 43]
[25, 8, 49, 19, 27, 49, 33, 31, 16, 43, 38, 52, 20, 33, 42]
[14, 34, 35, 15, 22, 11, 43, 25, 24, 9, 51, 47, 18, 52, 36]
[21, 19, 9, 12, 45, 28, 20, 20, 35, 40, 21, 49, 22, 43, 17]
[49, 41, 30, 43, 19, 40, 30, 40, 50, 33, 5, 22, 29, 46, 10]
[6, 50, 20, 34, 7, 21, 36, 14, 21, 27, 12, 49, 7, 21, 35]
[30, 30, 32, 35, 34, 45, 8, 24, 46, 39, 42, 9, 48, 52, 7]
[34, 38, 36, 41, 20, 42, 14, 30, 6, 48, 24, 28, 39, 50, 31]
[44, 44, 23, 24, 38, 15, 25, 16, 21, 30, 9, 6, 23, 44, 21]
[52, 24, 42, 30, 28, 10, 43, 47, 42, 7, 27, 47, 22, 26, 47]
[18, 27, 10, 5, 10, 8, 18, 41, 5, 33, 23, 16, 25, 45, 22]
[42, 17, 14, 24, 45, 25, 21, 32, 45, 43, 21, 15, 13, 24, 9]
[16, 37, 16, 31, 23, 40, 24, 20, 22, 34, 27, 28, 40, 32, 41]
[19, 9, 36, 51, 25, 39, 33, 23, 33, 46, 27, 33, 16, 32, 33]
[41, 13, 44, 29, 49, 13, 14, 23, 29, 44, 45, 16, 21, 26, 35]
[6, 22, 24, 26, 52, 7, 42, 16, 18, 27, 18, 50, 7, 40, 14]
[37, 33, 33, 9, 51, 32, 27, 17, 15, 52, 30, 38, 49, 24, 39]
[23, 39, 12, 11, 4, 36, 51, 45, 51, 9, 9, 44, 34, 13, 39]
[30, 40, 36, 33, 16, 21, 15, 23, 6, 32, 41, 5, 11, 26, 21]
[21, 29, 47, 51, 32, 26, 51, 8, 30, 39, 26, 50, 9, 43, 36]
[25, 12, 15, 20, 22, 36, 34, 26, 5, 39, 6, 27, 16, 15, 28]
[38, 32, 14, 17, 13, 25, 44, 42, 28, 40, 32, 19, 11, 29, 43]
[7, 33, 4, 34, 51, 7, 34, 38, 48, 26, 6, 19, 32, 51, 38]
[42, 8, 22, 35, 52, 16, 45, 47, 40, 49, 9, 35, 23, 4, 46]
[27, 5, 6, 50, 13, 35, 18, 39, 9, 13, 51, 42, 21, 15, 7]
[11, 30, 37, 25, 12, 48, 25, 49, 47, 38, 13, 31, 4, 41, 32]
[27, 13, 51, 52, 42, 27, 26, 27, 13, 27, 11, 46, 49, 40, 9]
[44, 52, 42, 26, 23, 17, 16, 33, 12, 19, 23, 50, 5, 5, 52]
[49, 9, 35, 47, 47, 11, 21, 19, 36, 30, 10, 49, 49, 4, 22]
[5, 26, 26, 9, 17, 18, 42, 34, 15, 39, 5, 52, 45, 38, 42]
[40, 44, 36, 15, 26, 33, 28, 9, 40, 26, 30, 52, 37, 4, 20]
[44, 52, 17, 39, 14, 37, 24, 29, 32, 13, 39, 37, 27, 12, 22]
[41, 25, 13, 4, 5, 23, 19, 34, 35, 31, 16, 37, 7, 52, 25]
[39, 12, 36, 33, 27, 9, 19, 5, 45, 12, 7, 21, 41, 35, 51]
[14, 39, 6, 52, 16, 52, 46, 5, 6, 42, 4, 46, 24, 20, 25]
[20, 16, 14, 40, 10, 9, 44, 28, 17, 28, 33, 29, 4, 6, 29]
[4, 35, 15, 50, 50, 48, 37, 17, 14, 35, 7, 30, 6, 10, 27]
[26, 6, 51, 49, 22, 25, 30, 51, 52, 21, 8, 9, 22, 51, 8]
[13, 29, 16, 44, 30, 30, 34, 25, 23, 10, 40, 45, 35, 19, 8]
[11, 30, 17, 33, 31, 35, 12, 37, 18, 35, 29, 22, 24, 24, 18]
[40, 39, 27, 37, 50, 24, 38, 6, 33, 32, 12, 36, 22, 29, 11]
[23, 36, 52, 47, 12, 11, 16, 11, 15, 46, 6, 10, 11, 30, 32]
[13, 50, 12, 52, 6, 5, 15, 15, 15, 26, 39, 36, 28, 44, 31]
[8, 52, 35, 27, 19, 10, 34, 50, 24, 7, 37, 10, 17, 5, 32]
[12, 25, 12, 51, 27, 10, 38, 22, 18, 47, 24, 31, 7, 44, 23]
[32, 17, 13, 46, 48, 42, 30, 21, 18, 24, 24, 36, 27, 44, 14]
[42, 36, 41, 23, 52, 51, 27, 50, 27, 22, 35, 26, 49, 40, 47]
[34, 14, 38, 13, 45, 39, 23, 37, 46, 41, 8, 27, 20, 32, 32]
[45, 7, 39, 31, 49, 5, 44, 8, 44, 45, 47, 24, 26, 21, 24]
[11, 18, 39, 29, 8, 6, 23, 39, 7, 52, 10, 21, 34, 19, 47]
[47, 26, 47, 8, 5, 7, 15, 5, 47, 31, 17, 52, 42, 47, 35]
[33, 11, 45, 8, 31, 46, 35, 48, 4, 18, 18, 42, 41, 4, 50]
[41, 31, 28, 23, 10, 30, 50, 14, 38, 24, 43, 41, 4, 49, 46]
[24, 50, 29, 23, 16, 26, 26, 42, 20, 31, 48, 14, 43, 23, 42]
[36, 17, 44, 44, 8, 30, 14, 22, 23, 11, 11, 8, 36, 30, 9]
[37, 8, 50, 44, 48, 9, 14, 7, 22, 20, 10, 22, 24, 14, 46]
[37, 24, 44, 5, 14, 36, 50, 9, 31, 33, 26, 33, 22, 38, 16]
[9, 51, 31, 49, 27, 35, 30, 44, 10, 11, 41, 36, 14, 27, 4]
[35, 45, 41, 11, 49, 9, 42, 23, 50, 31, 34, 26, 50, 30, 34]
[28, 36, 14, 37, 14, 9, 43, 52, 7, 16, 35, 45, 26, 42, 4]
[4, 26, 12, 13, 21, 34, 27, 51, 10, 43, 52, 24, 30, 25, 50]
[9, 8, 50, 19, 24, 34, 15, 28, 10, 16, 36, 40, 12, 8, 29]
[47, 22, 6, 8, 50, 8, 39, 48, 12, 5, 9, 46, 43, 8, 23]
[34, 42, 9, 22, 46, 36, 38, 49, 11, 49, 49, 28, 33, 24, 46]
[9, 34, 36, 11, 24, 4, 26, 28, 19, 16, 52, 18, 10, 26, 14]
[33, 52, 34, 5, 6, 44, 10, 5, 49, 37, 4, 7, 31, 42, 13]
[27, 19, 42, 16, 43, 32, 6, 35, 42, 33, 33, 41, 33, 38, 24]
[21, 42, 35, 7, 51, 30, 52, 42, 8, 41, 18, 51, 12, 4, 9]
[25, 24, 42, 29, 49, 22, 32, 9, 47, 24, 20, 32, 34, 14, 40]
[47, 13, 12, 14, 45, 32, 7, 21, 43, 44, 14, 52, 5, 18, 27]
[7, 15, 21, 10, 29, 5, 20, 46, 29, 15, 48, 43, 34, 47, 21]
[8, 43, 27, 44, 41, 4, 30, 8, 11, 51, 46, 15, 39, 47, 40]
[4, 7, 25, 40, 35, 36, 33, 7, 26, 5, 22, 23, 19, 45, 8]
[40, 33, 48, 51, 44, 40, 28, 37, 34, 25, 49, 47, 6, 5, 28]
[50, 25, 24, 32, 22, 17, 52, 30, 36, 23, 40, 18, 48, 46, 25]
[42, 5, 40, 30, 14, 35, 23, 15, 42, 14, 23, 6, 5, 34, 6]
[41, 31, 5, 25, 25, 35, 10, 47, 29, 4, 31, 37, 19, 48, 17]
[14, 39, 47, 45, 35, 6, 15, 25, 52, 17, 6, 40, 19, 26, 29]
[42, 25, 40, 12, 49, 5, 13, 20, 42, 11, 26, 47, 41, 20, 31]
[15, 18, 18, 18, 51, 39, 50, 39, 20, 52, 9, 35, 31, 27, 37]
[39, 20, 22, 38, 28, 7, 49, 34, 37, 10, 48, 9, 49, 22, 36]
[30, 47, 16, 51, 29, 12, 16, 16, 7, 9, 37, 8, 7, 34, 11]
[49, 34, 16, 39, 35, 31, 19, 10, 47, 42, 15, 46, 6, 15, 24]
[37, 11, 28, 38, 50, 51, 18, 15, 33, 43, 4, 41, 45, 5, 19]
[17, 16, 12, 47, 21, 23, 23, 51, 21, 26, 48, 34, 17, 29, 5]
[11, 5, 35, 48, 15, 17, 48, 16, 23, 10, 6, 32, 18, 5, 10]
[6, 22, 46, 27, 30, 23, 26, 18, 35, 50, 16, 4, 32, 42, 44]
[45, 51, 43, 36, 36, 34, 30, 24, 29, 29, 36, 25, 14, 34, 36]
[41, 44, 34, 50, 37, 4, 45, 23, 36, 14, 28, 10, 23, 52, 31]
[16, 49, 41, 22, 46, 8, 48, 51, 26, 45, 35, 33, 44, 32, 11]
[4, 16, 26, 32, 41, 19, 4, 42, 40, 5, 46, 35, 34, 11, 42]
[24, 8, 29, 42, 40, 35, 25, 51, 13, 8, 24, 43, 47, 43, 41]
[7, 24, 20, 44, 7, 35, 15, 36, 41, 37, 30, 34, 49, 35, 40]
[26, 51, 32, 11, 23, 7, 19, 48, 37, 8, 50, 28, 10, 7, 13]
[45, 29, 21, 22, 23, 10, 43, 15, 12, 19, 20, 7, 44, 16, 24]
[52, 12, 16, 46, 11, 49, 36, 17, 31, 46, 23, 8, 52, 30, 48]
[49, 9, 51, 12, 27, 22, 20, 49, 17, 32, 31, 31, 43, 36, 36]
[41, 14, 6, 32, 5, 19, 22, 37, 44, 8, 30, 37, 28, 40, 41]
[33, 23, 45, 26, 29, 11, 29, 43, 33, 14, 16, 34, 25, 23, 12]
[27, 7, 19, 26, 32, 13, 6, 52, 17, 40, 7, 48, 36, 33, 50]
[31, 6, 8, 29, 22, 9, 45, 48, 34, 30, 32, 41, 12, 6, 30]
[40, 28, 20, 15, 7, 9, 10, 48, 50, 51, 26, 28, 20, 12, 9]
[24, 50, 21, 18, 45, 42, 5, 46, 13, 20, 11, 12, 19, 31, 20]
[27, 17, 22, 19, 39, 28, 26, 46, 47, 8, 48, 38, 32, 10, 47]
[9, 12, 34, 40, 43, 4, 17, 30, 42, 51, 15, 34, 37, 51, 24]
[48, 10, 37, 17, 42, 31, 42, 35, 52, 42, 11, 30, 12, 16, 22]
[25, 19, 19, 13, 38, 44, 48, 36, 24, 29, 43, 41, 4, 41, 36]
[16, 51, 52, 32, 12, 37, 27, 21, 32, 13, 40, 11, 46, 52, 22]
[50, 48, 35, 41, 52, 24, 7, 8, 49, 48, 43, 23, 50, 39, 9]
[6, 29, 25, 36, 39, 9, 47, 39, 14, 19, 17, 36, 22, 10, 27]
[39, 4, 29, 18, 50, 45, 9, 51, 52, 10, 38, 20, 44, 25, 46]
[44, 29, 40, 11, 20, 47, 50, 21, 41, 35, 13, 11, 9, 13, 19]
[15, 27, 52, 26, 26, 52, 8, 9, 22, 47, 15, 23, 52, 35, 28]
[52, 16, 41, 36, 51, 37, 4, 38, 17, 27, 13, 9, 20, 19, 19]
[8, 47, 9, 29, 5, 9, 4, 37, 50, 27, 43, 8, 17, 31, 4]
[41, 43, 8, 36, 32, 30, 42, 37, 33, 17, 52, 48, 22, 50, 43]
[51, 11, 18, 52, 31, 49, 44, 50, 25, 4, 31, 26, 37, 18, 51]
[47, 6, 15, 52, 9, 46, 40, 26, 38, 16, 18, 33, 46, 42, 45]
[12, 26, 37, 19, 7, 49, 31, 33, 14, 27, 39, 42, 21, 48, 33]
[42, 51, 5, 41, 45, 21, 48, 41, 18, 48, 34, 18, 10, 21, 51]
[20, 14, 30, 34, 47, 19, 37, 22, 46, 14, 24, 9, 38, 20, 44]
[32, 46, 29, 48, 11, 48, 35, 9, 47, 15, 20, 50, 52, 18, 44]
[38, 11, 23, 40, 45, 22, 6, 30, 40, 24, 46, 6, 9, 48, 50]
[33, 29, 6, 27, 46, 35, 5, 27, 38, 7, 50, 25, 18, 24, 19]
[34, 46, 25, 21, 29, 10, 19, 6, 8, 50, 39, 11, 14, 48, 20]
[34, 4, 50, 45, 13, 11, 24, 34, 5, 39, 33, 15, 20, 21, 28]
[52, 8, 21, 43, 40, 24, 35, 32, 25, 17, 17, 24, 5, 19, 41]
[51, 34, 7, 37, 14, 11, 15, 23, 10, 29, 44, 18, 15, 5, 43]
[41, 51, 23, 15, 31, 40, 19, 7, 30, 50, 18, 35, 36, 33, 47]
[44, 30, 20, 31, 28, 40, 34, 51, 15, 9, 35, 21, 44, 45, 20]
[52, 40, 15, 6, 14, 21, 15, 50, 20, 45, 46, 15, 15, 45, 7]
[6, 36, 22, 50, 48, 14, 11, 18, 46, 28, 15, 34, 12, 25, 45]
[40, 11, 8, 32, 18, 51, 39, 29, 14, 26, 40, 38, 14, 10, 28]
[30, 35, 50, 24, 18, 49, 33, 19, 14, 40, 9, 14, 11, 31, 40]
[22, 24, 32, 19, 7, 41, 51, 23, 34, 10, 49, 51, 17, 52, 32]
[32, 41, 4, 13, 39, 5, 48, 40, 32, 20, 18, 35, 18, 8, 25]
[31, 31, 27, 45, 19, 31, 4, 12, 14, 27, 14, 36, 11, 15, 41]
[39, 38, 15, 34, 5, 52, 18, 40, 23, 51, 34, 29, 45, 47, 43]
[25, 20, 31, 24, 10, 6, 31, 35, 12, 14, 31, 25, 26, 36, 19]
[5, 7, 44, 20, 10, 15, 18, 26, 16, 31, 24, 32, 14, 21, 5]
[43, 47, 13, 19, 34, 46, 21, 5, 27, 13, 18, 19, 52, 8, 43]
[7, 40, 50, 5, 38, 12, 16, 45, 14, 15, 17, 15, 14, 38, 26]
[45, 7, 43, 17, 20, 6, 12, 47, 24, 9, 40, 18, 42, 18, 11]
[46, 6, 14, 51, 43, 26, 15, 16, 21, 16, 11, 7, 30, 34, 10]
[21, 48, 26, 37, 48, 52, 10, 17, 9, 19, 5, 13, 17, 25, 45]
[30, 34, 42, 31, 44, 46, 52, 34, 36, 43, 38, 26, 32, 10, 32]
[7, 39, 29, 9, 24, 47, 48, 41, 45, 52, 43, 43, 37, 17, 14]
[51, 21, 41, 37, 48, 32, 20, 39, 13, 33, 45, 47, 28, 17, 39]
[22, 16, 42, 27, 38, 42, 13, 39, 5, 18, 20, 50, 41, 47, 4]
[33, 22, 45, 16, 36, 17, 38, 52, 4, 42, 47, 29, 28, 15, 40]
[5, 28, 27, 9, 28, 35, 6, 30, 15, 10, 4, 42, 27, 46, 48]
[36, 4, 30, 31, 33, 14, 46, 47, 35, 7, 7, 24, 13, 9, 11]
[19, 30, 30, 23, 30, 24, 20, 19, 18, 8, 7, 11, 34, 29, 8]
[33, 34, 18, 18, 36, 15, 19, 44, 24, 7, 18, 28, 15, 46, 32]
[23, 36, 44, 10, 19, 10, 37, 44, 14, 28, 26, 26, 35, 10, 9]
[52, 42, 36, 49, 34, 40, 43, 4, 50, 7, 51, 38, 47, 52, 21]
[46, 10, 46, 15, 27, 18, 32, 47, 29, 42, 22, 16, 38, 21, 46]
[28, 30, 25, 47, 15, 28, 7, 21, 37, 31, 15, 40, 17, 34, 9]
[13, 6, 43, 18, 13, 11, 18, 10, 48, 37, 12, 22, 7, 44, 32]
[17, 4, 11, 22, 19, 19, 31, 37, 4, 31, 48, 28, 39, 14, 34]
[23, 48, 34, 31, 4, 45, 11, 10, 40, 40, 39, 43, 21, 29, 29]
[36, 31, 41, 31, 48, 23, 43, 36, 35, 12, 41, 32, 43, 30, 52]
[37, 23, 51, 19, 4, 46, 38, 9, 15, 45, 25, 14, 35, 16, 10]
[29, 15, 35, 46, 39, 4, 10, 20, 18, 12, 18, 12, 33, 6, 6]
[8, 40, 37, 10, 50, 22, 14, 16, 46, 40, 9, 19, 10, 26, 32]
[22, 51, 51, 32, 50, 25, 26, 17, 8, 44, 24, 36, 12, 41, 17]
[38, 38, 4, 48, 24, 29, 36, 47, 29, 5, 49, 49, 50, 11, 43]
[24, 38, 22, 27, 25, 9, 8, 27, 24, 46, 52, 51, 23, 37, 39]
[45, 52, 27, 41, 51, 29, 17, 18, 14, 27, 27, 28, 13, 38, 33]
[19, 15, 23, 13, 45, 4, 39, 33, 34, 27, 11, 31, 16, 29, 11]
[14, 7, 37, 44, 43, 49, 49, 13, 6, 17, 6, 6, 42, 44, 6]
[10, 46, 42, 50, 19, 33, 11, 7, 11, 33, 45, 17, 5, 46, 12]
[22, 34, 4, 21, 10, 49, 5, 33, 10, 30, 44, 41, 22, 20, 20]
[28, 13, 12, 15, 14, 22, 8, 10, 12, 21, 31, 4, 26, 36, 52]
[44, 35, 22, 5, 27, 6, 17, 18, 20, 31, 17, 47, 10, 22, 44]
[31, 30, 9, 39, 35, 47, 9, 8, 27, 18, 30, 4, 45, 27, 17]
[25, 37, 34, 29, 38, 24, 20, 35, 25, 34, 20, 12, 49, 47, 8]
[11, 21, 33, 21, 5, 31, 49, 32, 48, 44, 32, 15, 40, 18, 4]
[15, 28, 18, 38, 43, 39, 27, 45, 44, 31, 17, 33, 19, 39, 6]
[26, 34, 50, 14, 35, 26, 46, 46, 39, 49, 49, 18, 35, 18, 46]
[22, 43, 33, 46, 36, 41, 50, 35, 25, 23, 6, 45, 13, 49, 4]
[29, 47, 52, 36, 49, 7, 51, 48, 23, 32, 16, 42, 46, 49, 30]
[39, 4, 43, 15, 6, 39, 17, 6, 30, 24, 46, 14, 50, 6, 36]
[23, 20, 28, 11, 12, 7, 36, 25, 18, 14, 15, 27, 46, 39, 25]
[28, 23, 52, 25, 42, 16, 25, 19, 31, 34, 4, 27, 21, 49, 41]
[30, 46, 26, 7, 47, 21, 5, 50, 28, 48, 43, 11, 39, 37, 40]
[10, 33, 20, 45, 31, 26, 7, 42, 24, 51, 6, 47, 34, 11, 19]
[11, 48, 22, 25, 22, 38, 21, 38, 9, 23, 33, 17, 29, 34, 33]
[19, 26, 34, 16, 12, 45, 29, 12, 12, 20, 4, 45, 7, 23, 31]
[33, 43, 41, 29, 16, 45, 41, 48, 42, 16, 34, 42, 6, 25, 12]
[34, 27, 6, 27, 43, 21, 31, 43, 51, 28, 51, 43, 4, 6, 18]
[42, 51, 45, 51, 31, 18, 35, 43, 19, 32, 11, 13, 52, 27, 49]
[33, 35, 6, 28, 47, 36, 50, 31, 23, 51, 47, 12, 43, 15, 43]
[22, 4, 30, 40, 21, 44, 33, 51, 45, 26, 7, 7, 24, 46, 13]
[19, 5, 45, 23, 22, 31, 51, 46, 43, 35, 41, 51, 17, 31, 38]
[43, 24, 15, 12, 31, 45, 30, 44, 35, 31, 40, 22, 49, 6, 23]
[30, 29, 5, 35, 17, 6, 47, 24, 18, 39, 12, 34, 24, 20, 38]
[52, 11, 17, 6, 26, 49, 5, 38, 32, 44, 26, 19, 17, 20, 14]
[16, 8, 28, 19, 30, 45, 41, 52, 47, 14, 14, 40, 21, 32, 12]
[47, 8, 7, 35, 16, 27, 20, 22, 17, 36, 47, 46, 19, 41, 26]
[40, 16, 48, 16, 16, 10, 28, 41, 31, 6, 42, 12, 42, 22, 30]
[43, 38, 6, 18, 39, 12, 32, 45, 49, 43, 48, 4, 38, 27, 13]
[46, 20, 5, 23, 7, 20, 27, 27, 5, 5, 39, 24, 14, 12, 8]
[51, 47, 48, 45, 9, 31, 21, 23, 31, 33, 42, 16, 48, 51, 24]
[35, 31, 7, 8, 33, 13, 25, 6, 6, 34, 38, 5, 11, 13, 4]
[45, 47, 19, 9, 17, 4, 16, 24, 8, 4, 12, 40, 9, 29, 40]
[25, 19, 38, 30, 27, 47, 46, 36, 29, 50, 25, 33, 41, 20, 27]
[30, 22, 21, 42, 40, 15, 7, 14, 24, 24, 20, 8, 47, 8, 50]
[52, 48, 10, 32, 49, 51, 5, 40, 47, 47, 21, 28, 45, 40, 26]
[47, 25, 8, 25, 21, 16, 32, 12, 13, 18, 41, 34, 11, 13, 7]
[21, 35, 39, 36, 40, 28, 51, 48, 9, 12, 29, 17, 7, 49, 21]
[27, 32, 51, 47, 17, 40, 5, 49, 8, 25, 11, 17, 12, 11, 13]
[31, 10, 50, 29, 46, 6, 28, 29, 18, 14, 19, 9, 17, 4, 11]
[12, 10, 17, 42, 28, 25, 32, 7, 48, 36, 11, 46, 17, 6, 29]
[31, 28, 33, 40, 44, 27, 19, 51, 29, 48, 35, 4, 14, 33, 37]
[37, 26, 19, 46, 25, 15, 16, 40, 30, 48, 20, 42, 27, 22, 26]
[4, 12, 11, 25, 12, 8, 35, 49, 31, 41, 10, 47, 38, 6, 51]
[14, 20, 13, 43, 17, 17, 18, 41, 46, 17, 10, 27, 15, 40, 14]
[23, 29, 5, 38, 35, 51, 41, 27, 7, 4, 43, 27, 19, 35, 5]
[52, 27, 17, 41, 17, 38, 31, 14, 4, 25, 14, 45, 40, 43, 43]
[45, 44, 17, 43, 6, 43, 25, 32, 7, 6, 30, 52, 7, 48, 12]
[16, 23, 6, 11, 23, 37, 44, 32, 22, 48, 49, 45, 49, 16, 52]
[50, 28, 37, 18, 15, 14, 11, 24, 11, 6, 41, 26, 44, 20, 34]
[31, 45, 32, 21, 19, 37, 33, 50, 23, 10, 8, 18, 33, 19, 25]
[14, 23, 29, 29, 35, 29, 27, 32, 18, 22, 8, 42, 10, 6, 47]
[12, 25, 21, 35, 48, 5, 30, 32, 27, 13, 32, 34, 37, 7, 39]
[6, 22, 14, 37, 19, 22, 33, 7, 43, 13, 50, 18, 15, 27, 43]
[24, 39, 36, 4, 30, 45, 9, 40, 8, 21, 6, 39, 31, 23, 9]
[35, 11, 30, 19, 14, 16, 33, 21, 20, 35, 12, 6, 10, 5, 24]
[45, 41, 15, 4, 41, 5, 13, 16, 49, 37, 46, 8, 8, 25, 33]
[4, 31, 51, 38, 20, 5, 7, 6, 7, 22, 29, 11, 4, 18, 42]
[48, 42, 13, 29, 37, 27, 23, 7, 43, 13, 17, 5, 4, 36, 29]
[12, 9, 44, 21, 30, 19, 49, 15, 46, 12, 40, 4, 30, 10, 11]
[37, 11, 15, 17, 5, 40, 23, 52, 17, 43, 38, 16, 19, 29, 39]
[33, 38, 20, 26, 12, 8, 40, 41, 27, 16, 45, 29, 18, 9, 15]
[19, 15, 11, 34, 26, 33, 28, 13, 20, 21, 32, 42, 38, 28, 10]
[50, 36, 5, 23, 41, 40, 47, 11, 24, 32, 40, 38, 10, 13, 44]
[52, 16, 49, 10, 23, 32, 47, 24, 14, 8, 33, 7, 51, 32, 48]
[8, 21, 35, 31, 25, 24, 21, 30, 11, 8, 16, 39, 46, 36, 19]
[43, 28, 13, 41, 15, 51, 11, 6, 48, 13, 37, 42, 11, 45, 38]
[25, 46, 25, 47, 12, 19, 46, 7, 27, 46, 31, 19, 15, 11, 24]
[48, 12, 28, 19, 45, 4, 8, 47, 31, 18, 20, 19, 6, 17, 9]
[17, 18, 37, 20, 33, 9, 26, 18, 12, 25, 37, 39, 44, 50, 32]
[42, 49, 19, 29, 4, 10, 41, 27, 15, 52, 37, 19, 44, 45, 16]
[24, 20, 9, 18, 15, 39, 36, 21, 40, 49, 34, 16, 16, 38, 29]
[10, 13, 13, 35, 23, 42, 17, 24, 48, 32, 46, 24, 13, 13, 19]
[52, 30, 14, 26, 11, 41, 19, 33, 34, 5, 39, 28, 7, 16, 34]
[39, 37, 43, 20, 19, 21, 29, 44, 6, 6, 41, 44, 29, 30, 40]
[36, 36, 27, 42, 10, 32, 13, 40, 28, 25, 30, 6, 19, 34, 48]
[4, 14, 47, 7, 18, 4, 12, 27, 51, 23, 46, 6, 41, 4, 16]
[8, 17, 41, 20, 32, 48, 21, 49, 40, 24, 11, 43, 19, 7, 7]
[39, 37, 40, 27, 38, 7, 32, 9, 38, 9, 51, 45, 11, 7, 20]
[50, 50, 9, 42, 40, 26, 43, 47, 17, 27, 52, 48, 45, 51, 34]
[34, 14, 44, 33, 19, 23, 12, 30, 27, 36, 24, 32, 34, 42, 31]
[24, 49, 33, 49, 52, 34, 24, 33, 35, 38, 18, 20, 48, 23, 38]
[4, 14, 5, 19, 35, 7, 18, 50, 39, 4, 15, 11, 48, 35, 33]
[15, 52, 29, 13, 5, 20, 17, 43, 27, 15, 44, 40, 25, 48, 41]
[21, 37, 44, 43, 6, 44, 37, 32, 5, 14, 51, 36, 27, 47, 20]
[12, 32, 10, 33, 13, 16, 24, 20, 10, 11, 37, 31, 41, 22, 5]
[4, 33, 51, 52, 33, 27, 49, 25, 16, 23, 32, 13, 32, 20, 45]
[46, 6, 19, 7, 37, 44, 40, 43, 31, 34, 49, 9, 47, 34, 52]
[10, 22, 49, 17, 28, 8, 50, 45, 15, 22, 22, 47, 44, 11, 47]
[43, 31, 39, 36, 44, 4, 20, 52, 26, 51, 39, 40, 29, 25, 30]
[47, 52, 50, 46, 44, 20, 47, 23, 27, 52, 11, 14, 38, 40, 37]
[8, 29, 30, 24, 13, 15, 9, 51, 35, 10, 51, 10, 51, 48, 44]
[44, 22, 27, 25, 44, 12, 51, 4, 44, 8, 9, 35, 52, 11, 37]
[40, 23, 47, 18, 26, 4, 8, 13, 36, 17, 35, 11, 45, 48, 39]
[22, 10, 25, 48, 36, 9, 32, 47, 16, 44, 30, 5, 47, 35, 24]
[15, 30, 40, 11, 22, 29, 11, 32, 20, 17, 13, 9, 15, 16, 22]
[25, 52, 27, 32, 13, 31, 29, 14, 32, 12, 35, 46, 18, 20, 46]
[23, 41, 37, 21, 24, 26, 20, 23, 33, 10, 45, 43, 13, 24, 47]
[8, 12, 26, 30, 24, 12, 31, 21, 24, 42, 39, 6, 52, 31, 48]
[29, 51, 39, 31, 36, 44, 17, 18, 39, 23, 29, 41, 50, 8, 46]
[7, 14, 23, 17, 34, 18, 31, 11, 21, 28, 30, 42, 5, 5, 41]
[45, 41, 20, 13, 25, 43, 49, 30, 47, 50, 32, 11, 43, 5, 29]
[26, 29, 18, 50, 8, 31, 7, 40, 44, 34, 4, 32, 41, 19, 47]
[9, 32, 25, 41, 6, 17, 27, 12, 45, 4, 43, 33, 14, 45, 36]
[30, 46, 10, 11, 34, 21, 24, 12, 9, 10, 27, 44, 7, 48, 23]
[32, 46, 18, 6, 48, 16, 32, 25, 8, 37, 13, 19, 26, 46, 29]
[26, 14, 37, 48, 10, 28, 31, 10, 47, 7, 47, 49, 21, 45, 51]
[12, 26, 15, 22, 20, 38, 16, 36, 11, 11, 29, 10, 30, 35, 24]
[29, 23, 41, 39, 51, 29, 40, 16, 17, 11, 22, 8, 21, 5, 8]
[41, 19, 4, 43, 5, 18, 16, 46, 52, 5, 52, 16, 50, 16, 42]
[6, 11, 27, 25, 13, 20, 26, 21, 49, 47, 24, 20, 4, 23, 33]
[15, 18, 52, 23, 38, 25, 20, 28, 43, 7, 45, 48, 9, 29, 38]
[44, 10, 8, 46, 24, 34, 19, 10, 44, 23, 25, 8, 15, 4, 51]
[50, 39, 32, 4, 16, 24, 33, 9, 40, 37, 28, 36, 5, 51, 21]
[34, 29, 35, 48, 9, 42, 26, 40, 28, 29, 48, 49, 32, 22, 11]
[12, 21, 51, 12, 31, 36, 10, 39, 27, 52, 35, 24, 40, 48, 37]
[41, 32, 27, 10, 32, 17, 41, 17, 6, 4, 33, 14, 11, 21, 20]
[47, 6, 9, 7, 43, 50, 44, 41, 45, 22, 28, 16, 33, 29, 49]
[16, 7, 35, 39, 23, 39, 7, 48, 8, 41, 44, 47, 32, 33, 4]
[22, 44, 47, 31, 52, 34, 52, 13, 51, 29, 47, 7, 11, 15, 6]
[26, 14, 19, 44, 52, 30, 4, 18, 41, 51, 40, 39, 5, 42, 7]
[33, 47, 12, 33, 21, 47, 32, 43, 42, 22, 17, 50, 49, 37, 13]
[22, 44, 38, 26, 30, 46, 4, 38, 37, 44, 8, 44, 39, 22, 10]
[5, 6, 37, 37, 39, 6, 38, 7, 35, 27, 45, 52, 28, 5, 42]
[47, 48, 15, 31, 9, 7, 26, 4, 41, 7, 37, 39, 28, 29, 38]
[37, 50, 28, 8, 12, 25, 29, 24, 20, 44, 22, 5, 37, 14, 8]
[28, 43, 39, 28, 40, 14, 6, 12, 48, 8, 25, 22, 9, 27, 20]
[9, 33, 31, 34, 45, 43, 25, 37, 27, 33, 26, 13, 15, 51, 28]
[11, 50, 15, 4, 30, 13, 49, 41, 6, 12, 14, 25, 14, 39, 15]
[5, 34, 9, 26, 42, 29, 40, 37, 39, 23, 31, 16, 39, 49, 38]
[11, 38, 17, 14, 7, 16, 25, 46, 4, 40, 24, 25, 9, 31, 32]
[16, 31, 28, 17, 36, 19, 43, 42, 41, 26, 50, 33, 7, 25, 9]
[17, 35, 10, 16, 49, 42, 27, 29, 41, 8, 37, 26, 15, 46, 12]
[40, 13, 26, 11, 20, 19, 46, 49, 21, 36, 17, 48, 34, 43, 40]
[35, 17, 44, 15, 52, 42, 4, 9, 30, 5, 44, 28, 49, 18, 41]
[35, 25, 27, 8, 44, 13, 27, 24, 50, 37, 14, 6, 6, 31, 22]
[49, 38, 34, 38, 47, 48, 10, 23, 4, 25, 7, 42, 45, 19, 26]
[21, 4, 46, 12, 10, 22, 18, 25, 41, 35, 20, 20, 40, 37, 39]
[15, 10, 39, 6, 16, 20, 38, 50, 45, 26, 50, 4, 16, 48, 22]
[51, 32, 20, 49, 48, 42, 52, 52, 6, 41, 33, 21, 15, 43, 31]
[48, 20, 40, 52, 26, 29, 29, 22, 10, 45, 35, 11, 29, 23, 47]
[19, 6, 36, 30, 28, 31, 17, 49, 20, 26, 22, 34, 45, 29, 35]
[16, 4, 40, 12, 17, 48, 21, 14, 44, 22, 17, 20, 39, 17, 35]
[4, 24, 46, 5, 16, 33, 40, 9, 39, 43, 14, 6, 19, 34, 51]
[42, 6, 38, 42, 12, 29, 42, 23, 18, 9, 33, 31, 21, 47, 8]
[34, 26, 20, 46, 39, 38, 28, 31, 7, 8, 7, 44, 4, 26, 27]
[50, 28, 24, 16, 41, 11, 27, 39, 17, 46, 34, 13, 9, 31, 23]
[19, 4, 23, 31, 30, 12, 46, 34, 28, 19, 16, 21, 27, 6, 24]
[9, 7, 24, 21, 36, 46, 38, 17, 40, 26, 15, 30, 35, 12, 14]
[45, 33, 33, 47, 4, 28, 43, 14, 37, 45, 31, 19, 33, 4, 34]
[32, 6, 27, 35, 38, 43, 11, 44, 44, 44, 45, 35, 18, 23, 50]
[19, 4, 10, 13, 44, 17, 40, 49, 43, 44, 32, 21, 36, 27, 29]
[24, 47, 7, 23, 18, 27, 35, 39, 37, 38, 23, 52, 5, 36, 7]
[21, 42, 13, 9, 51, 20, 10, 22, 23, 19, 26, 4, 39, 52, 44]
[49, 39, 21, 28, 37, 50, 49, 22, 4, 24, 26, 5, 28, 9, 17]
[18, 46, 11, 11, 4, 40, 14, 21, 5, 37, 46, 23, 5, 48, 9]
[26, 48, 8, 30, 26, 35, 30, 6, 50, 4, 21, 29, 14, 29, 45]
[42, 13, 14, 22, 7, 51, 9, 25, 5, 49, 19, 43, 8, 35, 12]
[51, 27, 45, 23, 52, 45, 52, 19, 50, 41, 38, 49, 16, 34, 26]
[18, 46, 32, 15, 8, 23, 21, 5, 28, 25, 11, 38, 13, 16, 26]
[23, 44, 42, 48, 31, 46, 42, 31, 20, 19, 31, 20, 44, 45, 5]
[36, 19, 49, 14, 46, 28, 44, 40, 47, 21, 49, 46, 17, 9, 47]
[41, 41, 6, 48, 29, 41, 14, 28, 41, 28, 10, 45, 19, 24, 25]
[49, 6, 31, 42, 38, 36, 24, 24, 39, 34, 24, 23, 31, 39, 16]
[36, 33, 34, 51, 22, 16, 5, 21, 27, 9, 24, 18, 28, 15, 20]
[10, 45, 14, 46, 26, 5, 37, 29, 51, 36, 21, 21, 35, 31, 38]
[21, 32, 50, 9, 41, 15, 38, 25, 12, 23, 47, 30, 39, 40, 8]
[7, 51, 45, 10, 23, 43, 39, 48, 29, 44, 15, 25, 6, 35, 29]
[31, 25, 26, 24, 51, 13, 24, 34, 47, 40, 25, 46, 13, 51, 18]
[46, 45, 49, 16, 23, 39, 25, 28, 49, 48, 26, 46, 16, 15, 12]
[39, 37, 10, 4, 42, 43, 13, 8, 43, 13, 4, 51, 7, 27, 6]
[31, 38, 38, 4, 46, 30, 21, 25, 43, 9, 9, 50, 45, 13, 22]
[38, 10, 32, 6, 7, 37, 45, 20, 52, 36, 13, 44, 37, 50, 51]
[42, 45, 31, 37, 50, 50, 40, 16, 18, 10, 19, 35, 25, 8, 48]
[20, 9, 37, 38, 42, 44, 51, 50, 12, 24, 28, 41, 24, 51, 51]
[16, 21, 45, 20, 38, 43, 50, 17, 50, 17, 16, 18, 36, 17, 27]
[28, 13, 10, 41, 10, 26, 27, 39, 40, 49, 34, 51, 29, 31, 17]
[41, 45, 9, 45, 44, 23, 39, 52, 31, 18, 50, 49, 25, 38, 26]
[28, 4, 35, 24, 50, 26, 25, 5, 39, 17, 41, 23, 6, 15, 40]
[17, 30, 29, 4, 45, 36, 5, 16, 30, 38, 29, 24, 42, 43, 45]
[29, 12, 19, 39, 52, 26, 12, 24, 13, 46, 43, 45, 20, 20, 36]
[27, 42, 51, 19, 11, 48, 34, 13, 9, 9, 50, 38, 50, 26, 47]
[7, 41, 40, 17, 49, 51, 16, 26, 5, 41, 36, 14, 5, 33, 20]
[39, 21, 12, 16, 15, 23, 41, 31, 28, 52, 42, 5, 35, 11, 33]
[22, 21, 18, 45, 22, 50, 36, 43, 36, 35, 28, 12, 21, 21, 25]
[11, 8, 45, 12, 13, 48, 48, 8, 40, 46, 15, 8, 31, 9, 16]
[35, 44, 7, 25, 34, 52, 21, 31, 40, 36, 34, 34, 21, 6, 20]
[41, 48, 26, 26, 36, 14, 40, 5, 5, 7, 19, 46, 6, 21, 4]
[18, 48, 31, 5, 39, 51, 48, 15, 42, 46, 25, 37, 23, 28, 10]
[44, 16, 16, 6, 37, 39, 24, 20, 52, 30, 24, 24, 27, 15, 44]
[12, 5, 34, 35, 21, 8, 52, 50, 6, 16, 32, 32, 16, 32, 46]
[26, 24, 17, 38, 13, 37, 11, 12, 32, 24, 10, 41, 37, 33, 27]
[49, 32, 8, 48, 49, 10, 45, 41, 11, 43, 44, 21, 45, 29, 11]
[37, 34, 31, 4, 16, 44, 11, 16, 42, 38, 13, 24, 48, 12, 52]
[25, 49, 48, 6, 10, 8, 18, 34, 37, 9, 26, 22, 50, 44, 48]
[15, 46, 7, 4, 19, 42, 45, 52, 41, 50, 49, 9, 30, 12, 20]
[8, 13, 48, 9, 26, 47, 44, 33, 44, 24, 41, 7, 4, 13, 24]
[27, 10, 17, 21, 42, 37, 29, 36, 40, 45, 27, 16, 31, 45, 52]
[17, 40, 36, 23, 32, 49, 36, 28, 30, 6, 45, 27, 4, 50, 52]
[19, 15, 25, 45, 13, 50, 49, 46, 4, 46, 52, 44, 10, 40, 44]
[21, 21, 42, 21, 33, 5, 40, 49, 25, 15, 17, 23, 29, 15, 22]
[20, 21, 22, 11, 39, 24, 13, 52, 10, 4, 29, 39, 32, 45, 49]
[26, 8, 48, 6, 48, 34, 43, 4, 14, 11, 44, 6, 47, 24, 4]
[44, 10, 46, 14, 17, 26, 4, 19, 40, 10, 31, 19, 21, 4, 11]
[35, 22, 45, 45, 44, 34, 8, 44, 6, 13, 40, 25, 20, 32, 45]
[46, 20, 38, 49, 6, 17, 35, 13, 23, 22, 23, 10, 18, 32, 4]
[48, 44, 29, 19, 17, 26, 33, 22, 31, 10, 7, 20, 31, 7, 22]
[42, 7, 46, 49, 35, 16, 30, 8, 13, 10, 41, 33, 26, 8, 37]
[25, 29, 38, 15, 8, 38, 9, 28, 25, 36, 32, 11, 24, 10, 6]
[25, 41, 20, 25, 47, 33, 48, 49, 13, 25, 49, 17, 7, 12, 30]
[49, 51, 4, 6, 24, 23, 23, 4, 33, 48, 6, 4, 43, 6, 39]
[23, 13, 44, 19, 27, 29, 4, 20, 26, 51, 26, 33, 18, 22, 28]
[10, 9, 50, 32, 52, 21, 19, 50, 45, 30, 46, 5, 39, 49, 38]
[11, 49, 6, 52, 8, 19, 41, 35, 7, 19, 42, 25, 5, 32, 8]
[13, 9, 20, 29, 34, 50, 7, 17, 19, 49, 49, 40, 5, 14, 37]
[11, 49, 37, 25, 24, 48, 23, 14, 16, 28, 33, 36, 15, 31, 20]
[47, 33, 44, 21, 6, 39, 32, 50, 21, 23, 9, 18, 31, 47, 51]
[45, 31, 44, 37, 32, 7, 27, 9, 7, 13, 51, 12, 12, 10, 15]
[16, 44, 38, 7, 51, 19, 5, 43, 42, 20, 42, 10, 28, 5, 7]
[29, 11, 45, 48, 21, 20, 18, 5, 33, 29, 28, 25, 13, 42, 10]
[6, 15, 16, 42, 23, 48, 21, 49, 41, 4, 51, 12, 8, 5, 42]
[24, 30, 11, 50, 11, 19, 25, 9, 49, 15, 12, 14, 47, 25, 35]
[7, 28, 9, 13, 14, 41, 15, 29, 19, 7, 42, 9, 23, 41, 26]
[25, 12, 30, 32, 37, 41, 17, 42, 38, 26, 49, 8, 17, 40, 10]
[14, 34, 48, 39, 47, 30, 10, 29, 43, 41, 36, 43, 47, 45, 47]
[50, 33, 25, 17, 5, 13, 30, 52, 48, 38, 33, 35, 8, 20, 51]
[24, 39, 48, 51, 16, 46, 7, 26, 9, 24, 11, 44, 8, 30, 48]
[51, 47, 48, 49, 29, 40, 36, 10, 10, 44, 23, 36, 51, 40, 15]
[10, 48, 52, 9, 26, 44, 42, 26, 27, 15, 22, 29, 36, 46, 8]
[49, 36, 16, 32, 34, 41, 51, 28, 24, 30, 7, 48, 4, 46, 21]
[33, 20, 13, 27, 12, 31, 24, 12, 4, 18, 29, 26, 21, 33, 27]
[27, 16, 13, 11, 46, 45, 38, 36, 44, 5, 17, 19, 21, 21, 13]
[10, 52, 16, 20, 22, 50, 22, 39, 45, 23, 52, 34, 40, 13, 27]
[19, 22, 4, 43, 33, 13, 43, 27, 9, 41, 50, 20, 40, 40, 7]
[46, 23, 45, 27, 36, 41, 6, 22, 7, 23, 12, 12, 35, 40, 33]
[39, 32, 24, 44, 42, 49, 44, 29, 20, 42, 40, 52, 9, 41, 5]
[17, 37, 22, 6, 38, 51, 12, 6, 34, 16, 6, 50, 37, 16, 12]
[49, 46, 5, 5, 28, 30, 4, 40, 35, 16, 8, 45, 25, 39, 32]
[4, 19, 29, 17, 23, 33, 51, 25, 44, 45, 36, 21, 51, 20, 52]
[46, 36, 47, 23, 43, 17, 9, 46, 43, 44, 43, 50, 40, 42, 35]
[16, 10, 24, 39, 20, 9, 4, 44, 7, 8, 51, 36, 10, 48, 29]
[24, 12, 49, 8, 30, 43, 20, 33, 38, 34, 41, 24, 47, 31, 9]
[41, 44, 39, 21, 47, 10, 29, 41, 16, 40, 46, 33, 33, 35, 42]
[31, 47, 35, 36, 49, 6, 42, 36, 10, 42, 19, 51, 36, 33, 49]
[20, 16, 34, 51, 24, 16, 28, 50, 12, 32, 45, 43, 5, 32, 37]
[27, 42, 41, 43, 17, 33, 39, 32, 45, 20, 29, 15, 44, 10, 16]
[30, 12, 26, 14, 43, 14, 10, 52, 22, 7, 14, 38, 12, 37, 4]
[13, 52, 29, 18, 10, 33, 47, 51, 20, 5, 36, 17, 42, 43, 44]
[40, 50, 10, 31, 28, 47, 17, 20, 30, 46, 26, 14, 51, 49, 12]
[35, 18, 10, 50, 18, 52, 16, 22, 12, 47, 10, 4, 11, 8, 23]
[45, 37, 41, 25, 52, 40, 52, 46, 8, 45, 19, 21, 36, 39, 41]
[25, 36, 48, 45, 24, 13, 4, 19, 21, 28, 34, 37, 48, 12, 24]
[16, 27, 13, 52, 43, 40, 17, 5, 42, 41, 31, 48, 34, 41, 32]
[10, 50, 18, 48, 39, 23, 38, 15, 11, 36, 5, 21, 8, 14, 33]
[14, 15, 25, 48, 37, 42, 22, 49, 26, 41, 9, 52, 49, 41, 39]
[31, 43, 15, 31, 8, 38, 8, 39, 48, 46, 12, 16, 30, 6, 41]
[26, 20, 36, 18, 50, 19, 36, 42, 49, 39, 32, 30, 40, 52, 45]
[20, 43, 21, 40, 27, 32, 24, 8, 36, 36, 36, 25, 28, 25, 46]
[9, 46, 22, 48, 49, 29, 21, 24, 19, 12, 17, 23, 22, 46, 18]
[13, 43, 52, 44, 50, 39, 50, 25, 10, 9, 17, 29, 16, 13, 19]
[51, 37, 47, 26, 49, 11, 6, 47, 44, 34, 4, 6, 19, 26, 45]
[46, 50, 28, 38, 35, 33, 39, 28, 26, 34, 21, 31, 4, 19, 50]
[10, 19, 14, 44, 40, 36, 26, 14, 22, 7, 20, 10, 9, 47, 49]
[47, 49, 28, 18, 19, 45, 23, 35, 34, 50, 32, 33, 7, 27, 37]
[44, 48, 26, 26, 10, 47, 5, 19, 43, 27, 43, 26, 48, 27, 39]
[5, 23, 15, 28, 21, 22, 44, 16, 4, 21, 5, 8, 22, 14, 46]
[34, 28, 16, 34, 43, 26, 34, 28, 14, 46, 18, 17, 25, 19, 5]
[19, 49, 48, 12, 17, 46, 45, 29, 18, 32, 29, 42, 47, 14, 31]
[37, 28, 46, 14, 34, 49, 35, 20, 34, 34, 6, 5, 25, 33, 14]
[40, 45, 39, 43, 21, 15, 35, 52, 5, 29, 24, 34, 24, 44, 45]
[41, 37, 37, 30, 24, 5, 31, 31, 22, 20, 8, 18, 41, 32, 35]
[38, 11, 17, 14, 22, 19, 37, 52, 8, 45, 38, 51, 51, 19, 37]
[20, 5, 46, 39, 35, 21, 9, 37, 10, 28, 8, 36, 37, 30, 27]
[48, 50, 47, 14, 4, 7, 10, 11, 47, 34, 42, 13, 42, 40, 22]
[42, 30, 35, 19, 25, 25, 33, 14, 49, 50, 27, 13, 45, 5, 50]
[32, 31, 8, 13, 18, 18, 43, 13, 45, 44, 5, 40, 46, 42, 45]
[17, 13, 21, 34, 29, 41, 15, 35, 39, 49, 6, 14, 31, 35, 5]
[48, 33, 16, 31, 20, 9, 14, 12, 38, 7, 12, 41, 6, 7, 49]
[7, 11, 40, 12, 15, 51, 33, 15, 31, 18, 28, 23, 8, 24, 8]
[41, 23, 50, 22, 8, 28, 36, 24, 21, 50, 33, 34, 22, 51, 19]
[5, 29, 38, 29, 20, 50, 10, 14, 14, 36, 32, 45, 43, 21, 38]
[12, 19, 49, 17, 15, 49, 22, 33, 9, 19, 19, 40, 6, 15, 19]
[12, 21, 24, 52, 22, 52, 36, 34, 51, 20, 26, 15, 34, 38, 12]
[17, 5, 25, 13, 40, 39, 22, 27, 32, 20, 23, 34, 43, 17, 51]
[43, 27, 31, 28, 29, 32, 23, 32, 25, 19, 7, 25, 44, 24, 9]
[51, 5, 39, 10, 51, 14, 29, 45, 5, 33, 52, 7, 12, 21, 49]
[43, 31, 12, 20, 24, 34, 50, 31, 40, 28, 19, 28, 27, 13, 34]
[44, 17, 51, 8, 11, 28, 49, 40, 20, 29, 34, 13, 43, 7, 4]
[52, 17, 43, 34, 31, 47, 47, 12, 50, 15, 52, 51, 37, 37, 46]
[32, 33, 24, 15, 26, 43, 18, 36, 20, 39, 48, 47, 20, 41, 46]
[19, 24, 12, 42, 23, 8, 45, 17, 11, 20, 20, 24, 50, 20, 37]
[32, 6, 29, 33, 16, 7, 32, 12, 26, 47, 46, 48, 42, 19, 33]
[46, 44, 19, 9, 19, 15, 27, 15, 31, 18, 38, 13, 46, 44, 32]
[37, 52, 7, 4, 11, 12, 44, 25, 21, 44, 51, 47, 18, 52, 10]
[22, 22, 30, 51, 47, 16, 16, 11, 42, 28, 22, 12, 24, 30, 6]
[11, 9, 37, 40, 10, 30, 9, 17, 28, 16, 48, 32, 42, 37, 14]
[51, 29, 19, 37, 28, 36, 39, 22, 29, 52, 16, 5, 17, 39, 34]
[36, 26, 52, 42, 39, 8, 19, 28, 10, 21, 37, 49, 37, 23, 41]
[10, 37, 10, 48, 25, 51, 50, 4, 49, 12, 17, 36, 13, 52, 29]
[18, 28, 4, 9, 33, 42, 48, 47, 13, 9, 22, 21, 13, 30, 27]
[9, 32, 16, 36, 43, 44, 15, 7, 35, 49, 6, 23, 35, 26, 36]
[14, 36, 21, 15, 50, 18, 6, 24, 9, 49, 23, 14, 8, 42, 15]
[22, 31, 33, 30, 11, 44, 10, 42, 6, 19, 30, 24, 17, 48, 11]
[12, 32, 9, 16, 34, 50, 39, 46, 25, 47, 48, 45, 20, 9, 15]
[45, 50, 9, 6, 51, 25, 16, 17, 49, 4, 4, 45, 25, 17, 30]
[15, 34, 23, 8, 33, 38, 39, 26, 15, 24, 38, 17, 46, 18, 25]
[26, 35, 50, 50, 43, 25, 44, 42, 7, 37, 38, 16, 38, 40, 36]
[5, 18, 24, 19, 29, 27, 22, 36, 23, 33, 29, 43, 12, 18, 14]
[50, 9, 32, 21, 17, 43, 44, 42, 46, 16, 41, 5, 29, 37, 32]
[19, 49, 29, 32, 40, 35, 9, 21, 35, 27, 41, 43, 19, 22, 19]
[17, 22, 52, 41, 13, 44, 39, 47, 12, 31, 31, 47, 10, 34, 7]
[22, 47, 33, 29, 7, 34, 25, 7, 13, 25, 39, 47, 31, 13, 15]
[21, 7, 17, 44, 47, 14, 21, 27, 10, 26, 38, 20, 28, 30, 31]
[32, 34, 30, 33, 51, 52, 45, 12, 46, 38, 15, 52, 24, 30, 30]
[21, 20, 9, 21, 39, 17, 37, 11, 51, 52, 20, 8, 33, 35, 41]
[13, 28, 7, 43, 19, 38, 23, 21, 31, 15, 44, 25, 40, 19, 20]
[26, 47, 42, 43, 15, 18, 20, 42, 43, 8, 39, 23, 39, 18, 18]
[9, 45, 39, 49, 52, 23, 4, 31, 50, 44, 44, 51, 15, 12, 13]
[44, 36, 16, 40, 8, 37, 16, 15, 50, 11, 19, 19, 46, 16, 27]
[15, 31, 23, 23, 27, 20, 12, 12, 29, 51, 11, 28, 17, 46, 34]
[49, 18, 21, 20, 42, 32, 23, 29, 26, 25, 21, 26, 27, 50, 48]
[45, 27, 36, 45, 32, 14, 12, 18, 36, 32, 21, 16, 25, 50, 12]
[29, 31, 33, 18, 12, 52, 17, 32, 51, 14, 46, 15, 50, 16, 18]
[35, 21, 30, 45, 45, 17, 28, 45, 41, 4, 36, 39, 10, 4, 36]
[16, 30, 46, 45, 47, 19, 39, 4, 10, 11, 14, 30, 38, 45, 5]
[46, 40, 6, 8, 12, 45, 24, 35, 45, 31, 5, 10, 47, 22, 26]
[23, 49, 34, 25, 30, 8, 45, 4, 17, 17, 43, 20, 47, 13, 39]
[38, 45, 51, 32, 17, 36, 16, 21, 45, 35, 36, 36, 8, 34, 18]
[7, 25, 13, 15, 4, 49, 14, 18, 43, 38, 47, 13, 44, 39, 21]
[48, 36, 34, 50, 44, 23, 29, 34, 39, 40, 24, 36, 35, 26, 25]
[28, 52, 5, 17, 27, 22, 22, 34, 7, 42, 14, 12, 8, 42, 7]
[32, 47, 18, 24, 37, 19, 22, 8, 32, 34, 39, 32, 9, 23, 9]
[31, 29, 35, 45, 18, 12, 43, 16, 29, 30, 18, 22, 25, 12, 38]
[48, 13, 22, 51, 35, 52, 51, 47, 12, 38, 18, 46, 50, 52, 16]
[42, 10, 12, 46, 19, 22, 23, 50, 52, 16, 23, 20, 40, 12, 41]
[32, 15, 46, 33, 10, 38, 32, 5, 23, 42, 11, 40, 49, 48, 42]
[50, 35, 9, 30, 47, 48, 20, 10, 17, 12, 42, 39, 41, 49, 37]
[39, 18, 34, 47, 48, 24, 21, 14, 9, 5, 25, 15, 28, 5, 12]
[23, 40, 21, 5, 13, 6, 8, 7, 23, 6, 16, 35, 34, 19, 51]
[52, 13, 47, 27, 50, 52, 25, 43, 35, 52, 22, 10, 48, 33, 13]
[46, 13, 10, 49, 28, 21, 28, 46, 46, 29, 19, 37, 24, 13, 52]
[26, 40, 49, 37, 20, 29, 28, 35, 10, 19, 30, 29, 35, 31, 45]
[6, 6, 7, 46, 45, 20, 17, 12, 36, 12, 40, 21, 8, 8, 7]
[15, 26, 39, 6, 18, 16, 41, 10, 44, 17, 8, 21, 11, 32, 46]
[28, 28, 30, 21, 40, 24, 52, 15, 38, 22, 14, 39, 7, 49, 26]
[32, 42, 47, 27, 37, 49, 46, 8, 39, 4, 7, 30, 11, 36, 31]
[51, 21, 44, 5, 8, 25, 50, 11, 45, 28, 52, 32, 40, 47, 18]
[36, 23, 27, 37, 9, 23, 32, 19, 20, 21, 23, 50, 45, 50, 42]
[50, 4, 20, 39, 36, 25, 23, 12, 15, 11, 50, 5, 26, 29, 15]
[25, 7, 15, 24, 48, 22, 27, 44, 22, 39, 13, 19, 38, 50, 6]
[10, 32, 31, 5, 18, 11, 6, 45, 12, 45, 51, 16, 44, 26, 13]
[30, 14, 8, 40, 31, 52, 12, 7, 24, 47, 16, 28, 5, 36, 49]
[24, 20, 11, 8, 37, 10, 46, 21, 46, 52, 45, 14, 48, 28, 51]
[28, 12, 14, 32, 49, 15, 10, 19, 28, 8, 16, 41, 28, 28, 18]
[13, 47, 37, 50, 33, 18, 31, 4, 16, 34, 8, 23, 45, 18, 38]
[34, 15, 21, 28, 44, 38, 25, 33, 19, 26, 51, 24, 36, 11, 23]
[19, 40, 17, 26, 7, 46, 8, 28, 37, 42, 51, 23, 29, 45, 6]
[37, 4, 28, 32, 35, 41, 17, 15, 25, 39, 15, 28, 22, 21, 27]
[43, 11, 27, 11, 44, 28, 43, 39, 32, 24, 26, 8, 27, 30, 16]
[9, 26, 42, 17, 49, 5, 42, 36, 41, 36, 50, 4, 40, 44, 30]
[17, 16, 15, 13, 7, 44, 35, 26, 33, 24, 45, 13, 26, 49, 37]
[6, 19, 26, 9, 43, 41, 23, 45, 44, 42, 39, 40, 16, 47, 35]
[40, 52, 52, 21, 38, 31, 22, 8, 51, 23, 21, 37, 52, 6, 49]
[48, 44, 24, 33, 36, 16, 39, 41, 25, 33, 48, 35, 49, 10, 7]
[11, 7, 51, 16, 9, 32, 45, 26, 42, 5, 33, 7, 39, 16, 35]
[31, 5, 32, 20, 39, 18, 36, 48, 30, 43, 5, 48, 30, 50, 26]
[50, 49, 7, 11, 22, 29, 42, 34, 26, 12, 17, 21, 37, 33, 45]
[33, 52, 12, 40, 30, 50, 5, 15, 29, 31, 37, 35, 13, 43, 37]
[49, 46, 50, 33, 45, 37, 8, 8, 5, 39, 19, 37, 39, 46, 49]
[19, 13, 48, 8, 33, 10, 46, 47, 33, 12, 10, 33, 32, 9, 27]
[9, 37, 44, 43, 15, 24, 38, 5, 22, 48, 44, 12, 46, 19, 40]
[36, 12, 11, 38, 14, 38, 19, 19, 31, 25, 25, 39, 20, 38, 19]
[6, 48, 21, 16, 52, 20, 9, 18, 39, 28, 14, 18, 4, 43, 23]
[12, 49, 46, 10, 8, 48, 13, 21, 43, 23, 5, 28, 44, 50, 15]
[45, 41, 7, 12, 9, 8, 36, 11, 51, 27, 32, 20, 25, 7, 15]
[18, 9, 22, 36, 29, 34, 44, 47, 10, 41, 45, 33, 16, 31, 11]
[16, 39, 5, 46, 9, 38, 50, 13, 51, 20, 37, 21, 33, 32, 45]
[5, 22, 26, 47, 37, 25, 21, 46, 9, 39, 12, 40, 17, 10, 49]
[6, 39, 13, 28, 20, 9, 34, 4, 51, 32, 45, 37, 10, 44, 36]
[46, 10, 12, 39, 6, 41, 41, 7, 41, 18, 33, 14, 14, 44, 24]
[40, 5, 22, 52, 16, 31, 48, 15, 41, 50, 16, 19, 34, 9, 34]
[39, 47, 10, 52, 25, 21, 14, 20, 28, 36, 47, 30, 30, 22, 52]
[13, 21, 38, 7, 40, 8, 47, 31, 16, 20, 42, 25, 4, 12, 21]
[9, 26, 52, 20, 20, 13, 46, 34, 19, 51, 52, 22, 29, 11, 30]
[43, 36, 20, 17, 44, 11, 24, 26, 36, 41, 28, 50, 41, 52, 4]
[27, 38, 49, 15, 8, 37, 18, 4, 13, 50, 27, 46, 5, 37, 34]
[12, 15, 4, 37, 43, 43, 32, 51, 30, 6, 17, 15, 46, 23, 30]
[41, 27, 7, 9, 33, 39, 26, 29, 47, 40, 6, 29, 52, 28, 8]
[40, 48, 7, 44, 52, 11, 28, 26, 33, 17, 38, 7, 15, 26, 28]
[32, 5, 18, 20, 15, 31, 40, 36, 35, 41, 14, 4, 12, 42, 23]
[38, 20, 40, 4, 21, 52, 5, 32, 6, 19, 48, 41, 30, 24, 34]
[32, 42, 6, 45, 23, 30, 24, 15, 39, 50, 43, 17, 34, 38, 20]
[51, 14, 28, 46, 17, 6, 34, 44, 10, 51, 18, 22, 20, 34, 11]
[37, 35, 51, 36, 15, 50, 24, 48, 20, 9, 42, 26, 22, 44, 29]
[5, 27, 11, 29, 14, 36, 19, 41, 52, 46, 46, 49, 51, 28, 30]
[52, 51, 6, 28, 10, 10, 5, 29, 23, 45, 16, 51, 32, 9, 8]
[42, 41, 43, 30, 18, 14, 45, 21, 35, 39, 33, 20, 37, 32, 15]
[28, 11, 27, 33, 41, 16, 22, 5, 5, 39, 27, 39, 6, 15, 34]
[31, 34, 26, 8, 43, 22, 45, 28, 46, 46, 16, 29, 29, 45, 39]
[49, 21, 48, 12, 21, 4, 40, 45, 33, 40, 23, 10, 18, 22, 48]
[11, 7, 14, 17, 43, 25, 38, 36, 50, 21, 45, 40, 21, 22, 32]
[25, 42, 28, 37, 40, 52, 40, 11, 37, 17, 41, 19, 21, 43, 48]
[47, 38, 42, 43, 50, 12, 13, 43, 48, 18, 36, 6, 24, 33, 29]
[8, 49, 16, 35, 35, 43, 26, 46, 33, 4, 21, 42, 40, 14, 15]
[25, 45, 33, 51, 9, 51, 5, 31, 21, 4, 7, 38, 42, 34, 23]
[49, 45, 43, 51, 42, 42, 9, 48, 16, 47, 48, 16, 29, 38, 22]
[36, 18, 10, 20, 51, 19, 48, 18, 48, 29, 41, 7, 16, 15, 49]
[29, 19, 8, 29, 25, 31, 43, 52, 14, 19, 34, 15, 8, 24, 13]
[6, 9, 43, 38, 19, 34, 14, 22, 37, 24, 18, 44, 36, 14, 25]
[16, 37, 49, 9, 40, 7, 6, 4, 5, 10, 16, 21, 41, 28, 23]
[20, 28, 28, 34, 33, 48, 52, 13, 47, 35, 44, 37, 51, 41, 26]
[43, 51, 41, 10, 51, 18, 30, 27, 27, 8, 20, 22, 51, 43, 37]
[24, 20, 40, 38, 7, 15, 17, 30, 37, 5, 19, 15, 29, 33, 32]
[45, 38, 49, 17, 30, 46, 34, 43, 12, 36, 51, 45, 13, 16, 6]
[45, 30, 32, 40, 14, 44, 44, 17, 28, 5, 34, 50, 42, 49, 19]
[24, 11, 35, 4, 12, 41, 10, 47, 25, 11, 51, 41, 30, 46, 16]
[22, 40, 29, 34, 42, 17, 15, 33, 51, 49, 46, 50, 37, 46, 10]
[13, 5, 5, 13, 20, 42, 24, 20, 37, 6, 34, 34, 49, 12, 51]
[48, 31, 8, 10, 4, 19, 15, 4, 9, 37, 42, 27, 31, 36, 28]
[13, 8, 32, 14, 43, 17, 27, 32, 9, 30, 36, 41, 14, 34, 7]
[18, 4, 20, 12, 4, 45, 40, 10, 44, 7, 52, 12, 23, 51, 38]
[36, 51, 34, 26, 6, 50, 26, 22, 19, 27, 21, 14, 33, 50, 43]
[40, 44, 28, 17, 49, 30, 22, 8, 11, 9, 27, 11, 31, 37, 17]
[38, 49, 25, 4, 5, 35, 30, 39, 42, 37, 50, 52, 7, 9, 35]
[22, 24, 9, 30, 24, 5, 19, 24, 32, 35, 25, 43, 21, 51, 52]
[17, 46, 43, 7, 45, 30, 12, 44, 50, 48, 27, 37, 44, 39, 41]
[5, 50, 35, 40, 8, 51, 14, 8, 8, 49, 4, 27, 35, 20, 15]
[5, 25, 13, 40, 39, 6, 11, 4, 46, 47, 20, 8, 11, 30, 17]
[34, 32, 49, 27, 6, 9, 40, 4, 42, 31, 46, 28, 38, 12, 9]
[7, 41, 52, 10, 18, 24, 47, 41, 20, 7, 49, 52, 32, 17, 48]
[39, 30, 21, 33, 16, 36, 8, 10, 16, 33, 25, 12, 20, 37, 11]
[10, 43, 7, 35, 46, 38, 10, 19, 31, 5, 36, 43, 23, 50, 46]
[36, 38, 23, 47, 31, 50, 21, 27, 41, 35, 38, 39, 15, 41, 39]
[35, 43, 17, 48, 6, 27, 45, 4, 19, 18, 23, 5, 22, 40, 51]
[20, 5, 11, 15, 5, 47, 45, 38, 6, 21, 51, 49, 43, 4, 42]
[15, 41, 31, 10, 38, 52, 15, 18, 19, 6, 35, 49, 42, 23, 40]
[14, 45, 30, 24, 34, 18, 13, 28, 32, 37, 22, 49, 42, 4, 12]
[27, 23, 42, 34, 42, 50, 38, 5, 4, 25, 22, 45, 16, 6, 38]
[20, 7, 45, 27, 21, 38, 32, 25, 38, 4, 16, 24, 6, 52, 32]
[43, 51, 45, 44, 38, 14, 5, 51, 15, 40, 21, 22, 10, 8, 26]
[18, 46, 4, 28, 44, 49, 7, 41, 45, 34, 46, 49, 28, 46, 22]
[45, 12, 36, 39, 27, 45, 17, 9, 17, 38, 31, 37, 22, 12, 46]
[49, 13, 52, 27, 12, 36, 52, 16, 11, 19, 26, 30, 12, 25, 50]
[22, 5, 22, 6, 12, 15, 24, 11, 19, 37, 13, 24, 51, 43, 13]
[42, 37, 21, 38, 41, 47, 52, 45, 38, 36, 29, 15, 12, 49, 52]
[33, 32, 39, 35, 9, 33, 45, 24, 36, 40, 49, 41, 6, 5, 29]
[11, 50, 29, 21, 18, 30, 19, 10, 52, 47, 28, 22, 38, 29, 19]
[49, 13, 32, 7, 32, 17, 15, 51, 15, 6, 13, 50, 31, 7, 16]
[35, 10, 41, 50, 6, 5, 37, 17, 24, 25, 9, 10, 5, 12, 43]
[4, 46, 40, 38, 14, 16, 13, 31, 38, 43, 20, 32, 20, 4, 4]
[15, 24, 51, 29, 35, 30, 28, 33, 11, 42, 14, 38, 23, 50, 11]
[39, 6, 10, 9, 36, 5, 26, 30, 43, 32, 5, 27, 22, 9, 20]
[17, 48, 8, 38, 26, 13, 51, 44, 21, 51, 5, 41, 29, 36, 49]
[23, 46, 50, 29, 32, 14, 20, 32, 38, 38, 14, 16, 50, 49, 44]
[36, 41, 22, 28, 15, 47, 45, 14, 30, 38, 40, 17, 10, 7, 25]
[30, 44, 4, 23, 11, 32, 40, 31, 26, 35, 24, 40, 44, 49, 45]
[12, 19, 33, 45, 45, 21, 4, 50, 51, 25, 13, 35, 26, 32, 23]
[7, 21, 21, 30, 33, 34, 37, 51, 7, 21, 18, 27, 23, 12, 14]
[50, 15, 15, 33, 17, 16, 13, 45, 13, 21, 52, 44, 14, 17, 34]
[34, 8, 24, 41, 48, 4, 41, 13, 23, 36, 31, 43, 25, 9, 21]
[13, 19, 44, 51, 32, 35, 9, 30, 26, 26, 4, 9, 36, 7, 49]
[26, 23, 31, 20, 25, 23, 31, 16, 16, 30, 37, 15, 41, 21, 31]
[5, 8, 45, 47, 46, 47, 4, 49, 30, 5, 38, 39, 10, 42, 31]
[38, 29, 46, 43, 36, 18, 5, 25, 6, 39, 13, 51, 33, 23, 37]
[44, 5, 37, 36, 27, 24, 25, 15, 49, 20, 47, 36, 50, 28, 6]
[47, 26, 38, 11, 44, 22, 21, 21, 17, 27, 8, 4, 51, 28, 23]
[36, 14, 42, 47, 48, 6, 23, 44, 42, 17, 32, 31, 13, 38, 45]
[37, 20, 24, 18, 7, 20, 7, 24, 30, 12, 25, 20, 50, 32, 51]
[30, 34, 46, 41, 7, 16, 11, 18, 40, 47, 48, 31, 23, 44, 48]
[52, 19, 40, 52, 20, 26, 32, 37, 49, 36, 12, 26, 43, 10, 28]
[29, 31, 19, 35, 36, 36, 41, 37, 43, 21, 35, 18, 41, 9, 30]
[22, 37, 11, 8, 11, 24, 52, 40, 5, 19, 20, 15, 23, 12, 25]
[34, 43, 34, 12, 21, 20, 25, 12, 33, 25, 31, 52, 43, 41, 18]
[13, 18, 30, 4, 24, 29, 29, 46, 5, 15, 48, 4, 25, 6, 16]
[16, 16, 26, 24, 15, 46, 40, 43, 44, 39, 41, 17, 12, 24, 15]
[21, 42, 43, 22, 11, 50, 33, 15, 39, 21, 28, 8, 18, 35, 6]
[13, 17, 32, 25, 29, 34, 36, 29, 29, 28, 36, 48, 24, 36, 47]
[7, 11, 27, 10, 14, 4, 30, 26, 39, 48, 29, 17, 16, 27, 5]
[21, 35, 32, 41, 50, 42, 35, 6, 26, 48, 46, 44, 9, 6, 17]
[15, 43, 39, 31, 45, 30, 29, 12, 25, 17, 13, 12, 32, 18, 22]
[22, 27, 49, 51, 37, 29, 44, 18, 14, 45, 8, 9, 45, 27, 36]
[41, 12, 49, 50, 49, 37, 14, 14, 50, 31, 34, 17, 48, 44, 4]
[48, 17, 32, 38, 34, 11, 14, 28, 46, 18, 20, 4, 13, 43, 17]
[47, 5, 5, 43, 51, 8, 41, 42, 51, 5, 10, 33, 46, 32, 6]
[45, 42, 15, 31, 35, 25, 32, 52, 29, 20, 31, 4, 17, 32, 45]
[41, 51, 8, 22, 31, 41, 23, 6, 26, 35, 52, 23, 18, 40, 24]
[17, 40, 41, 15, 9, 26, 26, 21, 22, 15, 4, 10, 5, 41, 8]
[15, 37, 12, 34, 11, 51, 41, 45, 24, 46, 15, 25, 33, 7, 12]
[32, 35, 38, 33, 32, 14, 24, 15, 26, 8, 30, 50, 14, 38, 6]
[44, 12, 20, 51, 37, 14, 11, 38, 52, 50, 33, 45, 45, 42, 21]
[47, 51, 4, 21, 12, 20, 24, 22, 39, 14, 33, 7, 42, 7, 18]
[6, 49, 21, 10, 34, 28, 16, 38, 30, 51, 12, 5, 12, 14, 50]
[51, 43, 18, 27, 12, 18, 49, 22, 32, 48, 13, 8, 46, 6, 18]
[6, 32, 11, 22, 11, 24, 45, 22, 28, 20, 45, 49, 10, 22, 44]
[20, 52, 33, 7, 48, 25, 34, 16, 37, 27, 30, 31, 31, 46, 44]
[6, 13, 45, 15, 25, 35, 35, 10, 27, 14, 4, 20, 40, 40, 34]
[38, 8, 40, 45, 44, 26, 19, 20, 26, 17, 39, 7, 20, 38, 13]
[29, 25, 46, 16, 21, 32, 46, 16, 33, 40, 35, 12, 49, 41, 31]
[37, 34, 42, 5, 29, 6, 26, 11, 15, 22, 47, 20, 52, 27, 28]
[32, 22, 11, 32, 31, 14, 36, 41, 25, 11, 5, 37, 47, 34, 17]
[46, 12, 9, 39, 29, 29, 37, 31, 37, 20, 4, 5, 39, 34, 51]
[35, 8, 33, 34, 19, 40, 35, 15, 4, 44, 48, 31, 12, 28, 10]
[25, 26, 7, 23, 41, 42, 25, 14, 46, 17, 8, 41, 52, 11, 23]
[15, 20, 17, 24, 30, 18, 23, 46, 13, 47, 20, 29, 32, 51, 19]
[17, 8, 12, 5, 47, 24, 7, 44, 48, 37, 34, 33, 24, 46, 23]
[27, 50, 5, 12, 40, 29, 42, 44, 9, 22, 37, 27, 10, 44, 40]
[18, 15, 47, 29, 15, 17, 22, 5, 35, 6, 29, 49, 29, 8, 16]
[28, 9, 35, 8, 46, 27, 18, 47, 35, 16, 11, 14, 19, 28, 6]
[38, 35, 31, 43, 35, 14, 7, 31, 20, 17, 18, 51, 29, 35, 30]
[34, 33, 43, 39, 9, 51, 37, 7, 39, 50, 27, 29, 40, 7, 17]
[46, 51, 39, 10, 6, 32, 39, 8, 21, 29, 9, 39, 42, 18, 6]
[31, 38, 19, 42, 19, 15, 35, 35, 36, 10, 8, 18, 48, 33, 21]
[27, 15, 31, 12, 13, 51, 22, 51, 44, 45, 10, 35, 27, 7, 17]
[9, 23, 24, 46, 17, 31, 20, 24, 11, 43, 22, 26, 8, 48, 30]
[38, 9, 45, 37, 44, 29, 8, 45, 33, 4, 35, 24, 26, 44, 21]
[28, 15, 28, 22, 50, 6, 20, 52, 45, 26, 37, 38, 38, 31, 52]
[5, 13, 44, 25, 13, 50, 14, 48, 37, 46, 24, 29, 24, 22, 27]
[6, 26, 20, 49, 23, 47, 42, 14, 25, 51, 21, 51, 46, 15, 27]
[32, 50, 29, 17, 31, 34, 47, 50, 8, 9, 22, 11, 15, 4, 31]
[50, 45, 21, 28, 6, 48, 39, 29, 8, 48, 42, 47, 8, 39, 33]
[51, 48, 24, 25, 32, 7, 47, 27, 46, 43, 25, 16, 14, 19, 13]
[27, 33, 17, 23, 26, 39, 12, 43, 34, 20, 4, 15, 33, 18, 14]
[5, 4, 34, 35, 50, 37, 50, 41, 47, 42, 40, 46, 17, 49, 17]
[7, 50, 16, 46, 29, 23, 48, 27, 32, 30, 33, 10, 39, 14, 16]
[5, 5, 5, 29, 28, 42, 49, 39, 28, 35, 28, 29, 37, 15, 21]
[14, 43, 25, 4, 32, 8, 6, 30, 39, 16, 7, 17, 35, 51, 36]
[8, 15, 43, 32, 46, 33, 38, 37, 17, 50, 41, 32, 44, 11, 28]
[38, 44, 12, 14, 50, 52, 41, 42, 44, 44, 10, 38, 51, 52, 44]
[16, 46, 25, 11, 38, 25, 48, 9, 17, 24, 20, 15, 43, 28, 18]
[34, 24, 30, 31, 39, 14, 22, 13, 7, 45, 27, 14, 20, 28, 39]
[47, 25, 41, 40, 47, 42, 23, 44, 5, 14, 36, 18, 9, 36, 44]
[11, 14, 4, 45, 50, 33, 38, 41, 52, 31, 41, 10, 36, 47, 37]
[9, 28, 34, 15, 38, 27, 47, 35, 8, 7, 23, 6, 52, 25, 5]
[50, 43, 36, 27, 14, 32, 29, 45, 39, 29, 17, 43, 19, 9, 26]
[48, 42, 40, 36, 4, 4, 44, 51, 16, 23, 41, 39, 32, 25, 10]
[28, 9, 50, 50, 42, 41, 13, 36, 24, 14, 26, 47, 19, 11, 46]
[4, 44, 19, 6, 49, 46, 30, 46, 51, 16, 35, 49, 44, 30, 40]
[44, 17, 46, 9, 28, 18, 51, 49, 46, 22, 50, 33, 25, 13, 24]
