[35, 37, 39, 33]
[19, 50, 40, 7]
[50, 50, 16, 34]
[21, 25, 38, 48]
[48, 11, 31, 15]
[7, 27, 24, 18]
[22, 35, 45, 12]
[46, 11, 15, 41]
[26, 51, 50, 46]
[33, 20, 7, 6]
[11, 8, 27, 38]
[8, 10, 50, 31]
[45, 44, 45, 32]
[48, 38, 41, 30]
[26, 43, 19, 46]
[35, 28, 7, 7]
[11, 7, 18, 26]
[48, 40, 4, 44]
[36, 17, 41, 9]
[39, 22, 51, 52]
[4, 42, 43, 52]
[37, 30, 9, 45]
[16, 49, 48, 14]
[23, 40, 23, 26]
[4, 13, 35, 16]
[46, 42, 34, 4]
[5, 19, 28, 5]
[37, 16, 18, 26]
[40, 27, 46, 24]
[45, 36, 21, 42]
[14, 8, 42, 47]
[38, 33, 35, 39]
[32, 32, 21, 40]
[26, 9, 17, 31]
[14, 41, 44, 17]
[11, 6, 47, 29]
[36, 22, 31, 30]
[43, 29, 30, 37]
[26, 33, 26, 21]
[12, 42, 49, 7]
[6, 43, 20, 5]
[44, 16, 16, 19]
[17, 12, 29, 16]
[18, 15, 37, 41]
[13, 19, 35, 15]
[6, 25, 10, 9]
[37, 33, 25, 14]
[37, 5, 13, 36]
[21, 17, 27, 22]
[50, 39, 30, 10]
[37, 29, 15, 44]
[41, 49, 42, 46]
[16, 23, 37, 19]
[21, 7, 30, 48]
[41, 7, 50, 16]
[7, 8, 37, 28]
[51, 44, 34, 44]
[28, 6, 44, 11]
[20, 16, 21, 10]
[19, 17, 28, 39]
[40, 52, 32, 51]
[45, 52, 25, 14]
[25, 39, 11, 26]
[46, 26, 28, 14]
[26, 31, 18, 18]
[49, 44, 13, 32]
[14, 7, 48, 13]
[33, 29, 21, 17]
[16, 9, 20, 5]
[41, 33, 45, 46]
[24, 48, 16, 14]
[47, 16, 28, 19]
[42, 6, 14, 25]
[17, 13, 11, 12]
[5, 44, 22, 51]
[35, 4, 49, 17]
[17, 46, 23, 35]
[33, 23, 40, 8]
[40, 49, 14, 17]
[6, 25, 26, 21]
[40, 4, 39, 23]
[12, 15, 17, 30]
[15, 13, 39, 50]
[45, 41, 6, 24]
[27, 4, 10, 23]
[23, 35, 36, 47]
[18, 44, 51, 28]
[16, 49, 5, 13]
[13, 12, 8, 32]
[38, 37, 36, 35]
[52, 25, 47, 9]
[28, 34, 23, 7]
[44, 45, 37, 45]
[49, 25, 48, 7]
[46, 30, 52, 45]
[36, 10, 6, 6]
[21, 48, 49, 20]
[39, 22, 5, 37]
[39, 34, 22, 40]
[26, 12, 39, 38]
[36, 35, 43, 28]
[40, 10, 12, 16]
[15, 5, 50, 33]
[18, 42, 23, 4]
[20, 50, 47, 8]
[13, 46, 17, 44]
[15, 12, 22, 17]
[42, 28, 14, 21]
[6, 4, 41, 23]
[30, 10, 52, 50]
[5, 23, 49, 38]
[37, 49, 12, 41]
[12, 21, 27, 39]
[49, 11, 36, 25]
[39, 46, 50, 39]
[51, 34, 26, 36]
[23, 4, 19, 13]
[20, 48, 25, 11]
[42, 51, 5, 11]
[16, 28, 11, 48]
[26, 40, 48, 36]
[18, 32, 13, 34]
[7, 33, 15, 14]
[4, 15, 4, 15]
[24, 51, 19, 52]
[51, 44, 38, 30]
[9, 47, 8, 19]
[47, 39, 34, 6]
[12, 16, 32, 27]
[46, 40, 9, 27]
[11, 14, 25, 42]
[11, 15, 36, 36]
[29, 12, 25, 37]
[33, 11, 26, 31]
[46, 36, 26, 42]
[33, 39, 20, 34]
[10, 8, 34, 27]
[30, 22, 23, 37]
[16, 37, 10, 45]
[38, 32, 4, 18]
[13, 18, 37, 29]
[24, 48, 43, 21]
[27, 23, 29, 50]
[40, 4, 31, 45]
[5, 47, 46, 48]
[43, 47, 39, 31]
[34, 27, 18, 6]
[34, 5, 42, 8]
[26, 33, 4, 27]
[17, 43, 40, 17]
[29, 31, 21, 6]
[23, 28, 52, 22]
[10, 50, 15, 24]
[38, 26, 7, 38]
[20, 14, 33, 30]
[52, 8, 30, 12]
[13, 13, 31, 27]
[39, 47, 43, 30]
[16, 43, 36, 21]
[26, 50, 14, 31]
[37, 17, 16, 15]
[29, 52, 38, 18]
[10, 21, 25, 44]
[52, 31, 4, 9]
[26, 36, 30, 28]
[15, 49, 29, 20]
[38, 24, 43, 52]
[46, 51, 19, 11]
[10, 39, 8, 41]
[11, 49, 13, 40]
[15, 37, 8, 30]
[36, 45, 35, 50]
[30, 14, 37, 37]
[39, 10, 38, 39]
[14, 37, 11, 8]
[39, 18, 47, 47]
[4, 36, 21, 26]
[21, 35, 35, 29]
[5, 8, 33, 29]
[27, 50, 47, 47]
[52, 17, 48, 24]
[44, 41, 14, 48]
[33, 19, 5, 45]
[42, 31, 8, 36]
[14, 6, 4, 51]
[33, 38, 9, 32]
[51, 23, 44, 40]
[4, 6, 32, 12]
[5, 26, 36, 13]
[35, 51, 6, 22]
[28, 45, 19, 20]
[46, 26, 20, 4]
[22, 41, 8, 49]
[18, 45, 6, 28]
[46, 50, 41, 27]
[8, 16, 48, 4]
[15, 42, 44, 26]
[44, 34, 33, 50]
[31, 43, 35, 7]
[19, 25, 17, 16]
[34, 37, 13, 45]
[36, 24, 49, 33]
[20, 17, 36, 20]
[8, 30, 19, 48]
[48, 25, 8, 20]
[51, 10, 33, 47]
[29, 36, 4, 42]
[24, 12, 50, 40]
[10, 49, 21, 39]
[23, 22, 42, 31]
[9, 7, 26, 48]
[9, 17, 10, 15]
[14, 16, 14, 22]
[29, 40, 42, 27]
[12, 13, 44, 17]
[11, 6, 7, 9]
[19, 27, 48, 20]
[24, 6, 40, 35]
[47, 41, 8, 6]
[43, 15, 29, 29]
[7, 17, 17, 13]
[45, 27, 30, 49]
[20, 29, 38, 16]
[42, 46, 40, 29]
[43, 9, 51, 42]
[23, 46, 18, 50]
[4, 20, 5, 23]
[41, 46, 43, 17]
[29, 32, 16, 33]
[19, 15, 13, 12]
[40, 24, 22, 19]
[28, 30, 41, 20]
[26, 45, 51, 5]
[35, 36, 40, 41]
[29, 40, 31, 23]
[10, 44, 9, 25]
[15, 20, 42, 42]
[51, 31, 35, 8]
[21, 52, 27, 36]
[22, 43, 45, 32]
[9, 15, 14, 14]
[5, 44, 38, 12]
[45, 27, 29, 4]
[41, 6, 9, 5]
[13, 14, 6, 35]
[44, 47, 46, 24]
[32, 21, 27, 42]
[13, 39, 6, 10]
[22, 15, 44, 28]
[17, 5, 32, 14]
[27, 15, 21, 18]
[25, 32, 26, 23]
[20, 52, 52, 49]
[31, 34, 43, 4]
[22, 47, 13, 21]
[28, 52, 14, 51]
[48, 26, 46, 46]
[52, 25, 45, 9]
[40, 22, 41, 13]
[8, 17, 34, 51]
[30, 35, 22, 22]
[50, 13, 26, 32]
[21, 12, 24, 52]
[16, 34, 37, 37]
[47, 35, 19, 49]
[38, 5, 42, 52]
[52, 13, 30, 33]
[46, 37, 18, 49]
[34, 29, 30, 28]
[7, 50, 6, 51]
[31, 22, 27, 23]
[45, 36, 45, 47]
[48, 19, 17, 5]
[49, 47, 39, 30]
[13, 23, 31, 15]
[32, 39, 26, 25]
[23, 21, 34, 52]
[23, 23, 24, 24]
[44, 51, 46, 7]
[18, 48, 44, 32]
[43, 18, 10, 12]
[28, 26, 20, 11]
[21, 21, 22, 40]
[35, 23, 48, 19]
[28, 25, 9, 31]
[45, 47, 5, 46]
[34, 28, 49, 5]
[9, 32, 37, 36]
[44, 19, 52, 47]
[12, 47, 7, 40]
[7, 21, 16, 38]
[6, 9, 28, 23]
[38, 14, 51, 29]
[17, 24, 43, 26]
[32, 33, 12, 50]
[4, 11, 7, 52]
[31, 5, 17, 8]
[23, 18, 11, 25]
[35, 28, 31, 47]
[6, 27, 28, 36]
[50, 42, 20, 33]
[14, 32, 4, 16]
[31, 41, 17, 6]
[40, 20, 43, 35]
[8, 38, 5, 33]
[12, 31, 38, 17]
[41, 21, 28, 15]
[52, 39, 36, 29]
[39, 6, 27, 12]
[27, 10, 52, 42]
[50, 18, 45, 52]
[19, 46, 35, 22]
[29, 40, 11, 21]
[14, 10, 36, 49]
[4, 22, 42, 51]
[11, 48, 28, 39]
[10, 28, 12, 34]
[30, 26, 37, 43]
[48, 22, 51, 38]
[43, 13, 32, 45]
[23, 35, 41, 44]
[47, 29, 9, 34]
[25, 19, 16, 49]
[50, 40, 39, 32]
[16, 9, 17, 47]
[27, 50, 21, 51]
[24, 7, 39, 22]
[27, 42, 24, 19]
[27, 32, 20, 13]
[5, 18, 40, 37]
[9, 43, 6, 33]
[41, 51, 12, 23]
[17, 21, 47, 46]
[38, 31, 42, 28]
[19, 11, 15, 40]
[4, 18, 29, 33]
[39, 51, 16, 10]
[35, 48, 13, 41]
[37, 10, 18, 13]
[25, 41, 32, 12]
[6, 35, 48, 48]
[34, 36, 27, 10]
[44, 38, 31, 20]
[32, 52, 18, 21]
[12, 22, 15, 15]
[9, 48, 29, 35]
[42, 47, 38, 41]
[31, 45, 22, 14]
[34, 50, 29, 34]
[42, 15, 33, 36]
[45, 11, 52, 12]
[32, 11, 33, 15]
[32, 44, 37, 35]
[42, 52, 52, 11]
[8, 7, 6, 25]
[20, 38, 7, 9]
[31, 14, 9, 27]
[11, 13, 19, 34]
[6, 49, 38, 49]
[49, 45, 46, 46]
[19, 29, 41, 24]
[38, 19, 16, 28]
[7, 24, 46, 48]
[6, 45, 4, 15]
[43, 8, 9, 50]
[42, 9, 25, 5]
[20, 20, 39, 25]
[37, 26, 49, 26]
[36, 7, 11, 27]
[13, 26, 45, 45]
[52, 19, 11, 46]
[41, 20, 33, 25]
[24, 25, 48, 18]
[42, 4, 18, 46]
[18, 30, 34, 42]
[32, 50, 15, 43]
[6, 35, 34, 6]
[51, 23, 23, 50]
[49, 8, 40, 30]
[4, 49, 10, 32]
[33, 29, 24, 11]
[22, 37, 19, 38]
[9, 24, 51, 34]
[48, 45, 25, 43]
[47, 29, 35, 43]
[50, 34, 25, 44]
[41, 43, 31, 16]
[43, 31, 38, 17]
[30, 26, 12, 32]
[35, 27, 4, 21]
[50, 20, 12, 20]
[8, 37, 5, 31]
[24, 35, 15, 18]
[30, 42, 33, 5]
[24, 52, 13, 11]
[34, 43, 41, 43]
[14, 5, 8, 31]
[30, 11, 35, 19]
[48, 16, 42, 7]
[48, 11, 7, 6]
[17, 14, 50, 26]
[49, 33, 26, 19]
[8, 52, 7, 38]
[32, 10, 16, 43]
[7, 51, 44, 52]
[51, 7, 46, 26]
[15, 39, 11, 35]
[21, 46, 28, 16]
[35, 24, 45, 39]
[40, 38, 10, 41]
[21, 18, 23, 36]
[20, 20, 12, 40]
[19, 33, 34, 11]
[8, 30, 50, 43]
[30, 24, 21, 9]
[22, 7, 35, 44]
[6, 41, 23, 19]
[44, 41, 30, 29]
[7, 5, 6, 10]
[52, 16, 27, 44]
[22, 12, 20, 34]
[18, 30, 20, 6]
[45, 34, 10, 16]
[29, 46, 51, 39]
[10, 18, 25, 35]
[49, 27, 33, 43]
[30, 45, 52, 40]
[33, 24, 30, 37]
[27, 30, 41, 50]
[16, 4, 47, 27]
[32, 14, 29, 10]
[47, 28, 44, 45]
[49, 32, 5, 25]
[36, 36, 9, 14]
[10, 41, 22, 51]
[35, 20, 12, 39]
[5, 38, 40, 13]
[22, 9, 40, 22]
[22, 6, 52, 29]
[25, 21, 24, 49]
[18, 31, 27, 11]
[36, 29, 31, 8]
[51, 37, 45, 45]
[50, 19, 12, 33]
[51, 48, 24, 22]
[7, 26, 24, 18]
[18, 4, 13, 4]
[43, 42, 33, 40]
[47, 16, 32, 11]
[47, 31, 18, 30]
[39, 30, 32, 41]
[34, 8, 20, 10]
[14, 23, 30, 23]
[52, 32, 39, 24]
[16, 16, 22, 9]
[10, 35, 50, 38]
[15, 21, 11, 4]
[36, 36, 15, 48]
[29, 9, 21, 21]
[25, 30, 43, 18]
[19, 21, 10, 37]
[33, 46, 14, 16]
[34, 43, 23, 34]
[41, 18, 47, 10]
[38, 38, 46, 25]
[28, 34, 16, 8]
[15, 9, 29, 31]
[49, 42, 11, 43]
[30, 8, 17, 35]
[31, 13, 22, 44]
[8, 48, 6, 7]
[25, 38, 51, 5]
[17, 34, 28, 37]
[28, 6, 24, 21]
[5, 33, 5, 20]
[17, 9, 50, 47]
[25, 24, 49, 24]
[25, 19, 51, 38]
[13, 5, 26, 28]
[12, 17, 24, 24]
[43, 14, 49, 6]
[9, 28, 14, 9]
[47, 40, 45, 22]
[21, 44, 34, 8]
[25, 20, 23, 7]
[31, 27, 32, 4]
[50, 12, 47, 13]
[28, 39, 32, 41]
[44, 4, 49, 35]
[11, 45, 10, 18]
[50, 40, 47, 49]
[27, 38, 7, 4]
[11, 51, 50, 51]
[12, 12, 44, 8]
[31, 40, 36, 30]
[45, 14, 19, 10]
[24, 11, 15, 43]
[37, 28, 46, 42]
[9, 5, 8, 50]
[40, 30, 40, 26]
