[23, 22, 22, 4]
[13, 25, 45, 8]
[39, 7, 9, 42]
[29, 17, 44, 11]
[17, 41, 16, 19]
[26, 8, 47, 45]
[7, 16, 43, 17]
[39, 47, 7, 31]
[22, 32, 31, 45]
[24, 45, 27, 24]
[40, 10, 21, 7]
[15, 7, 26, 24]
[34, 12, 9, 30]
[28, 38, 39, 9]
[33, 32, 15, 33]
[46, 52, 6, 19]
[21, 48, 51, 36]
[16, 33, 48, 51]
[33, 52, 12, 40]
[4, 36, 41, 15]
[47, 9, 16, 31]
[5, 16, 34, 21]
[17, 28, 47, 26]
[9, 25, 44, 5]
[11, 4, 12, 14]
[18, 50, 4, 16]
[8, 21, 20, 38]
[23, 29, 29, 52]
[6, 29, 30, 20]
[35, 11, 46, 47]
[24, 26, 32, 50]
[38, 49, 52, 43]
[18, 40, 40, 29]
[45, 20, 33, 47]
[26, 5, 8, 22]
[12, 8, 43, 27]
[51, 50, 22, 15]
[14, 44, 42, 44]
[50, 40, 25, 23]
[14, 9, 50, 28]
[20, 15, 34, 27]
[10, 42, 21, 46]
[15, 24, 23, 33]
[45, 33, 23, 35]
[30, 16, 4, 8]
[16, 4, 10, 37]
[44, 34, 52, 13]
[36, 43, 28, 32]
[49, 23, 37, 41]
[41, 22, 11, 25]
[6, 24, 24, 26]
[44, 35, 31, 21]
[42, 47, 5, 6]
[25, 27, 7, 41]
[4, 20, 49, 18]
[27, 14, 17, 32]
[52, 45, 19, 29]
[35, 10, 40, 49]
[43, 34, 10, 22]
[31, 13, 48, 52]
[47, 14, 17, 16]
[5, 23, 42, 28]
[29, 31, 30, 6]
[16, 40, 14, 10]
[42, 30, 37, 40]
[32, 51, 36, 25]
[19, 15, 11, 5]
[48, 39, 8, 17]
[31, 26, 40, 44]
[32, 19, 39, 50]
[46, 48, 6, 38]
[49, 5, 13, 9]
[19, 43, 16, 40]
[30, 12, 35, 30]
[7, 18, 20, 48]
[34, 44, 41, 12]
[52, 49, 26, 42]
[50, 36, 18, 13]
[37, 18, 49, 37]
[13, 46, 45, 16]
[37, 19, 25, 10]
[21, 13, 18, 11]
[25, 35, 5, 14]
[51, 41, 51, 39]
[40, 37, 24, 51]
[22, 51, 46, 43]
[8, 6, 29, 20]
[38, 31, 28, 34]
[41, 28, 38, 23]
[36, 6, 32, 35]
[48, 37, 35, 34]
[11, 39, 19, 48]
[10, 17, 27, 4]
[40, 42, 50, 46]
[43, 11, 38, 7]
[27, 27, 36, 36]
[28, 30, 15, 39]
[12, 21, 13, 49]
[20, 38, 14, 18]
[9, 46, 33, 12]
