[22, 23, 10, 13]
[9, 15, 36, 49]
[7, 20, 40, 42]
[21, 47, 13, 25]
[18, 8, 34, 16]
[15, 16, 6, 16]
[12, 33, 11, 24]
[29, 39, 11, 35]
[49, 40, 5, 41]
[4, 47, 18, 5]
[32, 25, 37, 42]
[15, 17, 12, 5]
[39, 44, 51, 20]
[28, 37, 38, 18]
[40, 37, 19, 47]
[13, 32, 47, 42]
[20, 23, 7, 36]
[23, 9, 37, 15]
[17, 45, 6, 15]
[34, 7, 38, 31]
[46, 34, 33, 23]
[27, 18, 32, 36]
[30, 20, 44, 12]
[35, 43, 14, 23]
[4, 45, 29, 14]
[40, 32, 34, 48]
[30, 40, 39, 30]
[17, 41, 12, 39]
[13, 35, 26, 37]
[25, 32, 44, 46]
[12, 46, 28, 23]
[39, 46, 22, 14]
[39, 8, 21, 40]
[41, 40, 7, 29]
[8, 5, 50, 19]
[33, 39, 14, 31]
[7, 52, 25, 47]
[8, 31, 20, 28]
[35, 15, 5, 17]
[12, 34, 13, 9]
[14, 46, 27, 19]
[12, 31, 4, 19]
[44, 38, 13, 47]
[7, 27, 10, 49]
[22, 6, 22, 45]
[34, 11, 43, 47]
[8, 11, 17, 38]
[16, 12, 10, 46]
[15, 30, 43, 4]
[46, 48, 41, 52]
[30, 11, 33, 20]
[13, 33, 47, 7]
[42, 52, 16, 11]
[9, 35, 46, 34]
[16, 20, 10, 35]
[11, 33, 18, 8]
[16, 45, 44, 45]
[8, 33, 23, 43]
[19, 6, 5, 11]
[32, 4, 21, 40]
[52, 9, 39, 33]
[41, 27, 5, 5]
[6, 39, 42, 45]
[16, 13, 47, 40]
[11, 27, 21, 11]
[29, 21, 30, 19]
[36, 11, 9, 45]
[22, 10, 8, 8]
[38, 40, 14, 11]
[50, 26, 30, 24]
[20, 33, 44, 43]
[5, 40, 8, 19]
[32, 24, 37, 4]
[49, 36, 25, 41]
[12, 21, 19, 8]
[39, 21, 38, 40]
[31, 50, 25, 36]
[9, 36, 9, 5]
[37, 38, 25, 12]
[45, 15, 45, 10]
[28, 28, 35, 25]
[29, 30, 25, 18]
[47, 21, 35, 47]
[32, 30, 36, 25]
[23, 43, 25, 35]
[7, 32, 8, 6]
[26, 13, 37, 15]
[38, 51, 45, 6]
[39, 51, 47, 27]
[24, 37, 44, 10]
[52, 22, 6, 17]
[11, 20, 19, 35]
[28, 39, 24, 52]
[21, 34, 40, 34]
[5, 26, 51, 46]
[42, 14, 30, 51]
[37, 27, 45, 24]
[18, 6, 11, 17]
[34, 20, 8, 4]
[50, 39, 14, 44]
[22, 42, 38, 11]
[9, 36, 19, 15]
[40, 33, 31, 47]
[33, 15, 32, 14]
[26, 27, 25, 51]
[13, 13, 20, 5]
[36, 4, 43, 8]
[33, 43, 14, 15]
[22, 42, 52, 40]
[18, 25, 8, 15]
[43, 52, 36, 25]
[48, 20, 12, 38]
[39, 5, 4, 25]
[24, 48, 27, 25]
[46, 10, 51, 29]
[9, 10, 12, 21]
[41, 48, 38, 39]
[31, 14, 33, 8]
[42, 50, 39, 30]
[20, 4, 52, 39]
[37, 36, 5, 9]
[26, 28, 47, 43]
[27, 16, 35, 30]
[49, 34, 50, 6]
[11, 16, 4, 45]
[47, 10, 17, 6]
[35, 44, 36, 14]
[38, 32, 48, 38]
[6, 12, 52, 34]
[49, 7, 5, 31]
[10, 9, 21, 11]
[43, 14, 39, 29]
[31, 13, 12, 16]
[36, 16, 13, 35]
[47, 39, 7, 27]
[12, 52, 17, 8]
[44, 49, 13, 43]
[26, 39, 30, 39]
[34, 16, 33, 22]
[38, 15, 24, 11]
[30, 20, 34, 34]
[50, 35, 14, 49]
[6, 33, 37, 31]
[17, 9, 5, 10]
[4, 37, 28, 20]
[39, 33, 42, 48]
[34, 8, 51, 5]
[37, 34, 7, 35]
[36, 15, 12, 4]
[30, 22, 19, 23]
[48, 30, 8, 25]
[42, 26, 28, 19]
[37, 31, 15, 15]
[18, 50, 28, 37]
[6, 42, 25, 9]
[4, 52, 34, 13]
[24, 38, 47, 37]
[30, 15, 5, 36]
[36, 26, 18, 29]
[35, 43, 41, 16]
[20, 38, 51, 34]
[36, 22, 45, 12]
[34, 41, 38, 49]
[12, 22, 6, 30]
[20, 39, 49, 44]
[34, 26, 6, 28]
[24, 35, 48, 27]
[33, 4, 52, 8]
[15, 9, 26, 17]
[17, 46, 35, 37]
[25, 7, 6, 10]
[35, 42, 42, 16]
[44, 27, 48, 37]
[15, 19, 19, 25]
[10, 34, 35, 6]
[9, 38, 46, 28]
[48, 10, 8, 42]
[37, 13, 24, 14]
[35, 12, 42, 13]
[35, 32, 40, 40]
[28, 20, 32, 37]
[41, 33, 50, 35]
[29, 46, 12, 47]
[37, 43, 11, 18]
[32, 49, 51, 32]
[24, 48, 46, 52]
[42, 44, 23, 7]
[44, 44, 41, 24]
[22, 18, 13, 20]
[38, 49, 31, 27]
[36, 30, 43, 23]
[43, 28, 45, 52]
[34, 10, 9, 14]
[29, 47, 24, 35]
[46, 20, 33, 39]
[40, 45, 19, 10]
[48, 6, 4, 9]
[32, 8, 37, 25]
[4, 7, 16, 26]
[45, 46, 19, 50]
[23, 10, 21, 47]
[7, 8, 24, 5]
[49, 10, 38, 22]
[10, 41, 18, 22]
[44, 13, 51, 31]
[35, 15, 35, 12]
[15, 10, 30, 10]
[40, 29, 18, 7]
[38, 25, 48, 23]
[13, 25, 45, 20]
[51, 49, 48, 44]
[43, 35, 52, 47]
[52, 37, 38, 48]
[24, 9, 29, 22]
[36, 35, 7, 13]
[23, 42, 11, 27]
[43, 46, 37, 46]
[12, 32, 7, 20]
[32, 45, 8, 21]
[18, 28, 20, 36]
[41, 8, 48, 41]
[26, 23, 20, 14]
[29, 50, 22, 9]
[36, 17, 18, 24]
[14, 48, 44, 17]
[49, 23, 5, 11]
[9, 24, 44, 25]
[52, 13, 42, 26]
[29, 9, 6, 39]
[30, 41, 50, 31]
[49, 14, 4, 48]
[30, 49, 49, 16]
[41, 5, 41, 12]
[37, 45, 18, 29]
[33, 28, 31, 38]
[41, 37, 22, 24]
[49, 23, 50, 27]
[43, 26, 40, 15]
[21, 9, 51, 4]
[35, 49, 40, 17]
[47, 7, 4, 40]
[6, 6, 8, 40]
[21, 48, 35, 42]
[45, 9, 16, 43]
[52, 14, 30, 23]
[21, 15, 6, 50]
[51, 42, 14, 16]
[33, 18, 4, 8]
[30, 34, 47, 40]
[22, 18, 22, 6]
[20, 38, 8, 12]
[4, 24, 9, 44]
[47, 51, 28, 39]
[38, 6, 28, 36]
[38, 11, 31, 31]
[4, 32, 6, 25]
[45, 4, 40, 14]
[23, 45, 45, 37]
[20, 47, 24, 42]
[31, 37, 19, 4]
[13, 46, 45, 24]
[23, 42, 8, 20]
[24, 50, 17, 16]
[23, 16, 52, 13]
[13, 48, 5, 28]
[35, 52, 47, 52]
[19, 48, 28, 30]
[50, 9, 34, 35]
[48, 45, 12, 31]
[11, 26, 5, 7]
[8, 19, 23, 30]
[51, 34, 29, 25]
[33, 19, 12, 5]
[6, 36, 4, 40]
[45, 37, 10, 4]
[7, 26, 36, 29]
[17, 51, 46, 35]
[48, 52, 44, 16]
[15, 29, 8, 38]
[42, 27, 46, 26]
[17, 46, 52, 22]
[8, 26, 49, 46]
[9, 40, 17, 44]
[4, 30, 26, 38]
[21, 14, 21, 44]
[32, 7, 8, 13]
[28, 47, 17, 38]
[26, 28, 20, 52]
[42, 22, 29, 22]
[13, 36, 21, 17]
[42, 24, 16, 28]
[30, 19, 45, 27]
[19, 16, 43, 43]
[17, 28, 40, 11]
[13, 42, 27, 11]
[40, 37, 26, 34]
[46, 9, 5, 34]
[15, 13, 5, 14]
[15, 39, 4, 40]
[37, 27, 52, 51]
[6, 50, 39, 27]
[47, 33, 26, 31]
[12, 33, 36, 40]
[13, 15, 4, 44]
[28, 14, 9, 52]
[46, 12, 43, 37]
[44, 5, 9, 36]
[16, 19, 7, 36]
[18, 35, 17, 4]
[20, 41, 44, 25]
[16, 46, 7, 17]
[50, 32, 34, 10]
[14, 37, 33, 29]
[15, 30, 5, 28]
[48, 25, 31, 14]
[21, 40, 26, 49]
[16, 30, 13, 45]
[27, 8, 16, 48]
[19, 40, 14, 43]
[33, 36, 7, 13]
[31, 47, 24, 52]
[8, 7, 33, 16]
[25, 25, 31, 30]
[19, 36, 48, 46]
[25, 32, 32, 25]
[8, 19, 18, 44]
[27, 14, 43, 34]
[45, 44, 42, 47]
[6, 16, 40, 42]
[19, 7, 13, 44]
[27, 45, 36, 22]
[51, 8, 25, 8]
[41, 28, 21, 50]
[43, 32, 41, 22]
[4, 40, 12, 43]
[13, 34, 37, 11]
[19, 21, 11, 33]
[41, 4, 50, 46]
[7, 42, 49, 11]
[38, 7, 16, 37]
[41, 51, 39, 41]
[40, 25, 15, 33]
[16, 47, 50, 49]
[32, 52, 42, 52]
[7, 5, 29, 28]
[33, 23, 36, 44]
[41, 22, 16, 39]
[11, 17, 16, 33]
[16, 38, 21, 4]
[43, 17, 11, 7]
[24, 31, 28, 32]
[21, 41, 4, 36]
[13, 48, 23, 34]
[42, 52, 39, 52]
[37, 45, 25, 19]
[28, 22, 27, 9]
[32, 39, 34, 35]
[28, 16, 40, 6]
[26, 4, 48, 49]
[46, 49, 11, 13]
[17, 16, 45, 30]
[7, 8, 43, 18]
[35, 30, 10, 50]
[31, 25, 6, 37]
[37, 21, 29, 29]
[37, 29, 43, 39]
[43, 14, 37, 38]
[5, 14, 15, 50]
[23, 32, 15, 51]
[46, 21, 38, 17]
[17, 19, 8, 18]
[22, 14, 26, 38]
[7, 44, 37, 41]
[27, 36, 30, 17]
[16, 20, 39, 29]
[32, 8, 13, 48]
[26, 21, 10, 33]
[47, 42, 17, 33]
[38, 32, 31, 48]
[22, 6, 20, 23]
[22, 9, 10, 16]
[10, 18, 30, 6]
[26, 38, 6, 32]
[52, 51, 21, 29]
[4, 44, 10, 39]
[13, 16, 18, 11]
[40, 8, 18, 47]
[16, 42, 9, 41]
[13, 40, 42, 22]
[11, 41, 20, 42]
[19, 6, 35, 41]
[13, 7, 12, 11]
[32, 46, 41, 50]
[22, 35, 36, 25]
[30, 10, 15, 44]
[52, 37, 31, 14]
[4, 32, 13, 38]
[19, 19, 30, 27]
[20, 52, 38, 30]
[27, 37, 25, 46]
[12, 49, 34, 20]
[8, 30, 42, 24]
[39, 42, 13, 14]
[14, 28, 29, 45]
[35, 24, 9, 7]
[39, 36, 13, 45]
[15, 52, 18, 12]
[13, 20, 8, 34]
[24, 26, 40, 51]
[33, 47, 48, 31]
[48, 35, 22, 40]
[22, 18, 47, 37]
[25, 22, 8, 26]
[46, 7, 21, 50]
[47, 17, 6, 11]
[46, 33, 23, 50]
[8, 44, 23, 39]
[51, 19, 52, 41]
[20, 29, 46, 13]
[29, 24, 46, 27]
[16, 45, 28, 21]
[24, 25, 7, 50]
[45, 49, 45, 16]
[41, 8, 27, 4]
[5, 24, 33, 48]
[5, 14, 22, 20]
[42, 40, 32, 41]
[18, 31, 23, 40]
[47, 8, 18, 36]
[51, 16, 29, 8]
[51, 39, 36, 6]
[20, 40, 33, 17]
[27, 11, 32, 35]
[11, 46, 4, 49]
[24, 48, 14, 10]
[14, 25, 50, 47]
[20, 24, 10, 34]
[47, 32, 41, 15]
[13, 40, 45, 42]
[31, 12, 44, 20]
[14, 25, 25, 19]
[47, 49, 5, 46]
[51, 51, 31, 21]
[5, 42, 52, 48]
[13, 35, 43, 20]
[15, 5, 32, 5]
[11, 10, 28, 22]
[47, 7, 25, 30]
[13, 40, 7, 13]
[33, 12, 47, 9]
[37, 22, 12, 10]
[5, 29, 20, 38]
[42, 43, 33, 21]
[22, 23, 34, 49]
[22, 44, 42, 46]
[18, 13, 12, 37]
[43, 34, 5, 7]
[14, 6, 40, 32]
[49, 23, 49, 13]
[47, 40, 11, 24]
[51, 42, 34, 49]
[6, 17, 15, 19]
[47, 41, 6, 17]
[52, 47, 14, 49]
[38, 6, 24, 6]
[46, 22, 43, 21]
[11, 36, 31, 32]
[43, 41, 48, 14]
[50, 39, 38, 45]
[33, 33, 50, 38]
[12, 46, 36, 36]
[34, 29, 30, 5]
[7, 40, 50, 5]
[17, 47, 42, 28]
[24, 33, 24, 28]
[14, 40, 18, 42]
[12, 27, 12, 6]
[15, 8, 38, 40]
[51, 9, 22, 13]
[7, 52, 49, 22]
[36, 51, 46, 19]
[29, 9, 52, 17]
[17, 51, 25, 49]
[8, 48, 28, 28]
[37, 13, 48, 36]
[30, 47, 49, 9]
[9, 11, 43, 50]
[27, 19, 25, 33]
[9, 12, 22, 38]
[11, 13, 6, 48]
[38, 52, 50, 43]
[11, 30, 44, 32]
[32, 4, 24, 29]
[13, 14, 43, 32]
[37, 20, 46, 44]
[17, 50, 10, 18]
[47, 6, 35, 42]
[46, 11, 21, 20]
[5, 22, 8, 14]
[48, 51, 42, 44]
[51, 13, 44, 4]
[19, 16, 36, 9]
[5, 42, 13, 17]
[35, 12, 14, 44]
[29, 38, 12, 47]
[17, 50, 52, 20]
[7, 9, 16, 13]
[32, 4, 29, 26]
[26, 33, 23, 45]
[13, 12, 15, 27]
[24, 33, 48, 47]
[10, 46, 18, 34]
[27, 52, 33, 26]
[18, 13, 52, 15]
[39, 34, 18, 12]
[7, 52, 38, 44]
[30, 10, 12, 8]
[9, 45, 5, 45]
[29, 8, 32, 26]
[24, 43, 40, 44]
[9, 49, 20, 44]
[32, 12, 42, 38]
[17, 51, 17, 7]
[46, 4, 30, 40]
[34, 29, 4, 40]
[7, 45, 20, 7]
[21, 4, 16, 46]
[39, 44, 40, 31]
[51, 14, 36, 9]
[46, 22, 38, 21]
[30, 18, 50, 35]
[52, 52, 24, 43]
[5, 23, 16, 4]
[25, 18, 38, 9]
[38, 5, 13, 23]
[20, 20, 47, 5]
[23, 4, 5, 7]
[38, 23, 43, 17]
[43, 25, 39, 10]
[12, 43, 23, 10]
[9, 15, 21, 25]
[29, 37, 22, 52]
[43, 36, 33, 38]
[9, 8, 26, 6]
[17, 30, 40, 35]
[9, 45, 37, 26]
[14, 37, 7, 42]
[17, 40, 12, 34]
[21, 25, 13, 20]
[42, 30, 46, 4]
[6, 8, 9, 4]
[29, 21, 12, 15]
[31, 51, 52, 51]
[6, 31, 20, 12]
[28, 49, 14, 21]
[51, 24, 29, 32]
[45, 44, 12, 27]
[21, 16, 8, 26]
[29, 49, 12, 46]
[19, 42, 50, 48]
[23, 12, 49, 19]
[17, 49, 29, 49]
[17, 24, 48, 7]
[51, 48, 8, 43]
[27, 24, 6, 11]
[10, 26, 37, 38]
[20, 21, 22, 8]
[20, 48, 50, 52]
[31, 42, 46, 28]
[4, 9, 24, 39]
[51, 14, 7, 48]
[44, 24, 4, 47]
[43, 31, 46, 20]
[4, 37, 35, 26]
[30, 13, 6, 6]
[42, 9, 38, 11]
[12, 7, 43, 36]
[22, 49, 22, 45]
[30, 9, 19, 50]
[8, 23, 36, 25]
[48, 35, 28, 37]
[19, 9, 45, 9]
[11, 29, 19, 46]
[43, 6, 18, 35]
[29, 27, 22, 6]
[39, 27, 32, 51]
[26, 42, 48, 17]
[11, 47, 51, 39]
[31, 4, 7, 52]
[44, 27, 32, 6]
[50, 5, 4, 16]
[12, 39, 26, 38]
[6, 31, 45, 11]
[19, 13, 43, 23]
[28, 51, 37, 7]
[4, 29, 11, 31]
[32, 24, 10, 27]
[12, 38, 9, 27]
[13, 22, 51, 10]
[15, 17, 26, 48]
[31, 14, 12, 52]
[24, 37, 32, 26]
[14, 15, 26, 21]
[36, 21, 9, 8]
[37, 21, 6, 7]
[48, 38, 10, 12]
[9, 28, 4, 45]
[15, 52, 27, 46]
[46, 23, 19, 10]
[26, 38, 37, 10]
[26, 26, 49, 22]
[21, 35, 27, 50]
[13, 4, 45, 32]
[18, 47, 31, 8]
[7, 20, 31, 11]
[10, 26, 27, 14]
[41, 18, 40, 37]
[44, 4, 9, 16]
[33, 32, 6, 23]
[29, 41, 21, 25]
[21, 52, 11, 5]
[16, 20, 15, 36]
[45, 33, 25, 29]
[50, 5, 35, 15]
[41, 25, 52, 44]
[51, 12, 33, 15]
[37, 36, 47, 10]
[21, 51, 21, 24]
[17, 13, 6, 40]
[6, 43, 35, 9]
[8, 17, 43, 21]
[34, 10, 27, 12]
[9, 45, 10, 35]
[38, 24, 43, 30]
[9, 46, 11, 9]
[48, 38, 4, 48]
[45, 48, 6, 6]
[49, 29, 39, 6]
[13, 34, 15, 44]
[23, 20, 44, 11]
[31, 38, 5, 25]
[36, 16, 16, 9]
[19, 47, 7, 39]
[11, 9, 16, 37]
[27, 50, 51, 23]
[40, 11, 50, 47]
[30, 45, 15, 15]
[39, 44, 36, 35]
[36, 6, 35, 41]
[24, 47, 28, 4]
[26, 8, 47, 50]
[16, 29, 43, 47]
[18, 26, 31, 42]
[9, 5, 42, 51]
[36, 35, 4, 18]
[44, 28, 40, 30]
[49, 23, 34, 19]
[50, 48, 39, 9]
[12, 29, 37, 50]
[13, 18, 47, 31]
[51, 44, 42, 31]
[48, 35, 10, 29]
[24, 4, 11, 41]
[44, 31, 13, 46]
[38, 31, 50, 22]
[26, 35, 34, 42]
[21, 18, 15, 49]
[24, 20, 22, 38]
[16, 48, 47, 11]
[30, 52, 29, 50]
[38, 44, 11, 6]
[24, 14, 33, 6]
[16, 19, 19, 6]
[19, 15, 9, 50]
[25, 19, 48, 38]
[19, 41, 14, 23]
[9, 40, 39, 7]
[29, 46, 41, 12]
[48, 50, 52, 23]
[4, 25, 45, 29]
[24, 12, 17, 51]
[37, 35, 7, 4]
[24, 7, 46, 33]
[43, 25, 38, 7]
[27, 50, 41, 23]
[45, 28, 31, 26]
[30, 29, 27, 52]
[19, 8, 26, 16]
[14, 29, 31, 31]
[29, 12, 49, 33]
[50, 4, 14, 9]
[8, 45, 32, 24]
[32, 4, 28, 35]
[50, 43, 34, 23]
[38, 24, 19, 45]
[8, 46, 24, 25]
[14, 34, 19, 22]
[48, 11, 35, 21]
[35, 17, 25, 5]
[40, 51, 12, 16]
[20, 25, 10, 21]
[14, 52, 49, 26]
[8, 18, 23, 27]
[34, 14, 13, 52]
[31, 25, 32, 11]
[5, 11, 24, 51]
[46, 40, 29, 16]
[16, 49, 14, 32]
[38, 16, 48, 30]
[10, 9, 19, 9]
[33, 8, 50, 28]
[16, 9, 9, 42]
[39, 5, 11, 6]
[23, 14, 36, 20]
[39, 38, 46, 21]
[9, 35, 41, 48]
[13, 20, 22, 40]
[38, 33, 49, 46]
[4, 39, 39, 50]
[23, 5, 41, 49]
[8, 22, 45, 39]
[48, 47, 26, 48]
[42, 30, 48, 37]
[38, 30, 40, 36]
[10, 19, 12, 43]
[12, 48, 41, 33]
[40, 24, 33, 33]
[33, 43, 16, 42]
[11, 16, 21, 40]
[24, 33, 31, 12]
[22, 41, 46, 29]
[45, 20, 14, 48]
[9, 9, 41, 19]
[15, 42, 51, 41]
[22, 22, 8, 51]
[6, 24, 13, 44]
[31, 45, 30, 16]
[44, 6, 33, 9]
[31, 51, 10, 24]
[50, 42, 43, 49]
[51, 10, 44, 23]
[28, 19, 37, 40]
[32, 32, 26, 50]
[25, 34, 32, 18]
[36, 5, 21, 9]
[44, 24, 32, 14]
[41, 36, 36, 12]
[36, 39, 43, 39]
[16, 28, 42, 50]
[23, 27, 49, 38]
[16, 44, 37, 19]
[51, 47, 5, 46]
[44, 20, 16, 47]
[14, 30, 22, 24]
[50, 7, 27, 50]
[43, 17, 9, 16]
[6, 17, 4, 44]
[13, 4, 5, 27]
[42, 9, 4, 25]
[34, 15, 10, 47]
[7, 35, 49, 23]
[6, 51, 19, 6]
[45, 10, 45, 4]
[40, 10, 46, 24]
[33, 21, 7, 35]
[46, 37, 41, 40]
[9, 52, 22, 34]
[28, 13, 26, 41]
[39, 18, 44, 8]
[32, 29, 45, 26]
[7, 12, 17, 10]
[25, 18, 10, 50]
[29, 45, 51, 45]
[48, 33, 40, 24]
[38, 4, 8, 46]
[46, 50, 24, 25]
[37, 8, 41, 31]
[23, 5, 33, 24]
[33, 42, 40, 37]
[23, 9, 31, 39]
[41, 37, 28, 49]
[10, 30, 52, 41]
[49, 9, 40, 43]
[43, 45, 44, 9]
[39, 39, 41, 47]
[20, 6, 15, 6]
[48, 51, 6, 47]
[36, 18, 25, 41]
[15, 36, 49, 15]
[52, 12, 11, 18]
[45, 16, 5, 38]
[49, 42, 4, 40]
[15, 9, 39, 17]
[43, 13, 9, 36]
[12, 8, 30, 16]
[18, 48, 37, 38]
[6, 36, 20, 12]
[42, 36, 30, 51]
[5, 52, 13, 18]
[44, 40, 31, 23]
[50, 38, 24, 49]
[8, 26, 29, 4]
[27, 27, 38, 46]
[16, 35, 32, 9]
[34, 51, 18, 31]
[49, 46, 15, 49]
[50, 44, 46, 11]
[11, 29, 4, 10]
[35, 5, 12, 29]
[47, 32, 5, 39]
[16, 45, 28, 41]
[25, 45, 27, 38]
[14, 15, 16, 45]
[4, 47, 52, 49]
[39, 15, 4, 20]
[8, 8, 20, 33]
[50, 10, 34, 31]
[52, 46, 35, 34]
[21, 17, 40, 29]
[31, 44, 50, 21]
[8, 48, 20, 12]
[48, 41, 10, 10]
[52, 5, 11, 52]
[30, 7, 15, 46]
[50, 52, 43, 40]
[14, 38, 35, 49]
[6, 7, 34, 50]
[33, 21, 40, 28]
[23, 48, 5, 18]
[52, 43, 48, 27]
[6, 29, 46, 33]
[15, 29, 26, 7]
[35, 34, 30, 50]
[31, 17, 11, 47]
[33, 25, 18, 7]
[39, 37, 31, 9]
[19, 7, 27, 26]
[11, 45, 8, 10]
[47, 34, 14, 39]
[52, 38, 16, 12]
[18, 46, 49, 6]
[31, 49, 42, 19]
[15, 9, 43, 16]
[45, 45, 5, 23]
[27, 29, 29, 18]
[12, 50, 35, 12]
[21, 40, 28, 27]
[25, 35, 26, 36]
[43, 11, 49, 10]
[50, 50, 46, 16]
[43, 49, 43, 8]
[26, 21, 5, 4]
[10, 13, 51, 19]
[38, 52, 50, 21]
[36, 27, 50, 23]
[46, 22, 31, 5]
[16, 16, 37, 21]
[31, 49, 44, 45]
[26, 22, 34, 34]
[52, 6, 40, 33]
[10, 49, 14, 18]
[5, 44, 7, 32]
[17, 31, 42, 43]
[9, 24, 41, 32]
[25, 49, 4, 51]
[15, 42, 27, 45]
[34, 12, 25, 20]
[31, 39, 9, 25]
[24, 45, 21, 43]
[11, 45, 27, 28]
[37, 28, 43, 23]
[24, 37, 20, 8]
[46, 31, 40, 40]
[23, 6, 39, 23]
[15, 23, 19, 39]
[52, 5, 5, 39]
[37, 47, 33, 20]
[23, 18, 30, 10]
[21, 19, 6, 19]
[20, 50, 17, 41]
[47, 28, 25, 30]
[13, 7, 41, 14]
[11, 51, 14, 15]
[52, 21, 10, 29]
[40, 42, 24, 46]
[15, 11, 31, 5]
[44, 17, 19, 47]
[14, 14, 16, 27]
[29, 22, 25, 5]
[14, 10, 50, 46]
[17, 7, 46, 19]
[51, 35, 17, 29]
[51, 6, 37, 39]
[31, 38, 31, 10]
[28, 36, 31, 5]
[19, 17, 26, 28]
[36, 43, 36, 13]
[42, 34, 39, 8]
[22, 23, 48, 8]
[22, 7, 41, 23]
[46, 33, 12, 45]
[31, 32, 5, 28]
[50, 5, 19, 15]
[17, 7, 18, 4]
[48, 51, 45, 21]
[7, 15, 50, 15]
[49, 23, 35, 20]
[24, 13, 29, 38]
[15, 13, 40, 24]
[32, 38, 17, 40]
[32, 18, 13, 18]
[28, 49, 22, 36]
[46, 41, 4, 17]
[37, 32, 25, 26]
[21, 16, 34, 13]
[47, 9, 10, 43]
[13, 39, 46, 36]
[9, 31, 48, 5]
[52, 6, 4, 22]
[12, 23, 19, 43]
[28, 39, 45, 9]
[41, 28, 18, 39]
[13, 12, 49, 51]
[10, 4, 51, 10]
[48, 26, 52, 5]
[10, 7, 23, 19]
[24, 35, 24, 38]
[47, 25, 38, 7]
[21, 31, 20, 49]
[36, 22, 30, 37]
[41, 46, 23, 45]
[45, 16, 49, 35]
[22, 47, 49, 47]
[39, 52, 31, 18]
[19, 32, 20, 38]
[36, 26, 36, 42]
[27, 12, 42, 19]
[36, 10, 5, 7]
[19, 26, 42, 12]
[7, 41, 16, 48]
[19, 25, 46, 23]
[34, 12, 24, 46]
[15, 6, 30, 12]
[22, 13, 20, 23]
[17, 36, 12, 19]
[11, 39, 23, 5]
[52, 37, 51, 36]
[5, 5, 11, 14]
[34, 21, 6, 4]
[13, 38, 33, 20]
[43, 25, 39, 36]
[6, 11, 22, 41]
[11, 51, 6, 32]
[10, 28, 29, 49]
[20, 44, 12, 14]
[26, 47, 48, 30]
[40, 34, 17, 30]
[14, 23, 33, 31]
[36, 30, 45, 30]
[20, 48, 28, 42]
[48, 21, 44, 11]
[6, 51, 41, 26]
[48, 26, 48, 12]
[41, 52, 17, 52]
[13, 7, 42, 30]
[9, 25, 28, 21]
[40, 19, 46, 44]
[13, 39, 51, 19]
[33, 10, 4, 47]
[46, 47, 27, 16]
[32, 8, 16, 26]
[12, 8, 33, 43]
[27, 17, 18, 46]
[41, 30, 11, 18]
[30, 17, 7, 8]
[49, 16, 17, 16]
[45, 28, 14, 43]
[34, 10, 14, 50]
[47, 5, 41, 7]
[25, 38, 45, 13]
[28, 19, 18, 9]
[10, 32, 16, 42]
[48, 33, 23, 13]
[40, 9, 39, 43]
[17, 27, 17, 37]
[20, 26, 38, 41]
[28, 27, 31, 34]
[6, 19, 34, 7]
[15, 5, 45, 33]
[33, 24, 33, 23]
[30, 7, 39, 11]
[19, 24, 5, 33]
[37, 17, 44, 12]
[52, 42, 14, 10]
[51, 51, 49, 15]
[29, 8, 48, 51]
[35, 37, 4, 31]
[51, 37, 45, 26]
[39, 22, 21, 46]
[27, 12, 14, 37]
[51, 52, 49, 21]
[20, 43, 35, 34]
[44, 33, 32, 21]
[16, 46, 38, 21]
[42, 26, 42, 34]
[51, 26, 9, 12]
[51, 38, 16, 34]
[4, 24, 37, 32]
[25, 43, 49, 40]
[32, 47, 8, 35]
[50, 36, 28, 16]
[32, 27, 50, 48]
[43, 28, 48, 34]
[26, 43, 41, 26]
[37, 24, 18, 33]
[41, 28, 51, 43]
[6, 47, 40, 52]
[21, 8, 40, 45]
[50, 50, 10, 14]
[7, 45, 49, 18]
[19, 20, 27, 37]
[42, 50, 44, 51]
[41, 23, 18, 13]
[6, 26, 17, 52]
[21, 19, 24, 41]
[40, 49, 7, 20]
[34, 17, 23, 7]
[50, 41, 33, 18]
[9, 17, 50, 5]
[22, 15, 20, 23]
[45, 19, 4, 24]
[18, 39, 31, 22]
[18, 27, 44, 44]
[52, 4, 13, 34]
[18, 51, 17, 43]
[6, 44, 20, 30]
[37, 41, 36, 33]
[14, 27, 27, 8]
[20, 44, 33, 30]
[8, 11, 35, 9]
[7, 39, 52, 24]
[19, 21, 9, 17]
[10, 25, 37, 32]
[25, 30, 26, 18]
[12, 34, 29, 29]
[12, 31, 30, 33]
[19, 29, 42, 21]
[20, 20, 7, 14]
[34, 13, 15, 45]
[49, 21, 24, 48]
[33, 27, 4, 14]
[24, 11, 38, 38]
[26, 30, 29, 28]
[7, 5, 32, 35]
[15, 8, 51, 37]
[45, 13, 27, 41]
[25, 11, 7, 48]
[12, 46, 24, 23]
[18, 39, 4, 46]
[8, 31, 39, 21]
[18, 34, 49, 44]
[37, 15, 15, 43]
[51, 41, 21, 52]
[10, 12, 23, 25]
[36, 19, 19, 24]
[15, 7, 21, 33]
[48, 29, 49, 39]
[25, 35, 24, 41]
[46, 46, 35, 7]
[8, 48, 51, 17]
[52, 31, 44, 22]
[9, 29, 34, 37]
[35, 5, 18, 6]
[35, 44, 42, 18]
[38, 24, 4, 30]
[10, 36, 41, 42]
[14, 10, 43, 28]
[5, 50, 28, 24]
[49, 10, 46, 46]
[6, 8, 26, 5]
[24, 18, 29, 21]
[9, 7, 24, 41]
[5, 35, 29, 36]
[4, 7, 8, 18]
[21, 30, 32, 20]
[35, 17, 31, 12]
[26, 19, 50, 39]
[13, 18, 17, 32]
[18, 49, 15, 45]
[12, 50, 45, 30]
[52, 4, 49, 48]
[12, 24, 15, 39]
[34, 6, 37, 44]
[14, 49, 51, 29]
[47, 29, 34, 44]
[5, 48, 19, 5]
[14, 8, 16, 26]
[52, 25, 14, 42]
[5, 51, 11, 27]
[44, 16, 14, 21]
[21, 21, 42, 12]
[18, 30, 21, 48]
[28, 14, 10, 45]
[19, 24, 39, 40]
[14, 22, 19, 44]
[44, 29, 6, 4]
[37, 15, 25, 4]
[6, 12, 16, 29]
[45, 48, 30, 9]
[48, 11, 29, 52]
[48, 41, 23, 36]
[50, 14, 34, 28]
[32, 28, 6, 8]
[7, 11, 13, 40]
[33, 20, 50, 51]
[17, 40, 26, 40]
[28, 40, 28, 50]
[23, 31, 28, 8]
[32, 27, 45, 13]
[48, 35, 39, 23]
[49, 15, 48, 8]
[29, 19, 50, 18]
[34, 37, 38, 28]
[4, 51, 22, 10]
[5, 44, 40, 10]
[42, 40, 4, 51]
[52, 11, 36, 51]
[28, 30, 19, 22]
[38, 20, 47, 44]
[21, 27, 5, 9]
[39, 16, 6, 6]
[33, 19, 14, 49]
[41, 50, 23, 51]
[27, 33, 11, 14]
[24, 48, 26, 32]
[29, 16, 4, 44]
[52, 48, 51, 13]
[34, 15, 48, 11]
[25, 27, 9, 38]
[15, 26, 28, 42]
[12, 27, 28, 46]
[27, 43, 51, 32]
[10, 31, 8, 30]
[5, 7, 48, 6]
[46, 14, 36, 25]
[29, 50, 50, 42]
[18, 16, 21, 30]
[35, 45, 38, 17]
[38, 30, 8, 40]
[40, 23, 22, 33]
[31, 46, 51, 16]
[44, 18, 41, 45]
[46, 32, 52, 32]
[49, 34, 14, 33]
[34, 29, 29, 40]
[16, 27, 33, 31]
[36, 46, 21, 32]
[6, 18, 20, 22]
[14, 34, 43, 23]
[4, 48, 17, 28]
[25, 13, 18, 12]
[20, 39, 24, 27]
[46, 30, 26, 7]
[7, 19, 6, 36]
[5, 41, 35, 18]
[24, 43, 19, 16]
[34, 19, 39, 20]
[26, 12, 7, 18]
[9, 4, 17, 27]
[46, 48, 12, 31]
[52, 33, 50, 36]
[40, 8, 38, 37]
[16, 50, 17, 19]
[48, 22, 22, 27]
[14, 39, 32, 13]
[22, 40, 30, 15]
[48, 31, 7, 32]
[5, 48, 4, 11]
[29, 23, 44, 44]
[41, 49, 27, 22]
[47, 7, 14, 32]
[24, 10, 30, 26]
[21, 17, 46, 39]
[19, 34, 42, 40]
[4, 37, 31, 11]
[19, 10, 8, 25]
[42, 51, 34, 17]
[43, 27, 21, 31]
[47, 22, 13, 30]
[35, 17, 31, 52]
[6, 20, 30, 50]
[25, 14, 36, 16]
[28, 37, 37, 32]
[52, 4, 52, 34]
[7, 40, 5, 50]
[15, 11, 28, 23]
[34, 13, 28, 31]
[37, 11, 41, 34]
[13, 5, 7, 24]
[45, 47, 33, 14]
[8, 40, 47, 15]
[47, 41, 44, 20]
[25, 44, 24, 33]
[25, 19, 27, 32]
[29, 48, 41, 27]
[44, 37, 10, 33]
[14, 41, 46, 31]
[24, 36, 24, 24]
[25, 30, 48, 48]
[24, 33, 24, 45]
[39, 39, 9, 47]
[18, 23, 17, 16]
[35, 45, 14, 23]
[32, 27, 17, 32]
[9, 33, 6, 17]
[12, 48, 27, 44]
[46, 36, 41, 19]
[26, 20, 29, 50]
[27, 36, 13, 26]
[11, 21, 29, 5]
[4, 40, 13, 25]
[19, 37, 9, 48]
[39, 17, 16, 51]
[47, 13, 19, 9]
[28, 31, 16, 4]
[4, 31, 28, 14]
[17, 35, 16, 29]
[51, 26, 16, 4]
[50, 40, 20, 51]
[46, 46, 9, 41]
[46, 16, 9, 48]
[42, 34, 15, 41]
[33, 17, 24, 30]
[4, 48, 11, 21]
[43, 12, 16, 31]
[25, 36, 25, 25]
[12, 43, 19, 48]
[10, 37, 35, 26]
[15, 42, 20, 24]
[21, 13, 36, 26]
[48, 13, 27, 38]
[43, 50, 30, 45]
[27, 6, 24, 42]
[5, 11, 23, 41]
[18, 26, 7, 33]
[15, 36, 10, 20]
[44, 33, 22, 46]
[35, 21, 28, 39]
[42, 16, 47, 32]
[52, 30, 4, 28]
[8, 15, 25, 41]
[45, 50, 49, 39]
[45, 18, 46, 45]
[18, 51, 41, 45]
[20, 27, 48, 41]
[4, 33, 49, 27]
[28, 43, 43, 38]
[7, 47, 8, 38]
[22, 4, 25, 51]
[50, 44, 47, 35]
[5, 48, 39, 29]
[45, 28, 32, 25]
[32, 29, 23, 34]
[4, 27, 30, 47]
[4, 34, 27, 31]
[51, 5, 51, 20]
[46, 15, 30, 14]
[16, 7, 8, 25]
[50, 20, 26, 48]
[34, 11, 31, 19]
[34, 49, 14, 24]
[24, 47, 19, 20]
[11, 24, 36, 25]
[7, 11, 27, 52]
[47, 52, 41, 23]
[41, 9, 47, 40]
[9, 34, 36, 12]
[40, 19, 25, 44]
[52, 14, 32, 35]
[41, 23, 15, 32]
[21, 31, 27, 23]
[5, 47, 19, 30]
[42, 25, 12, 10]
[50, 32, 10, 49]
[8, 13, 34, 17]
[49, 21, 41, 37]
[47, 12, 18, 36]
[15, 18, 9, 21]
[11, 36, 39, 9]
[48, 41, 52, 36]
[39, 28, 22, 23]
[10, 21, 38, 25]
[47, 26, 39, 46]
[7, 12, 36, 25]
[40, 7, 42, 18]
[50, 36, 22, 29]
[32, 18, 51, 51]
[30, 10, 14, 26]
[12, 43, 27, 15]
[36, 15, 43, 47]
[42, 47, 47, 25]
[12, 26, 41, 52]
[33, 5, 11, 19]
[11, 44, 24, 39]
[19, 47, 52, 28]
[37, 43, 47, 7]
[46, 46, 18, 22]
[36, 24, 36, 12]
[5, 50, 15, 16]
[33, 17, 28, 28]
[10, 34, 38, 35]
[5, 45, 22, 46]
[47, 4, 23, 48]
[33, 51, 50, 12]
[12, 49, 8, 28]
[50, 41, 52, 16]
[49, 15, 10, 25]
[29, 26, 48, 34]
[36, 10, 42, 7]
[30, 11, 38, 4]
[14, 21, 47, 6]
[10, 21, 43, 12]
[17, 31, 34, 19]
[49, 8, 20, 27]
[38, 41, 27, 29]
[6, 19, 41, 24]
[11, 32, 37, 46]
[15, 23, 35, 51]
[18, 51, 26, 18]
[51, 25, 32, 11]
[35, 30, 35, 27]
[51, 34, 32, 4]
[22, 14, 11, 47]
[27, 44, 16, 10]
[42, 48, 38, 45]
[22, 36, 11, 44]
[43, 49, 51, 50]
[37, 13, 4, 22]
[5, 51, 10, 13]
[22, 27, 23, 18]
[37, 28, 52, 32]
[30, 6, 27, 11]
[34, 51, 18, 52]
[18, 43, 30, 26]
[44, 35, 40, 10]
[42, 5, 22, 14]
[22, 37, 39, 32]
[27, 25, 29, 39]
[40, 35, 33, 5]
[37, 27, 39, 42]
[49, 18, 19, 11]
[44, 32, 40, 8]
[30, 38, 26, 45]
[8, 18, 47, 13]
[21, 44, 11, 30]
[24, 20, 26, 5]
[29, 25, 14, 6]
[36, 16, 10, 12]
[44, 52, 15, 48]
[14, 36, 4, 41]
[39, 6, 11, 29]
[46, 28, 30, 5]
[29, 38, 47, 29]
[32, 38, 48, 30]
[50, 52, 32, 28]
[45, 25, 49, 13]
[32, 42, 23, 35]
[44, 18, 28, 12]
[33, 21, 27, 48]
[29, 17, 41, 7]
[21, 8, 14, 13]
[26, 22, 46, 5]
[25, 33, 32, 15]
[22, 32, 20, 45]
[33, 35, 14, 34]
[8, 13, 40, 42]
[23, 38, 21, 25]
[28, 38, 30, 26]
[35, 32, 6, 28]
[6, 34, 7, 4]
[38, 17, 13, 28]
[49, 24, 23, 19]
[30, 30, 8, 34]
[35, 38, 40, 11]
[28, 36, 52, 51]
[15, 47, 29, 20]
[26, 43, 17, 35]
[10, 33, 34, 9]
[4, 14, 23, 34]
[43, 40, 18, 11]
[47, 49, 14, 6]
[7, 22, 17, 21]
[49, 21, 51, 22]
[5, 26, 44, 8]
[8, 32, 38, 43]
[26, 7, 14, 43]
[51, 43, 10, 21]
[39, 38, 16, 43]
[32, 8, 38, 33]
[39, 22, 13, 35]
[30, 22, 37, 5]
[33, 6, 34, 26]
[24, 5, 46, 23]
[5, 10, 52, 28]
[49, 15, 11, 39]
[41, 34, 5, 8]
[39, 22, 51, 51]
[22, 4, 36, 33]
[26, 28, 21, 30]
[41, 45, 36, 23]
[33, 6, 31, 15]
[42, 31, 16, 13]
[48, 22, 43, 28]
[7, 31, 21, 49]
[26, 38, 44, 26]
[44, 43, 49, 33]
[18, 47, 17, 36]
[52, 17, 44, 13]
[50, 23, 45, 37]
[17, 44, 15, 24]
[33, 30, 27, 14]
[10, 52, 6, 7]
[19, 36, 35, 42]
[23, 44, 40, 29]
[5, 36, 11, 33]
[31, 5, 31, 48]
[36, 35, 44, 4]
[10, 46, 16, 18]
[8, 26, 6, 7]
[33, 39, 44, 43]
[31, 30, 29, 37]
[51, 21, 51, 18]
[10, 49, 35, 39]
[25, 47, 15, 28]
[46, 18, 46, 29]
[20, 28, 20, 14]
[10, 52, 38, 43]
[27, 39, 39, 24]
[32, 14, 51, 10]
[39, 30, 52, 29]
[22, 23, 36, 10]
[16, 41, 32, 15]
[4, 37, 6, 4]
[44, 9, 26, 52]
[30, 50, 52, 7]
[31, 23, 14, 46]
[7, 35, 23, 19]
[36, 45, 6, 22]
[27, 50, 25, 44]
[42, 43, 48, 29]
[52, 50, 27, 49]
[35, 44, 19, 24]
[10, 21, 15, 5]
[4, 12, 34, 22]
[47, 19, 11, 14]
[51, 7, 18, 30]
[16, 11, 34, 31]
[52, 24, 29, 29]
[39, 24, 35, 24]
[41, 27, 15, 44]
[48, 49, 50, 48]
[34, 49, 12, 6]
[51, 52, 49, 5]
[42, 42, 47, 11]
[28, 14, 42, 14]
[6, 30, 38, 42]
[46, 21, 37, 52]
[40, 11, 30, 45]
[10, 35, 39, 32]
[42, 41, 20, 51]
[21, 22, 8, 22]
[18, 48, 25, 42]
[46, 15, 47, 35]
[49, 18, 44, 39]
[31, 29, 35, 50]
[14, 42, 12, 24]
[31, 44, 48, 43]
[25, 6, 36, 46]
[11, 6, 33, 17]
[38, 28, 17, 33]
[39, 14, 47, 19]
[5, 15, 19, 13]
[41, 29, 33, 47]
[10, 20, 6, 7]
[40, 23, 16, 30]
[51, 36, 18, 35]
[47, 50, 24, 29]
[21, 25, 10, 47]
[45, 41, 40, 27]
[23, 40, 28, 5]
[32, 14, 29, 18]
[19, 9, 42, 36]
[36, 28, 44, 45]
[25, 7, 32, 37]
[11, 32, 9, 49]
[41, 4, 8, 30]
[49, 20, 32, 26]
[37, 12, 28, 34]
[13, 9, 26, 24]
[21, 35, 17, 43]
[18, 40, 7, 36]
[22, 9, 6, 5]
[40, 49, 30, 13]
[15, 41, 48, 25]
[43, 10, 38, 27]
[42, 49, 42, 37]
[10, 49, 35, 49]
[20, 52, 18, 44]
[49, 6, 22, 51]
[40, 6, 29, 9]
[18, 11, 38, 11]
[43, 25, 29, 42]
[23, 7, 32, 17]
[11, 46, 29, 39]
[45, 7, 25, 51]
[7, 25, 34, 32]
[30, 22, 38, 16]
[14, 52, 15, 39]
[11, 19, 19, 29]
[17, 15, 47, 5]
[13, 32, 4, 42]
[28, 21, 50, 6]
[22, 5, 26, 20]
[26, 43, 35, 30]
[17, 9, 16, 38]
[39, 17, 47, 7]
[35, 35, 23, 33]
[20, 45, 22, 37]
[34, 18, 10, 6]
[48, 26, 40, 21]
[50, 42, 20, 21]
[7, 40, 52, 33]
[10, 4, 18, 51]
[35, 34, 49, 19]
[6, 28, 7, 20]
[28, 34, 45, 4]
[45, 50, 16, 27]
[16, 48, 31, 21]
[11, 32, 23, 43]
[27, 18, 13, 12]
[22, 43, 48, 17]
[10, 43, 14, 31]
[14, 17, 30, 14]
[49, 23, 35, 19]
[20, 27, 49, 48]
[47, 23, 43, 36]
[5, 5, 10, 36]
[28, 30, 29, 9]
[32, 23, 15, 42]
[18, 26, 45, 15]
[17, 18, 17, 30]
[10, 50, 10, 6]
[17, 13, 15, 14]
[46, 32, 45, 50]
[21, 4, 30, 46]
[35, 17, 7, 40]
[35, 35, 13, 8]
[11, 6, 35, 15]
[33, 37, 34, 42]
[9, 49, 15, 41]
[18, 6, 32, 48]
[43, 43, 12, 9]
[12, 21, 37, 24]
[8, 7, 5, 49]
[23, 18, 48, 19]
[38, 4, 17, 12]
[42, 41, 7, 46]
[6, 12, 17, 14]
[34, 37, 18, 8]
[9, 42, 30, 34]
[38, 27, 23, 28]
[16, 29, 33, 32]
[37, 10, 33, 41]
[30, 25, 7, 4]
[9, 19, 45, 12]
[47, 19, 21, 42]
[51, 31, 7, 42]
[31, 16, 39, 13]
[48, 51, 21, 18]
[49, 43, 13, 28]
[27, 20, 39, 31]
[40, 30, 20, 28]
[11, 26, 16, 35]
[16, 35, 35, 30]
[47, 38, 43, 24]
[24, 44, 10, 12]
[47, 19, 31, 37]
[4, 44, 47, 41]
[14, 4, 37, 8]
[43, 45, 42, 36]
[21, 14, 37, 21]
[5, 42, 11, 40]
[30, 31, 32, 50]
[45, 39, 40, 34]
[39, 32, 24, 41]
[29, 24, 9, 17]
[45, 8, 36, 6]
[52, 33, 38, 40]
[31, 45, 42, 20]
[7, 6, 42, 28]
[45, 36, 43, 17]
[14, 30, 26, 42]
[10, 20, 15, 17]
[21, 34, 9, 29]
[38, 38, 23, 4]
[49, 18, 47, 13]
[36, 52, 20, 32]
[4, 48, 44, 35]
[46, 38, 34, 49]
[34, 21, 51, 28]
[45, 19, 47, 8]
[16, 32, 26, 37]
[33, 15, 44, 8]
[49, 26, 52, 14]
[31, 42, 51, 11]
[41, 23, 10, 36]
[35, 22, 31, 41]
[11, 22, 23, 52]
[36, 27, 15, 20]
[45, 43, 33, 8]
[19, 25, 36, 29]
[16, 33, 40, 30]
[11, 44, 46, 20]
[11, 47, 34, 17]
[8, 28, 39, 51]
[40, 49, 23, 10]
[18, 37, 26, 10]
[10, 34, 51, 37]
[14, 31, 23, 14]
[42, 11, 10, 44]
[16, 41, 26, 24]
[9, 26, 34, 8]
[27, 16, 29, 25]
[43, 9, 49, 37]
[8, 50, 46, 27]
[17, 12, 50, 32]
[48, 31, 17, 52]
[16, 45, 12, 35]
[10, 50, 16, 17]
[20, 15, 5, 22]
[32, 29, 24, 15]
[32, 37, 46, 52]
[30, 42, 33, 15]
[27, 26, 41, 46]
[25, 19, 26, 51]
[23, 43, 11, 42]
[42, 50, 18, 18]
[36, 50, 6, 4]
[28, 31, 43, 15]
[48, 21, 15, 18]
[40, 8, 50, 51]
[13, 51, 21, 48]
[52, 17, 11, 22]
[18, 40, 36, 7]
[32, 16, 12, 9]
[25, 31, 46, 18]
[31, 50, 22, 51]
[42, 21, 15, 41]
[52, 25, 44, 15]
[22, 30, 40, 51]
[37, 28, 45, 16]
[17, 37, 52, 36]
[14, 6, 43, 8]
[8, 15, 51, 27]
[4, 16, 20, 13]
[41, 43, 24, 17]
[4, 31, 15, 9]
[34, 6, 19, 37]
[43, 11, 44, 43]
[49, 24, 20, 49]
[38, 20, 47, 43]
[31, 11, 30, 35]
[5, 52, 27, 22]
[38, 10, 8, 45]
[33, 39, 29, 31]
[40, 29, 45, 49]
[30, 44, 42, 28]
[18, 28, 36, 33]
[44, 41, 11, 36]
[28, 5, 20, 45]
[7, 32, 28, 34]
[44, 46, 13, 10]
[41, 6, 15, 26]
[16, 17, 45, 52]
[19, 20, 29, 29]
[33, 13, 21, 39]
[26, 9, 42, 7]
[48, 19, 42, 21]
[41, 38, 23, 46]
[5, 24, 47, 23]
[35, 13, 40, 37]
[36, 31, 11, 34]
[38, 41, 14, 38]
[13, 33, 31, 7]
[20, 5, 44, 38]
[26, 37, 50, 8]
[10, 29, 15, 46]
[18, 14, 11, 10]
[27, 14, 26, 31]
[22, 13, 46, 22]
[40, 39, 43, 16]
[18, 32, 38, 9]
[44, 9, 38, 43]
[13, 29, 20, 24]
[31, 38, 26, 34]
[29, 4, 51, 50]
[41, 33, 32, 32]
[45, 18, 7, 47]
[10, 28, 50, 19]
[51, 46, 15, 32]
[22, 24, 46, 22]
[42, 38, 32, 39]
[9, 14, 38, 28]
[39, 47, 29, 26]
[45, 11, 9, 4]
[44, 5, 4, 49]
[52, 10, 5, 26]
[44, 13, 39, 44]
[25, 47, 44, 26]
[28, 43, 13, 52]
[22, 31, 17, 16]
[11, 23, 8, 5]
[21, 34, 24, 31]
[23, 38, 21, 33]
[36, 25, 37, 45]
[17, 45, 30, 34]
[23, 50, 25, 19]
[45, 5, 35, 7]
[49, 20, 48, 13]
[20, 22, 25, 47]
[20, 4, 24, 15]
[46, 41, 8, 24]
[40, 32, 44, 11]
[41, 41, 10, 7]
[36, 25, 42, 19]
[20, 13, 43, 19]
[21, 20, 50, 43]
[47, 27, 15, 17]
[16, 21, 21, 9]
[32, 20, 37, 18]
[40, 15, 23, 30]
[19, 5, 14, 18]
[23, 34, 12, 16]
[40, 43, 32, 34]
[29, 16, 11, 52]
[27, 10, 17, 38]
[44, 29, 12, 15]
[28, 18, 11, 17]
[44, 42, 51, 42]
[49, 48, 22, 31]
[30, 5, 35, 40]
[4, 20, 28, 41]
[4, 28, 20, 35]
[20, 29, 25, 5]
[47, 51, 20, 27]
[36, 7, 33, 26]
[29, 33, 45, 7]
[44, 37, 22, 24]
[26, 34, 47, 13]
[42, 45, 47, 22]
[29, 22, 45, 15]
[39, 24, 19, 29]
[34, 33, 25, 51]
[38, 31, 12, 4]
[37, 8, 9, 16]
[25, 17, 52, 30]
[39, 4, 37, 32]
[41, 4, 41, 16]
[20, 13, 34, 35]
[44, 46, 43, 49]
[37, 46, 36, 6]
[37, 43, 15, 29]
[27, 4, 34, 5]
[8, 7, 13, 37]
[19, 28, 9, 12]
[25, 15, 23, 10]
[23, 6, 21, 47]
[4, 11, 21, 46]
[43, 21, 42, 22]
[40, 32, 49, 52]
[16, 35, 5, 22]
[25, 16, 31, 27]
[47, 41, 50, 24]
[27, 44, 33, 31]
[30, 31, 12, 49]
[35, 38, 4, 30]
[28, 33, 21, 39]
[48, 42, 41, 50]
[7, 23, 6, 25]
[4, 29, 20, 18]
[29, 10, 48, 17]
[11, 22, 31, 49]
[28, 49, 7, 17]
[20, 14, 13, 38]
[49, 35, 5, 10]
[8, 46, 52, 52]
[19, 28, 44, 15]
[8, 46, 39, 16]
[45, 32, 7, 38]
[35, 51, 22, 39]
[26, 40, 47, 8]
[30, 10, 9, 17]
[14, 15, 26, 43]
[14, 20, 25, 51]
[8, 11, 43, 36]
[49, 34, 30, 44]
[6, 32, 40, 8]
[9, 18, 20, 13]
[40, 40, 18, 19]
[9, 27, 23, 24]
[23, 33, 33, 10]
[24, 46, 14, 4]
[35, 36, 9, 4]
[46, 22, 51, 13]
[7, 5, 46, 38]
[15, 40, 16, 25]
[17, 11, 8, 43]
[22, 12, 43, 47]
[34, 42, 32, 14]
[38, 25, 9, 31]
[6, 29, 36, 52]
[42, 34, 36, 22]
[20, 14, 41, 41]
[50, 29, 10, 41]
[12, 29, 35, 10]
[27, 39, 29, 15]
[7, 30, 42, 34]
[38, 47, 6, 24]
[26, 37, 23, 14]
[50, 15, 13, 17]
[27, 49, 30, 6]
[23, 31, 16, 25]
[4, 11, 5, 47]
[38, 17, 50, 12]
[26, 9, 34, 49]
[8, 20, 31, 13]
[16, 5, 9, 47]
[20, 12, 24, 32]
[43, 36, 23, 37]
[23, 23, 20, 7]
[18, 4, 49, 33]
[52, 27, 44, 50]
[29, 51, 7, 13]
[42, 23, 8, 31]
[15, 15, 22, 18]
[24, 52, 25, 16]
[7, 36, 25, 11]
[29, 10, 13, 30]
[51, 14, 19, 21]
[44, 42, 5, 9]
[52, 10, 52, 21]
[8, 39, 13, 13]
[19, 40, 45, 8]
[35, 14, 39, 31]
[5, 8, 25, 13]
[17, 43, 37, 26]
[50, 19, 13, 21]
[39, 48, 12, 11]
[6, 49, 39, 19]
[38, 7, 50, 43]
[29, 12, 51, 5]
[5, 51, 49, 22]
[52, 26, 35, 52]
[27, 4, 33, 42]
[26, 22, 28, 26]
[32, 47, 9, 38]
[35, 24, 19, 20]
[27, 12, 52, 8]
[35, 28, 34, 8]
[27, 25, 18, 49]
[30, 50, 38, 19]
[16, 29, 24, 27]
[20, 27, 27, 21]
[40, 18, 7, 45]
[21, 23, 30, 50]
[28, 23, 22, 52]
[49, 52, 46, 28]
[4, 41, 48, 18]
[28, 42, 28, 45]
[23, 19, 35, 21]
[40, 12, 9, 15]
[31, 24, 37, 52]
[51, 26, 51, 32]
[43, 8, 34, 37]
[39, 52, 9, 35]
[12, 9, 27, 17]
[31, 10, 18, 40]
[23, 48, 18, 15]
[5, 16, 9, 4]
[44, 18, 33, 51]
[51, 13, 52, 15]
[5, 50, 42, 41]
[43, 16, 5, 50]
[34, 35, 27, 36]
[23, 39, 45, 31]
[11, 27, 28, 21]
[6, 11, 41, 27]
[36, 40, 41, 12]
[21, 21, 32, 35]
[25, 24, 32, 14]
[41, 38, 27, 44]
[19, 26, 24, 40]
[24, 16, 41, 22]
[45, 5, 26, 34]
[9, 34, 19, 47]
[15, 38, 18, 7]
[26, 8, 22, 5]
[42, 44, 49, 48]
[12, 28, 37, 19]
[43, 39, 37, 4]
[32, 46, 47, 45]
[33, 6, 10, 6]
[31, 16, 52, 37]
[24, 30, 48, 36]
[18, 31, 27, 33]
[12, 48, 26, 43]
[18, 15, 36, 48]
[45, 11, 39, 37]
[31, 5, 9, 49]
[25, 44, 19, 12]
[34, 43, 28, 26]
[43, 26, 49, 11]
[52, 23, 45, 27]
[26, 46, 40, 18]
[25, 12, 46, 50]
[21, 11, 25, 41]
[37, 52, 46, 40]
[5, 34, 27, 42]
[50, 31, 39, 20]
[43, 17, 21, 18]
[40, 10, 27, 20]
[37, 47, 51, 27]
[8, 44, 30, 42]
[33, 24, 32, 20]
[23, 16, 34, 20]
[34, 41, 35, 16]
[22, 10, 47, 47]
[41, 14, 33, 34]
[30, 45, 26, 5]
[31, 16, 7, 45]
[41, 36, 46, 10]
[13, 22, 33, 26]
[50, 35, 52, 11]
[30, 36, 34, 43]
[48, 41, 37, 33]
[45, 31, 12, 22]
[23, 6, 11, 47]
[26, 20, 49, 32]
[50, 51, 30, 20]
[28, 19, 6, 6]
[29, 12, 17, 9]
[47, 22, 15, 35]
[45, 23, 25, 14]
[40, 18, 36, 10]
[15, 19, 28, 50]
[7, 40, 19, 6]
[50, 46, 22, 15]
[23, 46, 37, 20]
[12, 22, 29, 15]
[17, 42, 23, 22]
[34, 37, 13, 48]
[36, 47, 11, 27]
[15, 25, 20, 22]
[30, 15, 32, 50]
[6, 15, 34, 33]
[28, 35, 7, 49]
[40, 37, 27, 36]
[37, 17, 8, 33]
[25, 39, 31, 31]
[14, 41, 48, 28]
[18, 51, 37, 47]
[14, 41, 13, 33]
[17, 13, 16, 38]
[34, 4, 37, 36]
[29, 8, 21, 23]
[19, 33, 39, 32]
[27, 29, 8, 46]
[44, 42, 8, 41]
[25, 39, 22, 35]
[26, 24, 22, 27]
[25, 6, 47, 4]
[27, 47, 7, 43]
[14, 30, 52, 31]
[9, 43, 22, 48]
[31, 12, 17, 7]
[31, 50, 29, 52]
[35, 17, 9, 48]
[22, 45, 31, 27]
[6, 17, 35, 22]
[26, 14, 41, 13]
[50, 21, 32, 21]
[25, 10, 20, 34]
[11, 28, 17, 14]
[39, 11, 22, 29]
[28, 39, 13, 51]
[38, 12, 24, 26]
[23, 45, 21, 51]
[12, 39, 21, 35]
[17, 36, 45, 9]
[49, 18, 25, 38]
