[50, 10, 30, 50]
[12, 13, 29, 34]
[33, 5, 40, 38]
[27, 43, 31, 42]
[19, 45, 28, 10]
[23, 42, 27, 17]
[27, 42, 50, 38]
[7, 10, 46, 41]
[4, 19, 23, 35]
[24, 19, 43, 41]
[17, 18, 14, 22]
[41, 21, 32, 43]
[35, 27, 39, 4]
[27, 41, 12, 30]
[46, 8, 51, 28]
[31, 24, 39, 49]
[10, 29, 48, 45]
[17, 6, 27, 40]
[29, 18, 5, 32]
[46, 51, 30, 24]
[21, 36, 21, 16]
[33, 18, 25, 35]
[45, 50, 47, 25]
[36, 4, 4, 47]
[22, 49, 29, 12]
[37, 24, 8, 17]
[18, 4, 15, 47]
[6, 5, 14, 52]
[9, 49, 17, 15]
[10, 28, 25, 46]
[50, 24, 14, 47]
[16, 11, 47, 32]
[4, 26, 7, 12]
[37, 10, 43, 25]
[9, 12, 44, 14]
[38, 6, 21, 19]
[12, 42, 39, 15]
[51, 34, 4, 7]
[34, 17, 52, 49]
[52, 20, 42, 36]
[39, 13, 50, 38]
[23, 7, 24, 34]
[6, 27, 21, 4]
[46, 52, 22, 14]
[13, 33, 37, 6]
[46, 16, 21, 7]
[17, 38, 34, 17]
[20, 29, 36, 40]
[14, 48, 19, 31]
[36, 27, 50, 17]
[32, 18, 42, 8]
[38, 15, 8, 24]
[35, 5, 5, 46]
[52, 36, 33, 32]
[37, 37, 51, 49]
[15, 49, 6, 19]
[43, 39, 10, 17]
[22, 33, 46, 9]
[4, 26, 29, 50]
[20, 4, 47, 36]
[16, 35, 40, 27]
[46, 51, 16, 11]
[23, 45, 31, 9]
[43, 27, 26, 17]
[41, 27, 39, 4]
[49, 37, 14, 21]
[47, 30, 13, 6]
[43, 36, 49, 14]
[50, 11, 44, 49]
[48, 50, 20, 5]
[30, 13, 31, 30]
[30, 8, 9, 28]
[17, 12, 44, 48]
[35, 17, 15, 30]
[50, 6, 46, 51]
[26, 5, 21, 21]
[24, 7, 40, 52]
[44, 5, 25, 44]
[41, 33, 52, 31]
[12, 13, 26, 39]
[37, 51, 21, 16]
[6, 34, 23, 6]
[5, 8, 15, 19]
[34, 40, 43, 31]
[44, 32, 36, 23]
[22, 9, 34, 41]
[16, 31, 15, 46]
[43, 37, 4, 37]
[14, 21, 41, 25]
[37, 22, 37, 46]
[31, 41, 20, 5]
[12, 16, 39, 28]
[28, 27, 4, 30]
[16, 36, 5, 20]
[37, 36, 9, 9]
[34, 28, 18, 19]
[11, 36, 29, 4]
[40, 38, 15, 16]
[4, 30, 11, 19]
[43, 38, 33, 35]
[18, 41, 29, 45]
[48, 17, 41, 32]
[10, 13, 17, 50]
[22, 27, 51, 45]
[19, 34, 16, 46]
[46, 25, 50, 9]
[36, 28, 18, 37]
[27, 47, 32, 45]
[5, 5, 24, 35]
[6, 24, 32, 26]
[10, 19, 13, 21]
[51, 14, 5, 26]
[47, 22, 9, 9]
[40, 9, 15, 18]
[16, 24, 46, 12]
[16, 11, 47, 10]
[46, 38, 12, 11]
[48, 34, 39, 48]
[35, 18, 52, 39]
[12, 23, 37, 29]
[34, 40, 37, 27]
[23, 11, 15, 40]
[46, 33, 35, 12]
[45, 13, 40, 20]
[19, 6, 20, 47]
[10, 31, 10, 10]
[12, 29, 7, 41]
[10, 12, 20, 33]
[44, 19, 23, 37]
[49, 18, 36, 13]
[32, 9, 45, 37]
[5, 32, 46, 9]
[13, 43, 24, 31]
[29, 7, 35, 4]
[12, 4, 18, 26]
[6, 15, 11, 32]
[13, 26, 43, 6]
[5, 23, 39, 7]
[14, 13, 8, 20]
[39, 51, 39, 28]
[49, 51, 20, 40]
[39, 5, 52, 16]
[16, 44, 15, 32]
[15, 7, 44, 25]
[21, 22, 47, 38]
[15, 20, 13, 27]
[38, 20, 27, 35]
[17, 47, 21, 52]
[16, 49, 32, 30]
[31, 19, 47, 9]
[28, 50, 38, 46]
[15, 44, 51, 11]
[11, 36, 17, 12]
[46, 41, 20, 17]
[27, 46, 45, 13]
[45, 22, 19, 22]
[29, 35, 45, 36]
[21, 8, 10, 4]
[48, 26, 31, 23]
[5, 12, 8, 4]
[11, 41, 11, 48]
[34, 16, 48, 39]
[40, 29, 46, 28]
[11, 17, 13, 42]
[33, 49, 13, 29]
[51, 48, 15, 17]
[20, 20, 41, 26]
[26, 21, 46, 28]
[37, 20, 48, 16]
[44, 40, 39, 8]
[6, 18, 23, 50]
[17, 48, 49, 31]
[21, 48, 27, 40]
[32, 28, 45, 52]
[47, 40, 52, 51]
[18, 44, 39, 45]
[47, 32, 30, 39]
[9, 48, 30, 51]
[22, 48, 48, 44]
[31, 10, 40, 29]
[8, 22, 44, 27]
[51, 39, 20, 34]
[15, 18, 26, 20]
[38, 5, 12, 51]
[45, 27, 13, 4]
[43, 52, 36, 30]
[6, 35, 47, 40]
[26, 30, 11, 45]
[14, 26, 34, 20]
[13, 8, 42, 33]
[41, 23, 27, 40]
[4, 47, 31, 32]
[49, 47, 48, 36]
[31, 31, 27, 25]
[45, 19, 21, 6]
[46, 25, 30, 28]
[48, 9, 41, 46]
[44, 37, 19, 26]
[33, 4, 12, 46]
[49, 15, 35, 52]
[29, 39, 35, 34]
[34, 34, 23, 19]
[27, 29, 24, 31]
[44, 23, 28, 23]
[27, 8, 8, 17]
[36, 29, 19, 32]
[41, 21, 14, 16]
[16, 45, 43, 8]
[37, 38, 26, 37]
[42, 12, 6, 48]
[42, 14, 22, 32]
[18, 26, 46, 15]
[8, 48, 9, 26]
[12, 32, 36, 34]
[14, 27, 50, 7]
[44, 18, 22, 49]
[19, 36, 23, 24]
[36, 32, 24, 10]
[32, 12, 19, 11]
[14, 11, 20, 16]
[24, 39, 35, 46]
[36, 11, 31, 41]
[47, 38, 23, 28]
[9, 37, 17, 42]
[5, 24, 24, 37]
[48, 5, 24, 24]
[17, 26, 17, 49]
[27, 22, 29, 27]
[52, 46, 14, 23]
[24, 26, 30, 37]
[18, 24, 4, 21]
[26, 17, 48, 10]
[18, 16, 38, 24]
[6, 9, 48, 39]
[11, 47, 44, 24]
[48, 21, 25, 24]
[42, 35, 7, 25]
[30, 9, 38, 39]
[27, 26, 7, 26]
[41, 49, 5, 20]
[44, 51, 38, 49]
[12, 49, 8, 13]
[43, 16, 38, 52]
[47, 13, 14, 49]
[52, 27, 10, 8]
[47, 30, 4, 18]
[6, 15, 45, 15]
[33, 27, 49, 5]
[31, 50, 31, 24]
[10, 45, 45, 17]
[18, 19, 24, 47]
[30, 19, 52, 16]
[8, 23, 44, 20]
[10, 16, 41, 15]
[5, 35, 51, 45]
[7, 10, 17, 50]
[41, 44, 42, 29]
[38, 25, 41, 42]
[48, 39, 38, 49]
[19, 22, 14, 38]
[40, 28, 50, 23]
[34, 31, 44, 22]
[18, 20, 5, 44]
[42, 49, 34, 11]
[35, 8, 4, 10]
[16, 28, 45, 30]
[49, 20, 24, 36]
[20, 46, 12, 44]
[29, 40, 28, 19]
[20, 27, 33, 46]
[52, 9, 10, 51]
[20, 13, 6, 20]
[51, 30, 47, 12]
[44, 38, 38, 35]
[41, 35, 12, 39]
[39, 23, 39, 32]
[14, 37, 9, 15]
[35, 33, 26, 12]
[43, 29, 6, 34]
[51, 28, 34, 32]
[39, 46, 16, 42]
[10, 25, 32, 24]
[28, 31, 15, 45]
[34, 25, 4, 19]
[46, 8, 30, 12]
[17, 17, 32, 27]
[17, 39, 37, 25]
[10, 45, 31, 19]
[11, 7, 25, 37]
[33, 11, 50, 26]
[45, 41, 42, 40]
[22, 46, 19, 7]
[27, 40, 10, 36]
[18, 10, 37, 28]
[8, 30, 50, 42]
[40, 52, 49, 37]
[36, 4, 43, 37]
[49, 44, 11, 4]
[7, 42, 17, 39]
[27, 46, 22, 27]
[41, 26, 35, 46]
[22, 50, 13, 18]
[51, 33, 50, 44]
[11, 28, 19, 18]
[36, 31, 11, 51]
[26, 41, 52, 4]
[5, 29, 46, 20]
[22, 6, 18, 40]
[39, 30, 30, 28]
[35, 10, 16, 6]
[11, 16, 18, 24]
[43, 31, 11, 39]
[9, 40, 32, 23]
[4, 33, 13, 16]
[50, 47, 4, 31]
[12, 50, 22, 15]
[40, 5, 9, 52]
[26, 48, 40, 14]
[32, 32, 16, 51]
[43, 42, 34, 11]
[11, 10, 18, 17]
[18, 38, 30, 16]
[17, 41, 42, 22]
[21, 51, 23, 32]
[24, 46, 42, 25]
[23, 50, 22, 11]
[11, 32, 6, 42]
[21, 16, 12, 48]
[45, 38, 41, 33]
[33, 32, 40, 22]
[19, 20, 4, 35]
[38, 20, 52, 4]
[40, 37, 9, 8]
[12, 17, 12, 29]
[20, 4, 46, 47]
[37, 20, 52, 11]
[16, 23, 49, 26]
[32, 26, 48, 37]
[39, 16, 51, 4]
[18, 9, 43, 19]
[26, 26, 31, 11]
[20, 14, 21, 19]
[38, 9, 50, 17]
[28, 29, 11, 50]
[52, 43, 46, 5]
[11, 14, 48, 8]
[32, 23, 30, 38]
[18, 29, 38, 20]
[47, 37, 26, 8]
[24, 25, 17, 34]
[39, 15, 43, 44]
[24, 51, 18, 25]
[37, 41, 28, 20]
[9, 17, 48, 51]
[50, 43, 5, 45]
[9, 12, 12, 25]
[39, 35, 27, 23]
[15, 34, 15, 38]
[30, 17, 44, 44]
[49, 7, 22, 38]
[5, 28, 15, 10]
[28, 52, 13, 21]
[7, 48, 5, 15]
[32, 31, 44, 21]
[36, 39, 11, 32]
[40, 10, 52, 36]
[22, 43, 47, 44]
[9, 46, 7, 23]
[12, 23, 35, 27]
[39, 47, 15, 21]
[13, 7, 15, 38]
[51, 19, 7, 26]
[17, 46, 45, 32]
[31, 52, 20, 35]
[27, 40, 47, 6]
[6, 44, 24, 6]
[7, 12, 14, 11]
[52, 50, 16, 26]
[26, 21, 40, 29]
[36, 35, 35, 33]
[23, 43, 16, 27]
[4, 15, 41, 14]
[39, 21, 47, 7]
[48, 50, 19, 39]
[35, 40, 17, 19]
[38, 49, 29, 22]
[49, 24, 24, 18]
[14, 43, 8, 36]
[45, 7, 20, 10]
[30, 4, 46, 41]
[52, 33, 22, 17]
[29, 10, 34, 45]
[28, 6, 6, 19]
[23, 47, 17, 38]
[31, 12, 8, 23]
[25, 26, 49, 29]
[41, 14, 33, 21]
[8, 28, 41, 31]
[15, 21, 45, 49]
[14, 52, 10, 50]
[24, 37, 30, 41]
[25, 34, 10, 49]
[41, 27, 21, 14]
[10, 4, 5, 31]
[25, 22, 36, 31]
[50, 25, 13, 10]
[35, 15, 33, 45]
[9, 18, 10, 37]
[34, 28, 16, 38]
[29, 34, 38, 44]
[25, 47, 21, 47]
[52, 9, 35, 35]
[52, 27, 33, 36]
[37, 50, 44, 20]
[24, 27, 40, 19]
[9, 25, 13, 35]
[38, 6, 16, 28]
[21, 30, 46, 46]
[20, 31, 51, 46]
[30, 10, 42, 7]
[50, 46, 26, 33]
[38, 11, 10, 9]
[11, 24, 18, 30]
[43, 46, 47, 12]
[51, 29, 42, 24]
[43, 42, 20, 9]
[21, 37, 29, 22]
[47, 36, 16, 11]
[18, 18, 6, 10]
[11, 5, 14, 12]
[20, 51, 6, 14]
[22, 31, 24, 49]
[33, 11, 27, 39]
[52, 48, 28, 18]
[33, 24, 41, 21]
[37, 5, 32, 43]
[10, 52, 39, 30]
[22, 6, 27, 10]
[24, 47, 23, 9]
[50, 27, 29, 48]
[19, 25, 7, 12]
[19, 16, 13, 27]
[25, 17, 43, 47]
[23, 24, 32, 37]
[12, 11, 47, 30]
[23, 44, 32, 17]
[30, 46, 18, 44]
[12, 6, 36, 44]
[7, 35, 42, 41]
[14, 23, 6, 50]
[14, 23, 40, 32]
[36, 33, 19, 18]
[17, 36, 22, 41]
[46, 18, 45, 51]
[5, 44, 41, 23]
[23, 35, 41, 31]
[28, 32, 6, 47]
[40, 8, 41, 43]
[33, 34, 38, 15]
[44, 32, 17, 44]
[28, 16, 28, 42]
[20, 25, 40, 23]
[44, 46, 31, 19]
[45, 32, 39, 40]
[4, 51, 52, 7]
[16, 40, 25, 13]
[49, 22, 5, 45]
[24, 43, 19, 44]
[28, 50, 38, 41]
[44, 6, 25, 38]
[27, 37, 38, 7]
[16, 26, 32, 28]
[15, 50, 30, 49]
[20, 44, 46, 52]
[42, 30, 30, 37]
[21, 14, 27, 48]
[23, 5, 21, 11]
[18, 42, 36, 41]
[20, 44, 7, 21]
[32, 6, 21, 19]
[33, 42, 10, 49]
[12, 20, 7, 20]
[13, 24, 44, 16]
[21, 39, 33, 4]
[47, 13, 10, 13]
[14, 47, 40, 29]
[8, 22, 24, 43]
[39, 7, 17, 10]
[23, 43, 29, 7]
[45, 47, 15, 51]
[7, 41, 4, 50]
[8, 39, 28, 35]
[5, 12, 47, 39]
[46, 33, 48, 33]
[38, 48, 43, 14]
[15, 36, 11, 41]
[41, 32, 30, 42]
[35, 5, 10, 27]
[42, 19, 48, 10]
[45, 48, 37, 31]
[14, 31, 39, 5]
[14, 18, 40, 22]
[37, 25, 12, 5]
[34, 16, 34, 23]
[48, 9, 14, 48]
[16, 6, 37, 35]
[48, 41, 7, 47]
[21, 43, 49, 8]
[30, 15, 8, 31]
[29, 29, 16, 37]
[28, 8, 42, 11]
[33, 39, 23, 52]
[44, 38, 36, 9]
[13, 34, 22, 34]
[4, 29, 32, 35]
[50, 10, 26, 4]
[22, 6, 10, 24]
[27, 49, 36, 45]
[6, 26, 32, 26]
[49, 16, 41, 13]
[38, 32, 8, 34]
[29, 39, 18, 25]
[39, 17, 34, 18]
[5, 4, 6, 21]
[4, 25, 50, 35]
[34, 40, 19, 8]
[14, 49, 23, 31]
[43, 19, 5, 51]
[33, 44, 22, 11]
[47, 13, 11, 41]
[13, 34, 14, 43]
[18, 4, 35, 27]
[7, 30, 11, 48]
[19, 21, 29, 51]
[50, 47, 18, 40]
[40, 9, 17, 7]
[16, 49, 33, 18]
[4, 45, 19, 5]
[22, 37, 19, 27]
[39, 45, 20, 46]
[7, 12, 49, 8]
[24, 32, 35, 20]
[46, 35, 51, 38]
[37, 22, 52, 36]
[29, 38, 32, 29]
[31, 35, 52, 39]
[8, 11, 39, 36]
[31, 11, 36, 47]
[5, 17, 49, 33]
[37, 7, 45, 23]
[48, 23, 27, 27]
[8, 14, 17, 19]
[29, 30, 38, 13]
[46, 29, 4, 16]
[7, 41, 22, 7]
[5, 28, 9, 31]
[9, 14, 36, 13]
[26, 14, 31, 13]
[7, 7, 14, 7]
[29, 9, 51, 6]
[51, 42, 31, 24]
[41, 31, 16, 20]
[19, 20, 26, 52]
[19, 37, 24, 33]
[17, 43, 35, 19]
[19, 43, 10, 36]
[4, 25, 29, 17]
[44, 51, 22, 10]
[22, 32, 36, 40]
[16, 18, 28, 30]
[41, 19, 36, 24]
[25, 19, 50, 13]
[50, 23, 33, 8]
[51, 36, 34, 21]
[21, 23, 24, 44]
[46, 41, 32, 7]
[19, 29, 39, 5]
[10, 38, 39, 4]
[6, 31, 15, 50]
[31, 51, 37, 38]
[49, 7, 50, 6]
[14, 35, 30, 52]
[14, 21, 12, 49]
[13, 50, 49, 7]
[8, 37, 42, 25]
[43, 16, 40, 52]
[49, 5, 41, 26]
[25, 22, 22, 15]
[47, 38, 51, 45]
[13, 7, 24, 39]
[25, 12, 27, 48]
[9, 36, 7, 52]
[10, 11, 25, 6]
[6, 4, 20, 19]
[7, 22, 13, 36]
[32, 49, 43, 22]
[26, 33, 38, 22]
[30, 46, 32, 31]
[22, 51, 23, 5]
[52, 44, 13, 29]
[34, 27, 14, 52]
[4, 34, 9, 23]
[37, 52, 33, 28]
[42, 22, 52, 10]
[44, 14, 43, 37]
[27, 44, 43, 18]
[30, 36, 25, 6]
[18, 35, 37, 13]
[4, 39, 45, 33]
[42, 25, 45, 22]
[34, 34, 37, 31]
[5, 45, 6, 37]
[44, 38, 45, 41]
[23, 36, 27, 26]
[33, 30, 31, 38]
[16, 35, 49, 46]
[25, 39, 44, 50]
[22, 49, 47, 18]
[40, 39, 9, 30]
[45, 25, 9, 22]
[33, 52, 23, 34]
[27, 42, 24, 17]
[48, 7, 50, 21]
[52, 40, 24, 14]
[17, 37, 27, 42]
[38, 43, 25, 15]
[33, 12, 19, 45]
[20, 4, 26, 4]
[45, 42, 27, 35]
[5, 45, 20, 42]
[32, 24, 50, 5]
[17, 42, 15, 36]
[44, 19, 6, 12]
[43, 48, 39, 25]
[25, 5, 20, 4]
[38, 42, 40, 27]
[42, 7, 18, 17]
[13, 35, 47, 35]
[21, 8, 41, 43]
[12, 13, 20, 29]
[27, 15, 19, 13]
[50, 12, 37, 52]
[15, 52, 22, 51]
[47, 39, 32, 23]
[5, 20, 29, 26]
[35, 15, 25, 38]
[36, 9, 5, 43]
[40, 14, 32, 13]
[42, 37, 16, 14]
[9, 11, 12, 30]
[10, 51, 7, 37]
[6, 45, 29, 9]
[8, 21, 49, 29]
[36, 33, 6, 8]
[49, 49, 51, 51]
[42, 32, 36, 33]
[25, 4, 19, 14]
[37, 28, 29, 42]
[15, 49, 52, 15]
[32, 27, 48, 9]
[7, 46, 20, 5]
[48, 52, 28, 51]
[17, 12, 8, 4]
[30, 30, 51, 12]
[10, 26, 24, 13]
[20, 47, 52, 43]
[19, 45, 42, 12]
[37, 32, 26, 7]
[31, 40, 8, 42]
[35, 33, 35, 49]
[47, 4, 49, 22]
[47, 52, 43, 35]
[52, 6, 49, 38]
[42, 45, 39, 34]
[37, 8, 37, 15]
[13, 41, 23, 6]
[10, 44, 50, 29]
[26, 15, 9, 40]
[34, 24, 16, 30]
[41, 29, 12, 16]
[42, 8, 9, 5]
[30, 20, 44, 48]
[43, 14, 9, 48]
[8, 26, 5, 7]
[6, 4, 35, 38]
[27, 28, 41, 6]
[29, 33, 4, 13]
[8, 51, 52, 30]
[8, 12, 33, 6]
[51, 50, 30, 22]
[12, 33, 9, 37]
[40, 25, 42, 15]
[50, 45, 17, 8]
[35, 10, 40, 15]
[12, 40, 49, 13]
[39, 52, 46, 15]
[8, 4, 49, 43]
[6, 51, 48, 24]
[15, 33, 47, 28]
[32, 37, 50, 8]
[32, 42, 43, 15]
[23, 43, 9, 41]
[17, 50, 13, 26]
[33, 40, 35, 18]
[24, 9, 51, 10]
[52, 20, 37, 25]
[10, 26, 8, 21]
[38, 10, 46, 22]
[16, 52, 18, 17]
[23, 34, 26, 12]
[48, 52, 21, 38]
[26, 34, 17, 45]
[49, 25, 46, 36]
[52, 31, 23, 36]
[50, 13, 38, 28]
[50, 41, 4, 49]
[7, 38, 16, 43]
[44, 44, 42, 14]
[36, 33, 18, 10]
[36, 28, 19, 22]
[43, 6, 16, 6]
[28, 41, 12, 32]
[39, 18, 18, 16]
[9, 24, 40, 39]
[20, 20, 17, 42]
[19, 21, 9, 23]
[42, 40, 10, 42]
[50, 5, 5, 23]
[34, 15, 15, 19]
[35, 5, 33, 8]
[46, 21, 13, 29]
[39, 31, 8, 11]
[15, 38, 7, 10]
[15, 13, 6, 7]
[48, 21, 6, 40]
[4, 14, 9, 50]
[34, 43, 4, 51]
[25, 28, 37, 25]
[22, 16, 45, 29]
[41, 47, 18, 39]
[48, 15, 30, 6]
[20, 19, 26, 20]
[9, 50, 27, 14]
[43, 10, 18, 33]
[29, 48, 10, 9]
[45, 14, 38, 17]
[28, 17, 31, 18]
[25, 33, 25, 44]
[19, 30, 35, 31]
[28, 8, 21, 7]
[40, 13, 19, 33]
[44, 17, 43, 28]
[40, 20, 43, 13]
[32, 30, 4, 47]
[34, 17, 32, 22]
[47, 10, 11, 40]
[24, 22, 26, 21]
[15, 29, 30, 17]
[11, 22, 42, 12]
[38, 35, 49, 33]
[24, 36, 34, 10]
[47, 31, 36, 9]
[32, 24, 34, 15]
[9, 42, 27, 30]
[30, 13, 33, 45]
[16, 48, 16, 9]
[9, 43, 44, 14]
[11, 26, 11, 48]
[28, 45, 26, 50]
[30, 4, 19, 31]
[6, 22, 5, 31]
[31, 52, 51, 32]
[41, 6, 23, 23]
[22, 48, 46, 32]
[23, 23, 28, 29]
[13, 44, 46, 5]
[26, 15, 6, 26]
[28, 29, 25, 52]
[35, 46, 10, 26]
[40, 14, 28, 30]
[25, 14, 29, 25]
[18, 45, 9, 34]
[26, 32, 31, 48]
[7, 50, 12, 43]
[34, 16, 14, 24]
[46, 25, 52, 8]
[30, 23, 15, 41]
[48, 18, 28, 49]
[10, 46, 43, 27]
[30, 10, 4, 29]
[41, 45, 34, 43]
[36, 10, 29, 29]
[6, 21, 34, 5]
[35, 42, 23, 30]
[13, 9, 33, 40]
[8, 47, 52, 24]
[28, 48, 13, 40]
[43, 34, 26, 44]
[29, 30, 51, 21]
[34, 37, 24, 5]
[28, 24, 35, 44]
[32, 10, 6, 14]
[45, 6, 33, 50]
[12, 49, 13, 51]
[20, 18, 25, 5]
[20, 17, 37, 11]
[37, 29, 5, 25]
[25, 20, 34, 24]
[8, 9, 37, 16]
[49, 15, 51, 40]
[25, 45, 12, 42]
[19, 7, 34, 48]
[39, 50, 36, 22]
[13, 40, 11, 48]
[39, 41, 17, 28]
[28, 42, 5, 34]
[7, 44, 35, 21]
[28, 47, 37, 20]
[19, 39, 44, 41]
[32, 11, 12, 16]
[13, 30, 22, 21]
[44, 39, 25, 14]
[11, 20, 30, 28]
[51, 24, 7, 22]
[25, 15, 39, 29]
[40, 49, 19, 52]
[4, 35, 34, 21]
[7, 49, 6, 46]
[42, 27, 31, 43]
[45, 33, 51, 7]
[26, 23, 25, 5]
[13, 8, 25, 49]
[6, 8, 9, 16]
[38, 12, 31, 36]
[42, 24, 29, 19]
[40, 49, 12, 5]
[38, 4, 26, 33]
[11, 12, 10, 34]
[15, 28, 41, 42]
[51, 28, 40, 39]
[8, 18, 51, 8]
[36, 10, 14, 30]
[31, 38, 5, 49]
[52, 39, 27, 36]
[5, 12, 27, 51]
[24, 52, 16, 33]
[23, 47, 11, 43]
[29, 51, 7, 47]
[14, 24, 5, 40]
[33, 15, 48, 41]
[49, 43, 49, 50]
[28, 23, 45, 43]
[52, 39, 20, 12]
[9, 17, 7, 9]
[10, 44, 51, 33]
[18, 38, 6, 32]
[38, 31, 8, 10]
[31, 52, 36, 12]
[30, 11, 18, 33]
[15, 43, 36, 20]
[24, 46, 11, 6]
[41, 32, 23, 42]
[13, 17, 21, 52]
[31, 38, 38, 23]
[25, 44, 38, 46]
[8, 32, 33, 21]
[9, 34, 16, 47]
[21, 33, 21, 46]
[37, 18, 11, 18]
[52, 7, 8, 24]
[41, 19, 38, 44]
[17, 41, 31, 48]
[26, 19, 38, 40]
[26, 13, 25, 48]
[42, 44, 46, 35]
[23, 31, 26, 15]
[10, 42, 36, 8]
[35, 11, 48, 13]
[49, 25, 39, 6]
[41, 7, 29, 35]
[18, 12, 14, 28]
[26, 50, 21, 52]
[39, 47, 22, 33]
[48, 22, 31, 44]
[29, 48, 22, 12]
[33, 13, 26, 8]
[31, 21, 16, 46]
[17, 36, 11, 22]
[13, 36, 43, 45]
[45, 35, 49, 47]
[24, 14, 12, 34]
[21, 7, 50, 5]
[8, 19, 42, 14]
[11, 17, 44, 43]
[7, 34, 52, 4]
[7, 30, 18, 29]
[15, 11, 5, 22]
[6, 16, 4, 34]
[27, 45, 31, 37]
[5, 16, 30, 27]
[46, 49, 44, 41]
[49, 5, 49, 43]
[5, 42, 12, 5]
[45, 13, 43, 39]
[17, 36, 50, 51]
[27, 44, 28, 23]
[47, 31, 34, 50]
[17, 41, 28, 39]
[26, 50, 42, 44]
[14, 5, 21, 44]
[49, 20, 15, 43]
[7, 22, 19, 17]
[33, 43, 44, 39]
[48, 30, 27, 4]
[40, 27, 23, 13]
[4, 34, 34, 33]
[39, 14, 10, 47]
[11, 28, 23, 14]
[36, 17, 33, 14]
[35, 8, 13, 48]
[24, 31, 47, 45]
[35, 21, 8, 46]
[51, 16, 20, 8]
[46, 47, 28, 10]
[19, 35, 41, 38]
[32, 10, 12, 25]
[31, 37, 10, 5]
[15, 19, 48, 9]
[24, 21, 41, 32]
[27, 32, 17, 18]
[44, 41, 22, 24]
[11, 41, 45, 27]
[30, 11, 21, 51]
[42, 29, 37, 34]
[12, 19, 50, 20]
[26, 45, 5, 27]
[25, 40, 28, 6]
[29, 24, 34, 35]
[45, 14, 48, 43]
[32, 9, 25, 42]
[32, 51, 48, 34]
[51, 38, 22, 15]
[42, 8, 37, 16]
[19, 46, 14, 47]
[4, 25, 37, 24]
[51, 52, 8, 47]
[15, 6, 13, 32]
[49, 37, 41, 16]
[19, 16, 27, 50]
[21, 40, 26, 45]
[34, 43, 20, 43]
[5, 6, 44, 34]
[21, 14, 29, 47]
[16, 48, 29, 11]
[29, 7, 14, 15]
[51, 8, 40, 42]
[7, 15, 45, 18]
[29, 52, 11, 7]
[29, 22, 40, 9]
[22, 26, 33, 50]
[18, 9, 45, 27]
[34, 46, 7, 28]
[30, 21, 34, 11]
[21, 19, 8, 20]
[35, 34, 51, 50]
[51, 28, 45, 16]
[4, 36, 32, 13]
[40, 5, 44, 41]
[22, 13, 7, 9]
[20, 7, 4, 18]
[22, 17, 7, 51]
[50, 45, 32, 18]
[24, 12, 28, 36]
[23, 15, 46, 34]
[15, 4, 35, 18]
[46, 23, 28, 46]
[12, 48, 42, 33]
[45, 40, 42, 49]
[43, 34, 7, 37]
[21, 9, 25, 26]
[47, 51, 22, 48]
[38, 15, 33, 11]
[31, 27, 7, 25]
[51, 21, 28, 26]
[50, 8, 47, 50]
[31, 46, 51, 11]
[14, 15, 8, 25]
[47, 22, 18, 12]
[36, 29, 28, 29]
[23, 39, 47, 30]
[50, 23, 35, 12]
[36, 39, 14, 52]
[42, 11, 48, 36]
[4, 51, 4, 27]
[21, 42, 17, 47]
[52, 37, 15, 39]
[25, 51, 49, 14]
[13, 30, 33, 34]
[9, 6, 24, 18]
[51, 18, 17, 41]
