[34, 38, 16, 37]
[16, 44, 13, 21]
[29, 51, 28, 34]
[30, 24, 37, 46]
[11, 30, 34, 23]
[38, 48, 5, 30]
[26, 8, 10, 25]
[39, 5, 39, 18]
[22, 41, 9, 6]
[50, 40, 21, 11]
[51, 15, 41, 19]
[20, 37, 4, 51]
[40, 32, 33, 42]
[27, 29, 35, 33]
[6, 6, 14, 24]
[31, 9, 25, 10]
[37, 33, 22, 22]
[23, 17, 44, 32]
[12, 35, 7, 39]
[14, 45, 31, 5]
[52, 20, 40, 48]
[25, 14, 52, 49]
[42, 10, 18, 36]
[32, 50, 47, 15]
[49, 34, 32, 28]
[36, 49, 23, 4]
[15, 11, 38, 26]
[48, 52, 42, 50]
[5, 39, 12, 20]
[21, 23, 45, 52]
[43, 16, 30, 35]
[4, 27, 43, 13]
[28, 13, 36, 12]
[8, 47, 19, 38]
[45, 43, 51, 14]
[33, 7, 50, 27]
[47, 31, 17, 17]
[41, 42, 26, 31]
[28, 25, 49, 45]
[46, 46, 46, 16]
[9, 36, 15, 43]
[35, 4, 28, 7]
[44, 19, 8, 29]
[24, 26, 11, 28]
[10, 22, 20, 8]
[7, 21, 24, 40]
[19, 12, 27, 47]
[13, 28, 48, 9]
[17, 28, 6, 44]
[18, 18, 29, 41]
