[6, 13, 34, 40]
[7, 37, 48, 51]
[18, 26, 13, 43]
[27, 51, 15, 21]
[21, 20, 43, 51]
[45, 42, 9, 19]
[32, 34, 19, 6]
[47, 13, 43, 34]
[25, 8, 10, 43]
[34, 44, 41, 36]
[40, 17, 4, 38]
[24, 32, 38, 44]
[22, 29, 44, 10]
[27, 45, 48, 4]
[33, 16, 37, 49]
[19, 29, 42, 20]
[42, 20, 7, 48]
[10, 34, 45, 9]
[22, 6, 32, 23]
[13, 16, 29, 46]
[30, 25, 30, 16]
[35, 39, 7, 44]
[31, 40, 33, 36]
[9, 36, 18, 24]
[25, 43, 52, 25]
[5, 32, 8, 28]
[38, 48, 47, 41]
[37, 14, 26, 30]
[7, 31, 15, 50]
[34, 52, 49, 34]
[11, 7, 34, 52]
[26, 36, 40, 17]
[5, 29, 45, 46]
[49, 22, 30, 16]
[23, 26, 6, 52]
[17, 5, 35, 45]
[39, 9, 49, 32]
[36, 38, 26, 35]
[29, 12, 11, 27]
[50, 44, 9, 22]
[19, 21, 12, 5]
[38, 19, 19, 24]
[13, 22, 47, 36]
[12, 34, 10, 36]
[35, 44, 39, 31]
[13, 41, 36, 33]
[34, 37, 12, 32]
[31, 45, 17, 29]
[28, 18, 41, 15]
[39, 42, 25, 15]
[28, 40, 26, 23]
[44, 10, 30, 31]
[47, 4, 44, 30]
[26, 25, 5, 37]
[33, 27, 27, 33]
[18, 47, 49, 40]
[52, 37, 5, 8]
[41, 17, 5, 37]
[46, 9, 17, 38]
[43, 5, 20, 46]
[15, 24, 18, 21]
[22, 38, 34, 19]
[41, 15, 11, 26]
[29, 7, 22, 42]
[14, 43, 37, 49]
[20, 17, 35, 17]
[6, 19, 17, 17]
[10, 18, 27, 49]
[11, 47, 35, 28]
[37, 28, 10, 43]
[22, 47, 10, 44]
[30, 9, 21, 45]
[52, 32, 42, 47]
[43, 41, 13, 4]
[12, 19, 24, 29]
[31, 10, 46, 24]
[20, 10, 13, 11]
[21, 5, 31, 19]
[27, 8, 48, 18]
[35, 16, 40, 16]
[35, 39, 12, 6]
[37, 33, 39, 40]
[42, 27, 5, 41]
[16, 12, 32, 7]
[46, 13, 4, 39]
[8, 23, 36, 33]
[49, 21, 33, 51]
[15, 49, 31, 35]
[17, 30, 44, 48]
[51, 6, 41, 13]
[43, 24, 6, 22]
[51, 14, 31, 26]
[27, 18, 6, 48]
[8, 48, 48, 37]
[18, 35, 28, 31]
[49, 8, 39, 24]
[18, 30, 16, 30]
[43, 45, 34, 4]
[26, 24, 6, 45]
[45, 15, 11, 32]
[9, 33, 33, 37]
[10, 42, 42, 10]
[41, 15, 8, 35]
[14, 4, 50, 13]
[36, 50, 20, 28]
[38, 22, 9, 22]
[46, 26, 9, 30]
[33, 6, 36, 12]
[32, 47, 52, 14]
[25, 52, 51, 38]
[24, 4, 19, 5]
[31, 34, 30, 25]
[44, 10, 8, 9]
[38, 40, 7, 4]
[14, 27, 20, 52]
[32, 4, 47, 40]
[49, 51, 33, 41]
[48, 11, 43, 7]
[16, 22, 23, 42]
[24, 23, 29, 19]
[51, 28, 32, 22]
[44, 26, 14, 49]
[39, 50, 25, 14]
[51, 51, 27, 21]
[47, 9, 22, 20]
[34, 50, 46, 7]
[50, 11, 12, 47]
[50, 48, 50, 25]
[7, 38, 16, 46]
[29, 49, 51, 50]
[21, 30, 26, 6]
[8, 49, 38, 41]
[21, 21, 25, 46]
[23, 29, 7, 39]
[36, 7, 24, 15]
[34, 25, 40, 26]
[4, 22, 17, 35]
[42, 36, 29, 9]
[19, 43, 37, 27]
[5, 37, 10, 8]
[9, 39, 22, 14]
[12, 43, 31, 10]
[47, 52, 38, 34]
[19, 25, 52, 44]
[6, 45, 47, 38]
[5, 46, 8, 20]
[40, 31, 23, 29]
[10, 41, 23, 25]
[20, 20, 19, 51]
[13, 50, 51, 45]
[46, 20, 25, 48]
[10, 34, 21, 16]
[15, 35, 41, 50]
[40, 7, 22, 39]
[48, 23, 24, 47]
[40, 15, 28, 22]
[48, 31, 45, 11]
[50, 11, 44, 23]
[16, 12, 14, 11]
[17, 36, 49, 18]
[15, 40, 21, 17]
[30, 31, 36, 10]
[52, 38, 43, 23]
[26, 28, 18, 27]
[25, 46, 42, 43]
[22, 48, 46, 7]
[42, 42, 37, 12]
[4, 19, 28, 42]
[4, 39, 32, 39]
[30, 46, 20, 29]
[14, 52, 35, 13]
[36, 35, 50, 47]
[39, 23, 21, 18]
[20, 49, 50, 5]
[11, 28, 16, 12]
[28, 21, 24, 34]
[8, 41, 4, 52]
[9, 17, 52, 11]
[7, 12, 46, 20]
[45, 32, 39, 32]
[46, 46, 23, 5]
[23, 33, 40, 27]
[29, 18, 22, 31]
[41, 14, 51, 14]
[24, 13, 29, 6]
[44, 27, 15, 28]
[32, 6, 27, 9]
[45, 51, 34, 33]
[48, 14, 28, 42]
[33, 33, 11, 18]
[28, 5, 18, 8]
[12, 16, 16, 8]
[17, 11, 46, 21]
[16, 8, 45, 12]
[4, 30, 14, 34]
[52, 44, 13, 26]
[6, 35, 15, 50]
[11, 10, 14, 15]
[23, 46, 4, 13]
[37, 24, 38, 10]
