[42, 43, 14, 52, 42, 21, 22]
[23, 44, 44, 17, 15, 22, 29]
[21, 18, 33, 44, 44, 36, 50]
[35, 33, 28, 28, 30, 38, 21]
[6, 28, 13, 41, 23, 50, 41]
[27, 27, 44, 28, 14, 52, 26]
[24, 50, 18, 39, 10, 32, 32]
[47, 35, 14, 39, 47, 21, 21]
[48, 9, 51, 36, 32, 42, 22]
[23, 28, 11, 7, 10, 21, 10]
[48, 28, 21, 18, 21, 45, 20]
[7, 30, 20, 16, 5, 27, 37]
[48, 50, 31, 16, 28, 24, 9]
[32, 32, 12, 16, 9, 33, 31]
[45, 30, 22, 12, 11, 17, 34]
[35, 25, 17, 35, 33, 31, 41]
[37, 51, 15, 9, 9, 12, 35]
[16, 5, 32, 47, 49, 35, 38]
[28, 52, 42, 41, 45, 14, 35]
[13, 17, 28, 38, 25, 47, 29]
[24, 8, 10, 50, 24, 29, 26]
[25, 13, 11, 14, 36, 14, 14]
[48, 13, 50, 33, 27, 5, 47]
[51, 38, 21, 37, 52, 14, 15]
[18, 8, 23, 23, 27, 40, 5]
[16, 47, 8, 50, 26, 14, 50]
[34, 5, 11, 5, 13, 28, 5]
[41, 31, 9, 45, 50, 32, 39]
[7, 20, 17, 47, 42, 42, 48]
[8, 5, 48, 30, 23, 11, 13]
[41, 32, 47, 48, 26, 38, 45]
[20, 34, 23, 33, 40, 27, 20]
[22, 25, 7, 45, 28, 30, 9]
[19, 10, 25, 14, 11, 32, 40]
[17, 4, 7, 44, 4, 35, 32]
[45, 18, 6, 44, 8, 38, 28]
[26, 25, 6, 27, 9, 41, 43]
[50, 43, 10, 32, 29, 48, 28]
[25, 21, 52, 31, 41, 6, 33]
[14, 51, 36, 23, 13, 18, 17]
[14, 40, 20, 47, 48, 14, 52]
[24, 47, 40, 13, 50, 13, 42]
[24, 11, 38, 38, 43, 25, 38]
[28, 27, 24, 10, 23, 41, 9]
[49, 17, 15, 51, 49, 49, 35]
[50, 7, 19, 40, 22, 47, 11]
[52, 15, 44, 25, 6, 34, 21]
[46, 10, 16, 22, 12, 52, 23]
[45, 27, 47, 17, 37, 34, 28]
[9, 47, 7, 4, 7, 8, 27]
[45, 27, 50, 10, 7, 44, 31]
[51, 4, 7, 10, 36, 16, 17]
[48, 16, 19, 11, 43, 25, 38]
[47, 16, 47, 32, 29, 13, 30]
[35, 22, 47, 16, 38, 43, 31]
[52, 40, 23, 51, 28, 11, 22]
[4, 20, 21, 17, 5, 35, 13]
[27, 11, 33, 6, 52, 30, 23]
[23, 50, 27, 7, 31, 14, 51]
[7, 7, 35, 32, 14, 22, 11]
[45, 22, 42, 29, 25, 42, 33]
[26, 26, 35, 18, 8, 17, 49]
[25, 47, 19, 19, 40, 20, 40]
[12, 15, 46, 6, 16, 39, 48]
[35, 4, 26, 7, 22, 48, 45]
[11, 51, 14, 34, 44, 48, 40]
[50, 14, 49, 15, 20, 40, 32]
[6, 38, 10, 35, 23, 40, 33]
[6, 16, 42, 30, 31, 44, 6]
[45, 7, 15, 25, 25, 26, 23]
[44, 11, 14, 5, 30, 9, 8]
[14, 4, 10, 10, 46, 7, 37]
[23, 27, 22, 48, 5, 10, 38]
[43, 31, 19, 7, 44, 26, 39]
[9, 9, 32, 27, 38, 15, 38]
[20, 10, 27, 12, 19, 4, 25]
[42, 6, 49, 24, 21, 20, 24]
[8, 52, 34, 40, 34, 44, 52]
[50, 14, 39, 37, 37, 45, 45]
[9, 21, 8, 20, 32, 8, 30]
[8, 39, 51, 34, 48, 30, 25]
[13, 12, 12, 50, 47, 8, 22]
[7, 41, 27, 52, 17, 50, 6]
[14, 40, 36, 36, 48, 40, 46]
[33, 40, 26, 43, 15, 11, 51]
[33, 30, 29, 45, 35, 27, 14]
[36, 18, 10, 20, 27, 34, 48]
[17, 48, 5, 11, 7, 38, 9]
[9, 52, 41, 33, 15, 41, 19]
[40, 26, 31, 9, 20, 42, 22]
[32, 20, 49, 26, 43, 12, 26]
[7, 19, 9, 9, 24, 50, 27]
[36, 23, 25, 35, 16, 23, 4]
[51, 11, 35, 5, 19, 45, 5]
[40, 42, 9, 15, 13, 46, 42]
[10, 14, 27, 21, 48, 8, 25]
[21, 16, 45, 47, 16, 31, 7]
[19, 37, 19, 25, 19, 45, 17]
[48, 31, 14, 29, 42, 23, 26]
[13, 16, 16, 14, 5, 16, 43]
[42, 24, 12, 39, 21, 28, 29]
[19, 21, 7, 9, 38, 46, 4]
[30, 10, 21, 42, 48, 26, 44]
[40, 41, 6, 33, 20, 52, 13]
[27, 34, 25, 34, 20, 16, 21]
[43, 38, 24, 7, 22, 30, 15]
[38, 19, 30, 27, 29, 33, 38]
[43, 18, 31, 34, 34, 18, 45]
[29, 14, 28, 24, 14, 29, 15]
[13, 42, 12, 27, 20, 8, 18]
[23, 37, 26, 20, 47, 45, 33]
[30, 25, 35, 38, 11, 47, 49]
[44, 28, 25, 41, 30, 39, 39]
[29, 52, 50, 16, 22, 7, 15]
[21, 34, 4, 52, 12, 6, 43]
[31, 18, 6, 14, 38, 34, 21]
[51, 25, 35, 47, 33, 46, 25]
[47, 18, 8, 28, 19, 15, 20]
[50, 44, 47, 35, 35, 21, 49]
[32, 51, 30, 22, 45, 43, 44]
[11, 18, 46, 12, 12, 19, 34]
[9, 51, 22, 40, 21, 32, 15]
[34, 28, 47, 50, 38, 32, 12]
[14, 17, 5, 49, 35, 31, 46]
[33, 46, 18, 14, 20, 21, 5]
[29, 40, 26, 37, 9, 6, 48]
[34, 45, 51, 27, 28, 29, 35]
[32, 24, 30, 37, 49, 50, 32]
[45, 8, 38, 17, 29, 43, 28]
[5, 15, 20, 29, 17, 44, 15]
[29, 30, 50, 32, 29, 38, 43]
[44, 31, 24, 39, 42, 20, 43]
[18, 18, 45, 40, 37, 11, 4]
[37, 14, 46, 47, 19, 11, 20]
[39, 29, 23, 32, 9, 31, 16]
[13, 35, 31, 24, 46, 4, 5]
[30, 15, 26, 12, 24, 13, 44]
[27, 19, 7, 30, 41, 51, 37]
[16, 28, 40, 26, 39, 18, 36]
[36, 36, 9, 33, 38, 42, 24]
[13, 9, 35, 36, 15, 51, 48]
[26, 18, 41, 28, 41, 30, 41]
[21, 44, 15, 35, 18, 37, 52]
[37, 35, 30, 18, 8, 25, 27]
[44, 44, 30, 46, 17, 38, 46]
[33, 6, 18, 46, 52, 21, 12]
[36, 12, 33, 20, 50, 36, 38]
[42, 27, 49, 35, 39, 41, 18]
[40, 7, 18, 22, 44, 33, 29]
[40, 35, 16, 46, 47, 14, 47]
[21, 5, 37, 24, 41, 42, 36]
[25, 4, 37, 28, 9, 19, 14]
[43, 22, 37, 17, 6, 17, 9]
[19, 36, 19, 48, 34, 46, 7]
[38, 21, 26, 23, 51, 30, 26]
[7, 9, 11, 39, 26, 49, 49]
[12, 46, 29, 27, 27, 22, 44]
[9, 29, 51, 36, 48, 6, 29]
[15, 16, 34, 6, 51, 30, 37]
[50, 38, 17, 38, 14, 16, 12]
[44, 9, 34, 13, 38, 27, 35]
[10, 31, 50, 12, 23, 32, 19]
[8, 48, 4, 6, 10, 51, 33]
[46, 35, 6, 24, 34, 6, 36]
[44, 51, 26, 11, 39, 14, 6]
[37, 49, 35, 39, 52, 36, 20]
[4, 48, 4, 23, 4, 23, 8]
[6, 17, 16, 17, 50, 20, 26]
[46, 22, 49, 21, 49, 48, 9]
[10, 12, 17, 15, 11, 18, 47]
[8, 39, 9, 52, 18, 25, 41]
[12, 5, 21, 29, 51, 27, 41]
[31, 36, 28, 7, 52, 43, 39]
[52, 34, 9, 45, 16, 19, 10]
[25, 49, 36, 21, 12, 4, 37]
[35, 41, 5, 51, 52, 6, 11]
[5, 41, 52, 18, 38, 46, 30]
[28, 47, 37, 40, 31, 40, 45]
[10, 4, 37, 36, 30, 26, 50]
[44, 41, 10, 12, 10, 13, 51]
[10, 21, 44, 30, 36, 15, 30]
[25, 4, 12, 44, 10, 19, 36]
[25, 46, 21, 40, 31, 5, 36]
[5, 42, 13, 46, 37, 11, 15]
[28, 26, 48, 52, 46, 49, 34]
[20, 32, 4, 4, 14, 9, 31]
[4, 33, 36, 38, 20, 11, 16]
[5, 24, 50, 12, 12, 24, 50]
[41, 20, 34, 22, 51, 9, 10]
[28, 50, 20, 30, 52, 46, 21]
[24, 7, 31, 20, 48, 46, 25]
[31, 43, 5, 4, 11, 49, 4]
[27, 49, 7, 39, 42, 38, 22]
[34, 8, 43, 19, 16, 44, 31]
[14, 23, 31, 18, 43, 21, 17]
[37, 6, 40, 21, 37, 28, 29]
[26, 13, 16, 42, 28, 24, 31]
[51, 30, 5, 4, 35, 44, 4]
[19, 12, 9, 41, 28, 13, 36]
[19, 46, 7, 49, 31, 29, 11]
[7, 48, 27, 31, 29, 50, 10]
[37, 43, 51, 17, 17, 42, 34]
[39, 16, 15, 17, 48, 23, 48]
[6, 42, 34, 19, 29, 52, 7]
[40, 29, 22, 40, 42, 13, 39]
[27, 48, 33, 15, 21, 27, 39]
[22, 31, 20, 41, 6, 49, 34]
[47, 10, 37, 6, 35, 6, 10]
[35, 14, 43, 10, 18, 24, 41]
[32, 15, 20, 50, 40, 51, 17]
[24, 22, 5, 19, 16, 11, 26]
[49, 10, 4, 41, 17, 34, 42]
[11, 43, 23, 35, 27, 25, 16]
[24, 45, 6, 8, 39, 33, 28]
[13, 48, 30, 5, 6, 28, 47]
[29, 32, 38, 34, 22, 44, 13]
[16, 32, 18, 32, 44, 30, 33]
[41, 38, 37, 40, 6, 19, 17]
[8, 42, 34, 40, 27, 44, 12]
[49, 41, 17, 36, 40, 32, 7]
[34, 39, 52, 23, 5, 24, 8]
[42, 25, 8, 49, 46, 24, 7]
[4, 41, 43, 32, 45, 36, 50]
[52, 17, 38, 26, 43, 18, 16]
[40, 17, 48, 42, 39, 11, 51]
[15, 36, 28, 22, 51, 31, 25]
[18, 30, 43, 5, 11, 36, 43]
[11, 15, 51, 44, 44, 38, 25]
[29, 6, 18, 47, 47, 22, 31]
[27, 52, 29, 52, 5, 50, 51]
[14, 30, 11, 37, 29, 5, 38]
[35, 5, 11, 47, 51, 13, 13]
[52, 20, 47, 48, 23, 17, 45]
[14, 44, 45, 13, 16, 41, 50]
[15, 38, 45, 4, 26, 12, 48]
[49, 8, 28, 7, 40, 22, 8]
[29, 22, 46, 44, 30, 28, 42]
[46, 11, 24, 43, 13, 17, 52]
[43, 48, 39, 45, 25, 10, 34]
[30, 33, 15, 9, 27, 47, 9]
[5, 26, 40, 18, 18, 31, 35]
[38, 26, 7, 46, 21, 6, 11]
[23, 39, 8, 51, 16, 40, 18]
[9, 39, 38, 44, 45, 36, 16]
[10, 26, 5, 50, 6, 4, 20]
[50, 9, 31, 14, 37, 23, 21]
[36, 44, 37, 13, 31, 23, 19]
[18, 9, 42, 43, 8, 7, 23]
[10, 40, 48, 48, 11, 35, 8]
[52, 37, 41, 37, 35, 26, 22]
[12, 14, 28, 4, 15, 4, 24]
[41, 49, 36, 8, 4, 10, 33]
[9, 4, 50, 27, 15, 49, 12]
[30, 11, 44, 9, 11, 37, 24]
[12, 47, 47, 36, 18, 48, 11]
[41, 32, 44, 46, 32, 34, 12]
[31, 50, 52, 46, 42, 44, 18]
[49, 25, 25, 35, 50, 17, 44]
[35, 9, 42, 19, 39, 20, 36]
[17, 29, 42, 35, 28, 51, 17]
[43, 17, 39, 20, 39, 23, 26]
[16, 12, 30, 41, 49, 25, 19]
[27, 27, 35, 5, 48, 29, 17]
[11, 29, 35, 21, 43, 34, 26]
[8, 45, 39, 45, 15, 22, 19]
[12, 20, 22, 9, 50, 21, 44]
[16, 23, 52, 49, 27, 19, 30]
[6, 40, 23, 33, 40, 19, 14]
[20, 41, 48, 16, 28, 20, 42]
[34, 29, 17, 25, 30, 16, 49]
[22, 24, 40, 12, 15, 15, 35]
[51, 52, 13, 48, 17, 25, 32]
[17, 50, 46, 42, 34, 21, 42]
[51, 25, 31, 26, 5, 20, 30]
[21, 35, 39, 13, 17, 35, 27]
[16, 51, 32, 43, 33, 6, 29]
[29, 39, 12, 33, 28, 35, 27]
[4, 16, 16, 27, 9, 14, 52]
[33, 39, 50, 22, 18, 37, 19]
[33, 6, 5, 23, 12, 33, 48]
[43, 8, 43, 24, 36, 52, 37]
[22, 19, 41, 52, 46, 42, 31]
[11, 41, 32, 11, 32, 25, 35]
[35, 52, 33, 28, 21, 29, 39]
[33, 36, 35, 26, 33, 34, 22]
[37, 34, 40, 26, 39, 41, 11]
[25, 7, 43, 49, 22, 49, 50]
[18, 34, 21, 25, 41, 25, 39]
[41, 47, 17, 20, 10, 12, 42]
[47, 10, 17, 29, 22, 10, 37]
[42, 44, 38, 33, 17, 51, 18]
[18, 6, 11, 52, 44, 40, 29]
[38, 6, 45, 26, 41, 9, 4]
[22, 37, 46, 43, 52, 6, 8]
[6, 29, 23, 41, 5, 24, 37]
[42, 28, 34, 51, 45, 29, 6]
[51, 15, 23, 42, 45, 18, 6]
[30, 14, 6, 26, 6, 15, 28]
[33, 21, 11, 6, 46, 45, 24]
[35, 30, 22, 37, 10, 37, 19]
[17, 18, 42, 42, 26, 52, 35]
[35, 42, 44, 32, 35, 44, 27]
[10, 11, 13, 30, 30, 20, 47]
[38, 36, 44, 8, 4, 49, 36]
[45, 43, 26, 21, 14, 38, 15]
[37, 45, 10, 17, 33, 5, 28]
[34, 13, 29, 29, 49, 41, 16]
[22, 40, 47, 39, 13, 8, 50]
[7, 28, 15, 48, 42, 40, 46]
[21, 42, 40, 34, 34, 45, 30]
[23, 16, 25, 21, 7, 17, 10]
[52, 37, 6, 50, 18, 26, 25]
[20, 33, 49, 13, 6, 5, 30]
[50, 50, 48, 18, 41, 5, 45]
[17, 47, 41, 5, 34, 37, 45]
[52, 48, 40, 4, 25, 41, 50]
[39, 21, 36, 31, 23, 15, 29]
[8, 52, 8, 51, 15, 39, 9]
[49, 6, 22, 41, 20, 19, 44]
[20, 6, 37, 37, 37, 12, 29]
[18, 12, 25, 28, 30, 41, 43]
[25, 50, 40, 33, 31, 7, 30]
[11, 37, 10, 46, 30, 8, 43]
[21, 11, 21, 38, 23, 39, 4]
[9, 5, 8, 14, 19, 9, 6]
[28, 34, 50, 21, 50, 47, 18]
[13, 23, 36, 10, 32, 34, 46]
[6, 21, 22, 6, 11, 7, 7]
[31, 26, 35, 38, 43, 43, 37]
[38, 36, 49, 29, 40, 15, 40]
[44, 23, 24, 10, 19, 37, 5]
[20, 51, 22, 45, 50, 11, 18]
[6, 32, 46, 16, 42, 51, 16]
[20, 40, 39, 14, 14, 14, 37]
[12, 35, 12, 47, 12, 23, 24]
[34, 46, 43, 25, 27, 52, 13]
[36, 43, 44, 20, 33, 35, 19]
[22, 38, 43, 25, 51, 7, 5]
[47, 46, 33, 30, 18, 48, 11]
[7, 12, 14, 4, 36, 28, 18]
[30, 32, 13, 15, 24, 45, 23]
[5, 46, 52, 26, 35, 49, 49]
[21, 34, 29, 49, 38, 7, 46]
[25, 15, 13, 31, 47, 42, 44]
[23, 6, 49, 13, 40, 7, 34]
[42, 4, 22, 37, 43, 15, 16]
[16, 14, 32, 15, 41, 17, 41]
[7, 24, 41, 15, 39, 39, 8]
[14, 27, 45, 44, 7, 34, 6]
[39, 13, 18, 45, 36, 18, 26]
[26, 49, 4, 24, 36, 27, 30]
[22, 10, 15, 31, 5, 6, 32]
[24, 31, 12, 7, 32, 32, 23]
[44, 43, 6, 20, 9, 51, 34]
[52, 7, 31, 8, 21, 47, 13]
[44, 26, 19, 8, 34, 46, 41]
[4, 42, 24, 9, 16, 47, 39]
[4, 43, 45, 10, 47, 13, 16]
[39, 45, 17, 22, 19, 16, 20]
[15, 9, 7, 5, 6, 25, 19]
[40, 36, 33, 50, 44, 41, 22]
[34, 45, 20, 12, 50, 50, 48]
[32, 22, 13, 6, 14, 10, 52]
[15, 40, 40, 11, 36, 15, 33]
[26, 50, 10, 48, 7, 18, 41]
[12, 19, 18, 31, 31, 35, 34]
[29, 42, 14, 50, 43, 36, 49]
[5, 33, 46, 18, 9, 26, 49]
[15, 33, 16, 34, 45, 39, 8]
[27, 52, 32, 17, 18, 20, 15]
[39, 30, 52, 43, 7, 33, 28]
[5, 50, 8, 22, 25, 22, 17]
[4, 51, 30, 9, 8, 26, 10]
[31, 36, 29, 18, 45, 16, 21]
[20, 28, 20, 44, 21, 4, 38]
[40, 33, 44, 38, 26, 26, 47]
[8, 45, 49, 16, 24, 45, 27]
[38, 8, 30, 19, 24, 17, 6]
[43, 43, 17, 48, 48, 46, 33]
[13, 8, 20, 8, 4, 26, 27]
[22, 32, 32, 44, 8, 21, 40]
[45, 22, 37, 14, 24, 52, 24]
[30, 10, 46, 13, 14, 7, 46]
[26, 51, 50, 36, 11, 4, 7]
[12, 10, 4, 45, 4, 18, 7]
[51, 41, 38, 52, 24, 35, 28]
[50, 19, 24, 28, 15, 5, 9]
[15, 11, 41, 30, 17, 31, 10]
[33, 20, 41, 51, 32, 4, 21]
[24, 34, 16, 34, 13, 47, 51]
[19, 22, 21, 46, 5, 38, 28]
[38, 25, 30, 11, 31, 36, 45]
[13, 13, 33, 31, 35, 36, 43]
[18, 17, 39, 24, 19, 11, 23]
[49, 48, 16, 39, 20, 29, 43]
[28, 13, 11, 24, 34, 9, 6]
[45, 44, 32, 23, 7, 5, 36]
[47, 30, 23, 11, 47, 29, 52]
[11, 38, 30, 19, 26, 40, 35]
[49, 38, 25, 49, 47, 5, 24]
[38, 15, 12, 6, 36, 45, 9]
[4, 39, 4, 16, 18, 4, 42]
[15, 11, 46, 4, 4, 23, 40]
[47, 24, 45, 9, 26, 32, 39]
[23, 49, 19, 46, 21, 50, 11]
[26, 17, 48, 28, 25, 51, 14]
[36, 46, 10, 36, 33, 23, 8]
[51, 33, 51, 10, 26, 13, 4]
[40, 37, 25, 19, 33, 33, 52]
[46, 49, 34, 29, 40, 37, 52]
[10, 24, 26, 32, 29, 47, 31]
[6, 31, 31, 4, 52, 12, 44]
[37, 15, 13, 26, 46, 48, 50]
[41, 38, 38, 14, 40, 39, 26]
[41, 20, 29, 21, 45, 52, 30]
[17, 23, 39, 43, 6, 43, 10]
[22, 27, 45, 23, 29, 8, 32]
[19, 23, 33, 23, 13, 29, 40]
[17, 45, 28, 11, 43, 43, 45]
[19, 26, 38, 29, 40, 18, 35]
[18, 13, 52, 30, 24, 30, 8]
[26, 12, 39, 7, 30, 31, 22]
[23, 49, 13, 31, 36, 27, 27]
[16, 13, 14, 47, 44, 48, 32]
[46, 30, 9, 40, 46, 47, 40]
[15, 50, 9, 18, 8, 17, 11]
[31, 19, 5, 43, 44, 46, 20]
[31, 21, 51, 19, 6, 22, 14]
[28, 42, 15, 7, 32, 50, 21]
[11, 35, 20, 30, 25, 52, 12]
[26, 23, 19, 35, 45, 28, 51]
[28, 24, 14, 43, 49, 43, 25]
[8, 46, 6, 24, 16, 8, 40]
[32, 35, 36, 42, 28, 12, 23]
[38, 17, 48, 15, 25, 45, 49]
[48, 33, 23, 15, 8, 37, 47]
[31, 16, 38, 13, 21, 31, 18]
[36, 20, 45, 5, 17, 26, 16]
[12, 25, 19, 40, 46, 27, 7]
[20, 5, 13, 29, 50, 9, 15]
[52, 24, 4, 27, 10, 24, 14]
[50, 40, 45, 11, 10, 10, 13]
[21, 12, 50, 5, 39, 32, 40]
[46, 37, 11, 50, 4, 40, 19]
[26, 31, 52, 6, 47, 33, 51]
[18, 5, 51, 8, 38, 24, 34]
[43, 49, 29, 43, 33, 16, 12]
[45, 52, 6, 27, 31, 48, 12]
[4, 37, 15, 8, 49, 40, 20]
[30, 32, 16, 49, 22, 10, 5]
[48, 45, 36, 41, 8, 5, 31]
[47, 11, 43, 51, 13, 28, 5]
[16, 13, 18, 45, 22, 48, 36]
[50, 47, 33, 42, 9, 10, 18]
[10, 14, 52, 48, 20, 10, 13]
[32, 8, 4, 51, 10, 20, 11]
[36, 22, 49, 38, 41, 24, 21]
[43, 7, 25, 33, 14, 42, 51]
[42, 49, 9, 28, 49, 51, 23]
[41, 24, 24, 25, 4, 16, 42]
[46, 45, 27, 21, 37, 8, 46]
[17, 35, 34, 22, 8, 28, 40]
[39, 7, 27, 13, 51, 12, 10]
[34, 44, 29, 8, 26, 35, 46]
[36, 19, 26, 25, 4, 37, 47]
[46, 9, 29, 31, 45, 15, 51]
[29, 48, 21, 50, 42, 50, 23]
[27, 26, 8, 8, 23, 21, 46]
[14, 44, 27, 25, 49, 9, 49]
[31, 4, 41, 30, 19, 30, 32]
[16, 6, 42, 38, 16, 19, 16]
[15, 26, 16, 45, 12, 28, 45]
[11, 29, 24, 6, 12, 27, 44]
[39, 35, 27, 51, 50, 4, 24]
[21, 5, 5, 11, 32, 22, 14]
[42, 39, 43, 42, 24, 39, 12]
[32, 29, 11, 23, 26, 9, 5]
[19, 27, 39, 35, 13, 43, 47]
[48, 37, 36, 26, 12, 16, 20]
[5, 29, 26, 31, 22, 33, 6]
[28, 19, 42, 21, 7, 9, 48]
[33, 39, 8, 39, 13, 10, 50]
[17, 19, 18, 12, 46, 30, 24]
[46, 16, 47, 49, 34, 12, 38]
[9, 12, 32, 52, 7, 37, 13]
[24, 20, 28, 15, 23, 16, 4]
[47, 7, 34, 19, 35, 31, 17]
[49, 8, 14, 22, 32, 7, 7]
[48, 46, 27, 49, 51, 13, 41]
[5, 47, 48, 32, 37, 39, 52]
[30, 33, 32, 34, 51, 43, 14]
[30, 21, 28, 11, 52, 12, 32]
[32, 36, 48, 16, 27, 33, 33]
[49, 45, 42, 42, 30, 39, 25]
[6, 21, 40, 37, 37, 36, 14]
[11, 28, 12, 36, 33, 35, 47]
[37, 31, 51, 16, 11, 22, 6]
[39, 23, 24, 20, 25, 19, 27]
[39, 23, 21, 10, 35, 50, 42]
[40, 34, 41, 34, 41, 49, 4]
