[18, 25, 6, 39, 13, 17, 11]
[36, 24, 29, 48, 20, 51, 39]
[42, 48, 19, 29, 28, 44, 22]
[12, 42, 13, 7, 11, 24, 49]
[30, 25, 38, 8, 34, 37, 25]
[5, 26, 36, 10, 51, 7, 18]
[13, 51, 45, 20, 41, 31, 48]
[18, 37, 15, 48, 6, 8, 29]
[30, 14, 26, 27, 20, 16, 31]
[51, 43, 18, 40, 25, 17, 40]
[50, 34, 15, 13, 47, 8, 30]
[42, 48, 42, 24, 11, 45, 33]
[19, 47, 30, 43, 18, 46, 9]
[41, 18, 47, 11, 37, 5, 30]
[16, 13, 10, 9, 9, 18, 8]
[17, 17, 27, 6, 29, 15, 24]
[49, 38, 37, 41, 17, 30, 14]
[52, 44, 19, 44, 39, 40, 26]
[13, 8, 50, 43, 40, 19, 11]
[7, 41, 35, 7, 30, 52, 23]
[15, 43, 19, 11, 29, 20, 7]
[4, 28, 8, 52, 17, 21, 17]
[34, 33, 25, 49, 12, 26, 33]
[27, 32, 51, 51, 46, 45, 32]
[4, 13, 5, 13, 13, 15, 10]
[47, 13, 20, 46, 47, 7, 42]
[11, 15, 22, 34, 4, 50, 45]
[4, 42, 50, 31, 44, 37, 40]
[41, 38, 5, 52, 46, 20, 34]
[14, 49, 21, 50, 42, 44, 33]
[16, 14, 44, 24, 17, 5, 44]
[4, 28, 43, 25, 43, 41, 9]
[43, 24, 27, 28, 18, 29, 49]
[21, 10, 45, 16, 4, 29, 31]
[51, 30, 43, 47, 6, 31, 42]
[29, 42, 29, 25, 28, 5, 44]
[31, 44, 31, 31, 49, 31, 43]
[21, 47, 34, 30, 39, 10, 15]
[36, 29, 43, 30, 47, 41, 5]
[27, 37, 29, 32, 25, 18, 12]
[27, 31, 12, 10, 13, 39, 25]
[37, 15, 34, 41, 11, 35, 5]
[11, 16, 33, 47, 24, 48, 4]
[46, 14, 33, 39, 10, 13, 43]
[21, 9, 37, 51, 49, 23, 35]
[10, 38, 26, 45, 37, 7, 52]
[18, 7, 35, 49, 38, 33, 52]
[7, 46, 52, 5, 23, 38, 8]
[12, 10, 7, 43, 26, 26, 44]
[6, 7, 12, 26, 9, 50, 33]
[41, 5, 30, 32, 36, 19, 47]
[45, 13, 36, 40, 17, 47, 31]
[28, 4, 6, 8, 10, 11, 22]
[26, 33, 47, 46, 22, 21, 17]
[9, 29, 11, 6, 47, 32, 16]
[28, 26, 10, 43, 19, 11, 41]
[12, 31, 11, 23, 38, 9, 30]
[47, 29, 45, 19, 14, 14, 10]
[7, 9, 28, 51, 25, 16, 36]
[50, 17, 4, 23, 42, 23, 18]
[19, 51, 13, 37, 26, 34, 5]
[50, 47, 20, 40, 11, 38, 47]
[35, 37, 37, 38, 11, 51, 45]
[15, 34, 52, 43, 51, 50, 4]
[33, 17, 12, 29, 7, 45, 5]
[22, 11, 13, 29, 27, 29, 12]
[39, 41, 27, 12, 14, 7, 16]
[12, 19, 46, 21, 28, 44, 50]
[22, 43, 28, 19, 20, 33, 11]
[26, 23, 49, 17, 37, 11, 49]
[41, 4, 35, 15, 21, 15, 43]
[42, 46, 8, 11, 17, 7, 4]
[30, 37, 9, 8, 16, 8, 7]
[50, 14, 36, 30, 42, 50, 15]
[4, 34, 38, 10, 17, 22, 23]
[42, 20, 18, 20, 48, 34, 21]
[35, 6, 35, 29, 15, 11, 35]
[9, 43, 13, 10, 34, 39, 40]
[24, 5, 40, 9, 13, 29, 29]
[44, 27, 32, 22, 39, 15, 37]
[49, 9, 40, 39, 51, 26, 31]
[42, 41, 33, 5, 35, 32, 34]
[23, 42, 45, 36, 46, 52, 27]
[33, 43, 13, 41, 42, 20, 34]
[48, 52, 51, 50, 23, 8, 40]
[6, 40, 24, 26, 45, 13, 41]
[29, 11, 51, 34, 48, 9, 38]
[30, 37, 12, 47, 9, 27, 44]
[27, 17, 36, 41, 14, 42, 17]
[4, 42, 15, 45, 24, 15, 15]
[27, 30, 9, 20, 13, 38, 23]
[23, 34, 6, 4, 27, 14, 25]
[37, 11, 17, 36, 48, 4, 6]
[36, 44, 26, 32, 52, 10, 18]
[43, 40, 50, 37, 13, 37, 15]
[26, 51, 38, 49, 37, 22, 9]
[52, 33, 16, 11, 6, 42, 49]
[43, 23, 19, 23, 21, 43, 42]
[51, 46, 11, 29, 47, 28, 28]
[42, 40, 15, 50, 6, 37, 45]
[16, 22, 13, 5, 23, 51, 41]
[5, 45, 14, 6, 11, 35, 16]
[9, 21, 16, 48, 7, 40, 23]
[39, 35, 38, 43, 39, 42, 50]
[38, 28, 40, 40, 46, 44, 12]
[29, 31, 15, 22, 21, 40, 19]
[41, 44, 42, 25, 12, 41, 43]
[13, 29, 46, 5, 37, 19, 8]
[41, 35, 21, 52, 22, 20, 15]
[52, 18, 14, 15, 38, 27, 27]
[9, 15, 11, 4, 46, 18, 47]
[36, 12, 4, 29, 5, 51, 50]
[20, 6, 20, 28, 50, 41, 26]
[13, 9, 34, 13, 17, 26, 4]
[7, 9, 10, 14, 11, 24, 51]
[33, 13, 45, 13, 41, 44, 25]
[42, 39, 11, 30, 6, 6, 35]
[17, 41, 39, 12, 6, 30, 29]
[13, 51, 33, 15, 32, 15, 33]
[21, 40, 48, 29, 28, 24, 52]
[22, 22, 44, 7, 19, 13, 15]
[37, 44, 28, 22, 45, 10, 24]
[47, 11, 34, 48, 21, 9, 52]
[24, 5, 5, 30, 14, 44, 16]
[33, 19, 9, 23, 10, 27, 21]
[25, 4, 50, 11, 40, 39, 51]
[24, 28, 46, 37, 50, 9, 52]
[30, 16, 5, 31, 44, 7, 35]
[19, 36, 33, 29, 47, 43, 10]
[44, 25, 41, 19, 30, 6, 7]
[10, 39, 49, 18, 7, 18, 48]
[28, 37, 21, 42, 28, 8, 49]
[27, 31, 22, 18, 37, 16, 17]
[16, 13, 5, 12, 25, 45, 48]
[46, 11, 16, 31, 46, 22, 44]
[17, 4, 9, 37, 51, 33, 26]
[24, 20, 15, 40, 19, 4, 12]
[33, 5, 52, 20, 36, 35, 37]
[7, 39, 22, 38, 9, 40, 52]
[23, 48, 27, 49, 29, 23, 22]
[15, 40, 16, 31, 26, 6, 13]
[20, 45, 52, 24, 14, 9, 28]
[10, 17, 52, 49, 19, 20, 19]
[34, 41, 48, 12, 5, 14, 10]
[9, 19, 46, 13, 26, 44, 28]
[26, 11, 18, 44, 50, 8, 38]
[10, 26, 38, 52, 35, 18, 9]
[17, 15, 49, 36, 40, 48, 24]
[28, 15, 20, 6, 16, 32, 35]
[26, 21, 14, 29, 36, 33, 10]
[45, 40, 44, 39, 51, 18, 10]
[42, 29, 41, 51, 26, 28, 28]
[39, 23, 13, 23, 9, 15, 7]
[44, 38, 33, 51, 23, 21, 40]
[51, 45, 28, 10, 49, 8, 27]
[47, 22, 17, 38, 10, 5, 44]
[52, 18, 31, 12, 40, 15, 16]
[6, 28, 11, 48, 29, 37, 16]
[20, 6, 40, 50, 17, 13, 24]
[25, 16, 48, 50, 50, 45, 41]
[40, 25, 36, 27, 17, 17, 4]
[22, 47, 28, 48, 15, 39, 52]
[47, 44, 46, 18, 40, 18, 29]
[28, 50, 25, 26, 43, 40, 6]
[38, 50, 47, 51, 39, 13, 38]
[50, 4, 14, 8, 51, 48, 8]
[24, 23, 22, 5, 32, 5, 7]
[14, 30, 20, 34, 37, 42, 48]
[23, 31, 47, 21, 31, 37, 10]
[15, 25, 18, 38, 46, 6, 15]
[50, 50, 20, 22, 47, 26, 21]
[7, 33, 49, 52, 12, 27, 14]
[49, 7, 12, 6, 9, 23, 36]
[42, 21, 52, 21, 5, 10, 26]
[5, 27, 29, 15, 4, 39, 14]
[31, 33, 39, 45, 18, 33, 9]
[8, 35, 27, 46, 26, 32, 37]
[46, 14, 10, 35, 19, 20, 9]
[6, 10, 42, 52, 43, 30, 15]
[47, 42, 32, 42, 25, 24, 38]
[7, 49, 7, 35, 44, 4, 48]
[13, 20, 14, 31, 41, 10, 49]
[32, 34, 21, 7, 5, 15, 48]
[9, 14, 20, 24, 24, 36, 23]
[44, 40, 25, 49, 35, 13, 13]
[28, 28, 5, 33, 5, 15, 5]
[28, 48, 14, 25, 5, 47, 47]
[45, 47, 18, 20, 10, 44, 6]
[35, 36, 24, 5, 14, 34, 37]
[48, 18, 14, 47, 26, 4, 43]
[50, 15, 16, 25, 28, 51, 42]
[48, 31, 37, 16, 16, 6, 41]
[16, 27, 10, 13, 5, 27, 37]
[5, 21, 31, 47, 47, 17, 43]
[34, 18, 6, 5, 20, 10, 6]
[52, 32, 9, 33, 38, 41, 47]
[25, 28, 42, 26, 7, 31, 23]
[31, 35, 26, 12, 24, 19, 40]
[30, 14, 43, 18, 52, 38, 20]
[43, 27, 32, 21, 31, 30, 24]
[25, 48, 32, 32, 32, 35, 34]
[34, 11, 48, 14, 7, 28, 33]
[26, 7, 23, 17, 30, 11, 23]
[33, 7, 34, 10, 24, 9, 8]
[28, 27, 25, 34, 14, 40, 15]
[10, 22, 24, 24, 49, 11, 38]
[33, 28, 12, 28, 48, 27, 6]
[46, 30, 52, 15, 35, 51, 22]
[41, 52, 47, 7, 45, 39, 46]
[40, 50, 6, 46, 18, 37, 17]
[19, 21, 21, 7, 24, 52, 16]
[6, 29, 50, 23, 6, 6, 45]
[12, 22, 46, 38, 34, 52, 37]
[32, 39, 16, 40, 27, 11, 10]
[9, 30, 47, 10, 36, 52, 30]
[6, 38, 11, 9, 7, 50, 17]
[6, 40, 18, 49, 15, 28, 5]
[49, 49, 15, 5, 8, 37, 32]
[44, 6, 13, 41, 21, 49, 52]
[32, 50, 43, 8, 43, 52, 17]
[29, 19, 49, 10, 43, 16, 7]
[46, 23, 8, 42, 25, 10, 21]
[4, 10, 27, 45, 30, 21, 9]
[19, 12, 22, 5, 34, 47, 26]
[33, 13, 45, 51, 22, 17, 11]
[27, 49, 8, 51, 48, 47, 27]
[50, 25, 5, 12, 51, 41, 32]
[33, 18, 34, 41, 12, 49, 4]
[19, 37, 17, 45, 4, 48, 45]
[47, 17, 4, 16, 22, 27, 27]
[4, 21, 20, 38, 9, 10, 26]
[45, 5, 49, 21, 6, 17, 26]
[29, 10, 9, 24, 20, 34, 7]
[27, 47, 18, 10, 14, 49, 37]
[26, 45, 17, 32, 15, 51, 23]
[10, 15, 30, 14, 45, 24, 21]
[14, 35, 45, 16, 22, 13, 7]
[19, 19, 44, 4, 8, 52, 24]
[43, 23, 7, 16, 32, 42, 26]
[46, 17, 41, 36, 45, 38, 42]
[34, 48, 50, 10, 23, 10, 40]
[4, 26, 23, 9, 45, 5, 12]
[48, 16, 14, 34, 5, 45, 51]
[52, 7, 23, 52, 33, 20, 6]
[52, 52, 25, 13, 17, 17, 29]
[7, 12, 7, 51, 40, 39, 27]
[4, 46, 34, 39, 31, 44, 26]
[32, 12, 33, 51, 14, 16, 17]
[10, 45, 34, 27, 29, 28, 47]
[21, 5, 44, 33, 27, 9, 34]
[10, 25, 31, 8, 7, 28, 21]
[35, 19, 17, 22, 34, 4, 10]
[18, 49, 4, 20, 16, 12, 25]
[25, 37, 41, 4, 32, 38, 19]
[49, 22, 7, 17, 4, 50, 43]
[16, 51, 45, 33, 42, 35, 42]
[34, 22, 37, 10, 16, 19, 47]
[27, 22, 41, 14, 8, 41, 19]
[20, 31, 28, 41, 16, 45, 28]
[23, 47, 30, 22, 8, 6, 52]
[50, 23, 20, 31, 31, 12, 4]
[33, 6, 46, 18, 13, 16, 11]
[7, 21, 29, 48, 23, 41, 19]
[49, 10, 40, 21, 35, 34, 42]
[25, 11, 32, 25, 50, 28, 5]
[49, 37, 24, 19, 17, 30, 38]
[40, 14, 37, 33, 13, 9, 41]
[15, 41, 6, 49, 31, 47, 12]
[22, 5, 13, 41, 25, 18, 11]
[21, 18, 5, 44, 34, 40, 51]
[23, 29, 9, 40, 5, 38, 38]
[36, 46, 18, 40, 42, 20, 40]
[20, 26, 28, 27, 38, 14, 45]
[13, 40, 23, 44, 21, 24, 41]
[38, 6, 12, 38, 52, 24, 33]
[20, 33, 50, 9, 32, 25, 49]
[30, 6, 40, 10, 38, 27, 20]
[49, 33, 25, 23, 31, 26, 50]
[20, 26, 9, 32, 46, 28, 41]
[5, 45, 52, 7, 41, 36, 52]
[40, 17, 33, 8, 38, 49, 13]
[33, 13, 45, 19, 34, 5, 49]
[10, 23, 50, 18, 30, 50, 48]
[52, 18, 41, 23, 5, 25, 16]
[31, 28, 45, 34, 52, 36, 46]
[5, 11, 45, 51, 25, 33, 46]
[6, 26, 20, 50, 45, 38, 4]
[40, 44, 31, 36, 48, 52, 20]
[50, 5, 11, 26, 33, 52, 22]
[25, 43, 17, 44, 43, 15, 14]
[8, 25, 51, 37, 35, 4, 47]
[31, 16, 28, 13, 15, 26, 27]
[15, 34, 41, 33, 24, 18, 46]
[26, 20, 4, 28, 47, 36, 30]
[48, 27, 34, 34, 50, 12, 46]
[44, 9, 7, 49, 49, 6, 44]
[39, 44, 9, 5, 47, 18, 49]
[28, 5, 38, 44, 29, 22, 15]
[48, 15, 6, 12, 50, 25, 44]
[22, 52, 37, 17, 52, 44, 26]
[42, 9, 25, 50, 39, 41, 38]
[34, 6, 27, 25, 10, 37, 20]
[8, 20, 29, 7, 38, 13, 5]
[25, 52, 31, 47, 40, 15, 50]
[38, 8, 17, 23, 13, 33, 38]
[26, 27, 34, 49, 17, 16, 36]
[52, 22, 44, 38, 49, 12, 43]
[46, 45, 23, 43, 39, 43, 10]
[43, 18, 51, 32, 48, 17, 31]
[15, 24, 5, 21, 7, 21, 30]
[51, 18, 23, 30, 37, 52, 29]
[18, 46, 29, 38, 45, 46, 14]
[49, 15, 40, 11, 40, 50, 46]
[21, 19, 29, 43, 33, 48, 14]
[21, 20, 28, 47, 36, 26, 39]
[5, 8, 44, 26, 48, 9, 45]
[39, 18, 52, 23, 50, 19, 41]
[44, 25, 12, 34, 50, 22, 26]
[9, 11, 13, 48, 46, 7, 20]
[14, 9, 41, 24, 31, 6, 50]
[28, 52, 25, 44, 42, 26, 6]
[17, 5, 38, 46, 15, 52, 17]
[14, 18, 30, 5, 16, 5, 22]
[45, 42, 38, 25, 49, 29, 8]
[22, 42, 18, 27, 30, 13, 28]
[19, 36, 51, 25, 43, 38, 11]
[35, 48, 51, 15, 27, 49, 50]
[9, 14, 47, 30, 37, 25, 18]
[50, 26, 15, 35, 27, 17, 9]
[19, 23, 21, 14, 15, 25, 32]
[45, 5, 8, 35, 23, 48, 9]
[13, 10, 27, 8, 34, 47, 41]
[44, 8, 25, 21, 14, 28, 21]
[20, 45, 16, 23, 9, 38, 30]
[40, 45, 43, 44, 44, 23, 24]
[14, 36, 17, 42, 49, 19, 28]
[32, 19, 29, 37, 39, 38, 8]
[4, 31, 24, 35, 38, 36, 29]
[26, 26, 4, 25, 31, 31, 30]
[25, 46, 11, 13, 46, 35, 33]
[30, 41, 34, 48, 30, 12, 30]
[47, 25, 13, 17, 23, 42, 18]
[14, 18, 48, 40, 21, 34, 12]
[38, 20, 30, 24, 8, 44, 23]
[8, 9, 47, 11, 16, 52, 39]
[22, 26, 11, 40, 42, 38, 22]
[29, 50, 15, 27, 48, 49, 46]
[52, 49, 9, 50, 40, 47, 43]
[12, 8, 27, 29, 13, 10, 9]
[15, 48, 25, 39, 5, 50, 29]
[37, 46, 16, 39, 41, 4, 34]
[45, 44, 35, 35, 6, 5, 4]
[47, 41, 40, 20, 35, 39, 11]
[25, 42, 37, 46, 19, 10, 46]
[5, 19, 17, 38, 40, 51, 29]
[15, 17, 23, 16, 11, 4, 25]
[31, 20, 30, 50, 19, 6, 14]
[12, 29, 48, 46, 24, 41, 47]
[20, 11, 17, 38, 7, 36, 8]
[37, 48, 25, 39, 11, 32, 30]
[35, 15, 5, 27, 23, 14, 41]
[8, 23, 14, 40, 52, 5, 7]
[52, 17, 24, 22, 22, 40, 40]
[19, 13, 19, 29, 22, 12, 31]
[4, 30, 8, 50, 21, 31, 21]
[15, 37, 20, 14, 38, 46, 31]
[19, 4, 18, 27, 31, 25, 40]
[4, 42, 46, 37, 20, 9, 14]
[28, 12, 31, 17, 25, 16, 30]
[49, 45, 22, 8, 36, 41, 23]
[12, 46, 15, 52, 47, 34, 35]
[39, 47, 44, 34, 50, 44, 21]
[32, 43, 45, 27, 30, 23, 47]
[16, 20, 48, 11, 22, 30, 28]
[15, 5, 21, 36, 26, 7, 50]
[13, 32, 31, 47, 28, 14, 36]
[52, 39, 14, 20, 42, 27, 39]
[25, 43, 17, 49, 7, 22, 43]
[19, 50, 25, 26, 49, 21, 14]
[43, 22, 24, 19, 28, 19, 52]
[22, 12, 30, 51, 8, 27, 34]
[17, 52, 8, 28, 11, 21, 39]
[24, 50, 39, 10, 13, 18, 40]
[41, 43, 34, 18, 27, 15, 26]
[24, 12, 17, 32, 22, 9, 6]
[30, 25, 10, 50, 38, 44, 39]
[8, 48, 40, 24, 49, 11, 26]
[25, 52, 30, 39, 23, 26, 48]
[39, 48, 46, 18, 21, 18, 28]
[11, 16, 21, 22, 25, 19, 35]
[41, 38, 4, 18, 42, 27, 23]
[21, 5, 10, 46, 39, 23, 50]
[47, 40, 51, 19, 15, 25, 14]
[40, 7, 36, 49, 43, 37, 23]
[49, 47, 45, 16, 49, 18, 41]
[6, 45, 4, 7, 14, 38, 44]
[28, 23, 19, 24, 41, 40, 8]
[20, 30, 32, 43, 46, 24, 31]
[24, 34, 51, 20, 15, 29, 45]
[10, 46, 37, 18, 33, 16, 16]
[33, 21, 17, 27, 30, 23, 44]
[14, 17, 37, 5, 52, 28, 46]
[18, 31, 41, 33, 39, 34, 13]
[27, 23, 28, 34, 12, 30, 51]
[22, 5, 48, 18, 31, 8, 32]
[49, 41, 41, 32, 34, 32, 52]
[44, 27, 18, 19, 49, 51, 50]
[11, 31, 41, 32, 29, 44, 17]
[33, 37, 7, 44, 36, 39, 48]
[22, 50, 40, 29, 50, 22, 6]
[28, 27, 48, 28, 27, 19, 39]
[33, 25, 6, 15, 35, 12, 13]
[6, 51, 16, 6, 34, 39, 52]
[24, 16, 47, 41, 40, 48, 12]
[27, 43, 17, 17, 20, 37, 19]
[9, 8, 47, 11, 35, 42, 8]
[49, 11, 46, 35, 11, 44, 11]
[32, 12, 35, 43, 49, 41, 27]
[36, 11, 15, 17, 33, 37, 14]
[8, 33, 47, 28, 26, 24, 34]
[40, 41, 26, 30, 25, 34, 46]
[46, 49, 36, 24, 8, 26, 19]
[47, 42, 30, 46, 51, 31, 35]
[28, 22, 24, 34, 24, 50, 29]
[45, 7, 52, 47, 41, 8, 36]
[28, 13, 13, 22, 39, 42, 12]
[36, 15, 4, 43, 14, 40, 38]
[16, 50, 37, 22, 31, 27, 43]
[12, 8, 7, 7, 47, 51, 9]
[46, 42, 40, 44, 38, 47, 46]
[37, 41, 22, 48, 46, 13, 12]
[9, 36, 39, 40, 27, 19, 48]
[38, 23, 9, 48, 8, 26, 28]
[12, 27, 6, 38, 23, 32, 21]
[50, 50, 41, 39, 14, 6, 19]
[48, 48, 26, 28, 22, 28, 31]
[8, 49, 39, 6, 45, 10, 23]
[10, 37, 8, 4, 38, 23, 43]
[30, 33, 34, 19, 6, 36, 42]
[25, 40, 7, 9, 18, 32, 11]
[9, 35, 36, 28, 20, 40, 27]
[42, 14, 20, 45, 39, 7, 18]
[42, 21, 24, 45, 11, 35, 37]
[40, 16, 44, 35, 33, 28, 18]
[6, 45, 17, 41, 32, 4, 23]
[41, 30, 30, 26, 20, 34, 5]
[27, 26, 21, 12, 28, 32, 51]
[15, 22, 49, 9, 12, 9, 36]
[52, 6, 40, 17, 30, 35, 42]
[26, 45, 31, 22, 22, 22, 48]
[46, 4, 22, 36, 19, 8, 41]
[34, 22, 49, 48, 18, 46, 6]
[11, 48, 32, 40, 39, 43, 19]
[46, 30, 10, 16, 41, 4, 16]
[24, 15, 22, 24, 48, 42, 27]
[4, 13, 5, 11, 29, 43, 25]
[23, 37, 47, 47, 7, 46, 36]
[39, 10, 11, 4, 48, 40, 45]
[16, 45, 15, 39, 52, 18, 29]
[7, 16, 36, 10, 23, 36, 34]
[21, 12, 29, 36, 14, 9, 27]
[50, 33, 39, 31, 29, 7, 35]
[25, 47, 33, 43, 5, 32, 52]
[48, 6, 35, 49, 27, 14, 13]
[49, 46, 28, 24, 6, 6, 17]
[16, 27, 39, 36, 4, 16, 26]
[43, 43, 10, 33, 14, 49, 43]
[25, 6, 27, 6, 47, 41, 44]
[48, 38, 20, 44, 17, 18, 35]
[14, 34, 14, 12, 51, 40, 34]
[20, 12, 29, 8, 22, 43, 4]
[13, 38, 6, 18, 28, 50, 35]
[32, 9, 39, 23, 10, 23, 14]
[23, 6, 49, 7, 29, 50, 33]
[47, 25, 41, 45, 41, 51, 16]
[24, 4, 23, 33, 13, 15, 34]
[6, 52, 7, 22, 41, 27, 42]
[28, 7, 10, 33, 50, 33, 6]
[16, 35, 39, 17, 37, 4, 12]
[14, 47, 23, 14, 36, 35, 19]
[23, 5, 23, 39, 34, 47, 28]
[18, 8, 12, 37, 17, 15, 48]
[37, 13, 25, 7, 43, 34, 31]
[41, 21, 24, 52, 10, 51, 9]
[39, 23, 30, 19, 27, 6, 46]
[13, 42, 14, 39, 18, 22, 42]
[30, 51, 29, 25, 10, 51, 36]
[37, 24, 18, 14, 45, 14, 44]
[52, 38, 32, 11, 52, 30, 39]
[19, 8, 10, 39, 51, 29, 20]
[51, 51, 44, 49, 32, 32, 41]
[33, 24, 50, 32, 18, 24, 32]
[48, 9, 32, 6, 40, 48, 35]
[5, 41, 45, 24, 24, 43, 20]
[49, 22, 47, 51, 29, 9, 34]
[48, 9, 29, 17, 45, 38, 38]
[15, 42, 11, 20, 17, 33, 14]
[18, 12, 12, 49, 51, 48, 11]
[20, 49, 12, 36, 48, 13, 40]
[29, 24, 27, 51, 35, 31, 29]
[36, 17, 27, 19, 16, 34, 18]
[44, 30, 29, 13, 21, 48, 39]
[37, 48, 20, 40, 14, 42, 15]
[27, 26, 9, 16, 41, 7, 10]
[35, 33, 15, 52, 32, 22, 30]
[41, 13, 42, 47, 4, 47, 17]
[51, 40, 34, 24, 46, 17, 52]
[14, 30, 6, 22, 34, 7, 5]
[41, 48, 41, 52, 28, 40, 28]
[18, 38, 23, 23, 44, 21, 16]
[41, 20, 14, 5, 19, 24, 30]
[6, 33, 22, 11, 40, 46, 33]
[15, 41, 30, 15, 42, 26, 39]
[17, 23, 29, 49, 22, 13, 42]
[44, 24, 50, 26, 9, 19, 50]
[10, 18, 21, 32, 46, 33, 13]
[15, 50, 50, 34, 27, 8, 18]
[7, 19, 16, 8, 19, 41, 6]
[11, 6, 44, 9, 52, 16, 33]
[12, 31, 38, 12, 41, 6, 29]
[30, 22, 27, 45, 9, 40, 37]
[45, 21, 19, 45, 42, 31, 28]
[9, 42, 44, 48, 43, 36, 7]
[40, 47, 43, 14, 31, 4, 37]
[35, 19, 7, 16, 12, 22, 42]
[18, 42, 12, 35, 44, 30, 17]
[17, 31, 40, 7, 18, 35, 11]
[50, 19, 21, 46, 35, 17, 15]
[36, 36, 14, 21, 13, 44, 32]
[12, 16, 15, 37, 38, 44, 22]
[34, 8, 28, 27, 32, 40, 25]
[50, 20, 31, 52, 44, 50, 29]
[12, 50, 5, 44, 44, 42, 50]
[11, 28, 20, 21, 6, 15, 51]
[29, 7, 22, 51, 50, 32, 12]
[11, 30, 19, 41, 6, 46, 24]
[8, 49, 16, 37, 16, 46, 44]
[8, 34, 26, 27, 40, 45, 40]
[45, 31, 30, 51, 13, 51, 29]
[8, 20, 49, 49, 4, 30, 14]
[13, 10, 5, 46, 10, 4, 22]
[9, 4, 17, 44, 51, 32, 29]
[51, 29, 50, 28, 17, 36, 6]
[41, 30, 13, 6, 35, 35, 14]
[34, 11, 48, 18, 20, 51, 33]
[34, 36, 5, 35, 45, 10, 37]
[10, 30, 23, 50, 47, 37, 32]
[31, 44, 7, 26, 48, 43, 34]
[36, 13, 46, 31, 24, 4, 25]
[9, 34, 11, 50, 12, 39, 32]
[25, 46, 42, 5, 36, 19, 41]
[39, 27, 15, 38, 27, 44, 39]
[22, 25, 47, 43, 26, 6, 22]
[40, 31, 23, 45, 43, 47, 9]
[52, 44, 51, 12, 9, 15, 21]
[34, 39, 19, 24, 49, 52, 47]
[31, 17, 35, 27, 32, 19, 30]
[45, 32, 8, 29, 10, 46, 19]
[21, 36, 52, 47, 26, 14, 36]
[21, 44, 46, 9, 12, 37, 34]
[43, 14, 42, 36, 47, 36, 25]
[34, 12, 20, 37, 12, 11, 38]
[45, 41, 15, 17, 17, 13, 23]
[7, 39, 43, 14, 48, 15, 35]
[11, 25, 38, 28, 18, 6, 13]
[5, 29, 10, 29, 8, 4, 20]
[17, 29, 45, 40, 40, 49, 29]
[13, 12, 33, 42, 24, 17, 4]
[37, 8, 18, 45, 20, 5, 46]
[39, 36, 44, 9, 20, 49, 8]
[17, 31, 42, 46, 18, 29, 40]
[31, 37, 52, 38, 18, 21, 43]
[6, 43, 37, 32, 41, 7, 42]
[47, 5, 19, 16, 35, 31, 33]
[14, 24, 26, 6, 44, 32, 19]
[17, 45, 6, 42, 11, 13, 7]
[16, 48, 42, 26, 34, 23, 29]
[47, 38, 49, 29, 23, 43, 10]
[36, 39, 46, 28, 16, 45, 25]
[48, 10, 41, 25, 33, 32, 16]
[43, 44, 52, 17, 45, 49, 10]
[39, 28, 12, 5, 19, 51, 19]
[12, 26, 46, 8, 40, 15, 32]
[45, 51, 36, 52, 23, 42, 8]
[26, 14, 34, 9, 6, 7, 7]
[15, 43, 28, 15, 39, 46, 16]
[19, 24, 50, 43, 41, 29, 43]
[6, 50, 9, 5, 41, 12, 36]
[10, 35, 23, 29, 8, 35, 17]
[18, 14, 34, 36, 51, 50, 7]
[11, 33, 42, 34, 47, 31, 31]
[36, 27, 29, 37, 33, 21, 26]
[35, 32, 6, 11, 23, 16, 17]
[8, 50, 36, 31, 19, 22, 13]
[18, 30, 4, 37, 22, 31, 4]
[47, 31, 31, 32, 51, 50, 20]
[15, 23, 46, 36, 13, 34, 37]
[4, 39, 51, 28, 46, 38, 26]
[14, 45, 37, 9, 19, 37, 23]
[22, 51, 37, 18, 28, 23, 4]
[29, 29, 31, 52, 31, 13, 31]
[35, 46, 37, 11, 51, 10, 21]
[35, 18, 34, 10, 19, 35, 17]
[43, 33, 44, 21, 45, 8, 37]
[20, 36, 46, 50, 20, 49, 33]
[29, 22, 7, 7, 7, 45, 36]
[11, 15, 23, 27, 11, 15, 35]
[7, 9, 29, 33, 49, 17, 48]
[32, 27, 14, 8, 36, 20, 39]
[44, 43, 14, 6, 43, 32, 39]
[36, 22, 27, 19, 9, 35, 51]
[40, 5, 26, 50, 9, 20, 31]
[10, 46, 25, 20, 37, 29, 20]
[18, 9, 16, 6, 26, 9, 16]
[28, 39, 22, 9, 43, 15, 6]
[44, 36, 20, 47, 42, 16, 9]
[34, 12, 19, 7, 51, 18, 6]
[32, 49, 20, 4, 39, 33, 23]
[29, 42, 8, 31, 32, 28, 28]
[13, 24, 38, 29, 46, 40, 32]
[38, 8, 10, 26, 4, 11, 21]
[8, 40, 12, 13, 11, 8, 22]
[5, 35, 8, 36, 49, 52, 14]
[39, 8, 39, 36, 12, 41, 10]
[5, 11, 16, 52, 33, 46, 36]
[48, 7, 19, 42, 30, 4, 27]
[49, 17, 48, 17, 37, 47, 32]
[31, 45, 43, 44, 12, 4, 39]
[52, 14, 4, 32, 16, 41, 41]
[11, 37, 36, 38, 11, 16, 47]
[27, 46, 28, 41, 15, 40, 32]
[42, 43, 26, 23, 19, 17, 46]
[38, 28, 38, 23, 13, 19, 31]
[17, 30, 35, 23, 13, 18, 40]
[47, 7, 43, 14, 50, 43, 45]
[37, 32, 6, 30, 46, 46, 8]
[32, 28, 4, 50, 38, 25, 10]
[29, 4, 41, 13, 34, 31, 45]
[36, 39, 7, 15, 33, 12, 18]
[34, 25, 49, 51, 18, 52, 7]
[12, 32, 34, 20, 50, 50, 43]
[36, 25, 24, 24, 35, 52, 27]
[22, 26, 31, 18, 51, 5, 22]
[25, 49, 19, 30, 4, 43, 51]
[20, 12, 35, 46, 6, 21, 30]
[34, 52, 14, 41, 24, 36, 50]
[16, 36, 18, 19, 31, 28, 7]
[21, 28, 32, 35, 40, 37, 45]
[16, 48, 10, 10, 30, 26, 35]
[26, 8, 9, 5, 37, 29, 41]
[46, 9, 43, 36, 44, 33, 47]
[22, 19, 27, 15, 37, 23, 20]
[12, 37, 30, 35, 19, 46, 34]
[6, 41, 8, 33, 12, 30, 18]
[31, 52, 23, 46, 20, 23, 7]
[17, 34, 23, 46, 10, 19, 34]
[46, 26, 24, 43, 19, 24, 46]
[31, 36, 39, 21, 44, 9, 46]
[51, 19, 16, 14, 15, 44, 45]
[51, 49, 42, 48, 21, 26, 49]
[5, 17, 42, 20, 47, 40, 7]
[41, 51, 44, 35, 22, 33, 50]
[34, 19, 40, 19, 31, 39, 45]
[29, 6, 22, 29, 16, 29, 37]
[46, 44, 42, 26, 16, 26, 9]
[20, 51, 31, 12, 4, 20, 36]
[25, 34, 16, 43, 27, 28, 7]
[21, 15, 18, 12, 15, 5, 46]
[9, 7, 21, 35, 52, 35, 31]
[42, 21, 32, 26, 32, 32, 26]
[32, 10, 7, 38, 28, 28, 27]
[44, 17, 21, 21, 10, 25, 36]
[27, 9, 39, 39, 8, 24, 42]
[18, 9, 4, 12, 8, 27, 15]
[14, 39, 49, 37, 5, 26, 22]
[17, 8, 10, 17, 13, 21, 24]
[39, 34, 12, 52, 30, 45, 49]
[18, 33, 8, 43, 20, 19, 32]
[23, 24, 22, 47, 4, 21, 30]
[31, 5, 15, 34, 34, 10, 46]
[48, 44, 15, 50, 24, 41, 28]
[21, 39, 8, 14, 43, 18, 28]
[30, 17, 27, 29, 33, 13, 48]
[31, 36, 44, 45, 39, 23, 10]
[30, 35, 46, 22, 40, 29, 49]
[17, 22, 47, 32, 22, 36, 4]
[13, 45, 42, 25, 29, 6, 20]
[6, 21, 40, 26, 33, 21, 26]
[52, 11, 35, 29, 12, 30, 24]
[48, 13, 27, 6, 4, 27, 51]
[31, 38, 24, 46, 46, 25, 37]
[38, 32, 39, 23, 31, 28, 47]
[51, 39, 48, 23, 15, 14, 20]
[32, 26, 42, 8, 35, 10, 31]
[49, 23, 42, 19, 8, 5, 24]
[43, 30, 24, 25, 29, 29, 17]
[17, 29, 12, 45, 7, 32, 25]
[47, 42, 42, 46, 36, 46, 15]
[26, 50, 38, 36, 23, 38, 11]
[37, 51, 8, 34, 30, 17, 8]
[27, 19, 31, 13, 11, 30, 39]
[17, 16, 20, 19, 41, 8, 25]
[19, 16, 5, 44, 52, 39, 37]
[13, 31, 10, 8, 36, 31, 5]
[8, 34, 35, 27, 6, 52, 33]
[35, 36, 32, 35, 21, 48, 23]
[44, 23, 8, 20, 50, 26, 38]
[52, 25, 11, 16, 10, 25, 37]
[4, 42, 37, 7, 43, 11, 35]
[10, 32, 20, 28, 25, 35, 17]
[37, 18, 41, 30, 10, 34, 32]
[16, 29, 10, 19, 45, 37, 21]
[10, 20, 29, 42, 9, 10, 11]
[36, 42, 19, 18, 18, 29, 27]
[26, 28, 41, 40, 15, 14, 25]
[14, 12, 36, 8, 25, 17, 48]
[7, 34, 49, 17, 4, 50, 51]
[52, 41, 4, 31, 32, 49, 43]
[26, 44, 51, 33, 34, 27, 6]
[21, 24, 40, 15, 11, 43, 51]
[34, 24, 27, 45, 7, 5, 28]
[35, 17, 17, 42, 43, 39, 45]
[32, 35, 7, 26, 43, 33, 13]
[16, 20, 38, 19, 10, 21, 38]
[15, 41, 33, 42, 47, 26, 5]
[47, 50, 52, 30, 43, 30, 30]
[30, 46, 41, 48, 15, 8, 16]
[43, 6, 17, 30, 42, 7, 36]
[38, 39, 26, 13, 45, 33, 18]
[14, 31, 50, 49, 22, 41, 18]
[38, 25, 26, 33, 18, 38, 47]
[40, 16, 25, 12, 43, 48, 5]
[19, 52, 25, 4, 5, 23, 10]
[51, 52, 29, 41, 41, 47, 24]
[51, 8, 47, 11, 35, 24, 45]
[16, 10, 18, 25, 24, 8, 7]
[11, 12, 39, 22, 28, 43, 37]
[18, 32, 24, 17, 8, 22, 36]
[4, 5, 35, 30, 27, 31, 17]
[23, 30, 43, 27, 49, 41, 48]
[37, 19, 52, 4, 12, 27, 15]
[44, 38, 27, 52, 5, 10, 42]
[23, 37, 47, 12, 7, 35, 52]
[39, 34, 43, 47, 35, 5, 38]
[13, 14, 12, 16, 39, 21, 48]
[39, 34, 10, 42, 14, 10, 19]
[22, 46, 17, 45, 32, 46, 4]
[44, 34, 25, 37, 4, 31, 12]
[45, 4, 19, 15, 9, 8, 13]
[33, 21, 9, 26, 17, 31, 52]
[27, 18, 19, 48, 33, 42, 12]
[29, 13, 37, 32, 26, 14, 41]
[23, 36, 32, 39, 20, 24, 43]
[5, 30, 26, 30, 43, 50, 11]
[13, 38, 11, 11, 26, 45, 21]
[14, 35, 44, 48, 17, 9, 52]
[36, 19, 46, 16, 20, 38, 4]
[46, 35, 22, 52, 24, 37, 26]
[42, 47, 43, 12, 33, 42, 6]
[45, 39, 51, 41, 40, 14, 16]
[39, 24, 47, 48, 45, 16, 8]
[35, 8, 48, 45, 6, 14, 43]
[49, 16, 19, 20, 8, 32, 19]
[32, 16, 33, 16, 28, 49, 9]
[18, 13, 36, 15, 48, 20, 31]
[42, 21, 48, 13, 36, 46, 4]
[30, 13, 39, 14, 25, 14, 44]
[35, 49, 13, 6, 25, 10, 16]
[31, 50, 34, 28, 37, 16, 38]
[19, 6, 18, 4, 45, 51, 38]
[7, 20, 6, 38, 17, 9, 5]
[37, 14, 10, 25, 23, 26, 6]
[26, 12, 48, 16, 7, 12, 6]
[16, 6, 30, 42, 44, 42, 25]
[44, 49, 11, 12, 36, 16, 5]
[34, 51, 13, 45, 4, 22, 26]
[10, 18, 32, 27, 7, 48, 12]
[30, 49, 50, 27, 5, 16, 10]
[45, 11, 37, 4, 21, 49, 22]
[6, 16, 35, 15, 16, 51, 28]
[46, 4, 38, 29, 36, 50, 49]
[49, 27, 23, 40, 42, 11, 47]
[24, 22, 49, 10, 48, 35, 31]
[4, 28, 31, 35, 10, 27, 28]
[51, 38, 6, 42, 7, 12, 30]
[45, 36, 50, 31, 44, 20, 22]
[38, 24, 49, 17, 31, 4, 18]
[36, 21, 4, 20, 44, 45, 33]
[32, 49, 49, 48, 50, 34, 52]
[11, 27, 34, 20, 39, 25, 45]
[11, 49, 37, 26, 48, 43, 34]
[14, 27, 5, 41, 21, 46, 46]
[23, 39, 48, 51, 32, 44, 40]
[29, 32, 33, 33, 29, 11, 47]
[30, 23, 13, 26, 42, 45, 27]
[16, 44, 52, 41, 35, 19, 21]
[28, 51, 38, 8, 34, 20, 44]
[26, 51, 28, 37, 18, 45, 42]
[24, 44, 42, 19, 10, 49, 20]
[25, 14, 32, 21, 20, 29, 20]
[43, 51, 16, 16, 39, 30, 51]
[15, 27, 25, 21, 26, 52, 24]
[29, 40, 24, 7, 31, 16, 14]
[39, 51, 51, 4, 22, 17, 40]
[35, 11, 48, 24, 30, 7, 46]
[22, 40, 4, 37, 52, 7, 48]
[20, 13, 40, 14, 41, 47, 24]
[37, 52, 16, 41, 34, 33, 38]
[22, 48, 43, 32, 30, 30, 9]
[46, 52, 51, 47, 29, 35, 42]
[29, 7, 7, 6, 25, 14, 15]
[20, 41, 36, 44, 44, 21, 25]
[8, 26, 24, 49, 9, 46, 45]
[13, 46, 50, 5, 44, 18, 12]
[26, 33, 28, 42, 16, 34, 13]
[51, 4, 26, 37, 36, 31, 42]
[10, 14, 13, 18, 44, 43, 41]
[49, 9, 10, 14, 52, 45, 47]
[5, 29, 42, 22, 21, 10, 50]
[5, 52, 25, 22, 46, 12, 45]
[29, 28, 35, 17, 17, 44, 20]
[17, 24, 52, 22, 16, 29, 8]
[8, 9, 38, 14, 10, 29, 27]
[21, 39, 38, 42, 15, 45, 8]
[40, 40, 37, 5, 28, 11, 4]
[8, 7, 32, 9, 36, 11, 52]
[20, 21, 35, 9, 41, 14, 18]
[45, 15, 32, 42, 49, 24, 23]
[31, 35, 34, 34, 12, 30, 41]
[41, 52, 51, 9, 7, 45, 50]
[32, 4, 33, 31, 13, 38, 12]
[40, 16, 36, 7, 38, 41, 45]
[32, 43, 5, 31, 47, 47, 19]
[45, 31, 39, 27, 22, 32, 16]
[46, 43, 6, 11, 42, 36, 19]
[50, 44, 46, 44, 36, 19, 51]
[33, 12, 29, 42, 4, 25, 18]
[23, 15, 32, 31, 4, 12, 24]
[11, 10, 16, 15, 52, 11, 39]
[7, 47, 47, 30, 27, 49, 22]
[46, 46, 19, 50, 5, 22, 9]
[20, 34, 27, 36, 21, 42, 21]
[26, 52, 47, 42, 19, 39, 28]
[9, 7, 8, 9, 50, 18, 47]
[40, 6, 52, 23, 45, 12, 39]
[24, 29, 44, 51, 26, 49, 34]
[13, 10, 9, 5, 16, 41, 27]
[21, 13, 6, 4, 41, 22, 27]
[43, 32, 4, 35, 19, 46, 21]
[41, 32, 8, 32, 4, 11, 44]
[10, 22, 26, 36, 32, 11, 22]
[51, 21, 51, 12, 36, 37, 11]
[37, 21, 7, 21, 44, 21, 18]
[47, 17, 11, 15, 8, 40, 21]
[5, 8, 33, 25, 6, 34, 12]
[44, 39, 48, 10, 29, 34, 37]
[34, 29, 50, 41, 12, 48, 49]
[36, 28, 39, 37, 26, 25, 36]
[21, 39, 16, 43, 48, 48, 12]
[15, 35, 6, 46, 42, 20, 22]
[7, 24, 26, 14, 39, 36, 49]
[19, 15, 43, 34, 44, 48, 51]
[12, 4, 46, 46, 35, 20, 13]
[50, 21, 25, 28, 8, 25, 42]
[23, 49, 33, 31, 21, 27, 20]
[51, 45, 16, 6, 28, 12, 25]
[7, 20, 26, 34, 49, 21, 35]
[5, 38, 22, 34, 15, 39, 47]
[51, 34, 28, 7, 37, 7, 17]
[42, 50, 21, 44, 33, 43, 41]
[35, 10, 10, 40, 34, 27, 39]
[42, 18, 52, 40, 31, 12, 35]
[17, 50, 26, 7, 34, 24, 13]
[22, 47, 18, 45, 24, 30, 20]
[32, 28, 12, 16, 44, 20, 29]
[5, 32, 40, 19, 52, 8, 12]
[43, 9, 13, 34, 14, 37, 9]
[6, 29, 23, 31, 9, 7, 34]
[46, 41, 52, 39, 9, 8, 25]
[19, 4, 51, 40, 12, 5, 4]
[14, 33, 23, 35, 37, 5, 20]
[9, 12, 37, 6, 29, 42, 10]
[12, 51, 21, 24, 33, 24, 24]
[31, 38, 40, 39, 16, 14, 51]
[17, 17, 40, 10, 34, 28, 44]
[19, 52, 39, 42, 14, 48, 38]
[5, 10, 12, 46, 26, 36, 14]
[6, 16, 31, 25, 6, 27, 32]
[23, 10, 19, 24, 15, 52, 43]
[34, 46, 6, 43, 12, 39, 20]
[38, 24, 9, 33, 24, 31, 27]
[24, 5, 45, 23, 20, 29, 4]
[42, 10, 51, 39, 46, 42, 49]
[43, 30, 33, 38, 32, 45, 5]
[11, 26, 14, 9, 50, 12, 22]
[18, 15, 15, 22, 5, 47, 44]
[38, 17, 30, 4, 51, 36, 49]
[38, 8, 30, 25, 52, 51, 18]
[40, 26, 49, 51, 7, 23, 44]
[16, 32, 30, 32, 24, 28, 13]
[38, 7, 11, 37, 10, 13, 33]
[39, 47, 39, 15, 51, 32, 31]
[12, 20, 51, 11, 32, 25, 19]
[33, 10, 17, 16, 41, 4, 51]
[4, 32, 18, 18, 27, 19, 34]
[24, 31, 41, 16, 29, 47, 32]
[35, 41, 31, 20, 21, 20, 8]
[48, 15, 28, 32, 27, 49, 36]
[40, 49, 4, 6, 38, 12, 11]
[35, 45, 35, 41, 40, 30, 8]
[40, 52, 9, 24, 38, 17, 25]
[38, 48, 8, 31, 22, 43, 31]
[39, 40, 21, 44, 11, 39, 30]
[27, 29, 38, 19, 27, 13, 7]
[52, 44, 49, 48, 39, 31, 44]
[33, 33, 21, 17, 46, 33, 19]
[41, 11, 46, 13, 8, 47, 15]
[17, 37, 14, 5, 30, 47, 34]
[18, 37, 17, 4, 33, 6, 39]
[44, 22, 35, 11, 23, 46, 23]
[29, 26, 49, 8, 15, 36, 17]
[42, 49, 32, 20, 42, 7, 37]
[50, 16, 36, 49, 10, 51, 46]
[12, 19, 45, 4, 4, 30, 39]
[11, 33, 14, 8, 44, 24, 16]
[45, 10, 29, 33, 23, 37, 15]
[28, 38, 22, 50, 25, 34, 51]
[24, 18, 33, 9, 52, 35, 40]
[14, 34, 35, 49, 28, 49, 21]
[27, 32, 5, 8, 12, 21, 50]
[24, 24, 7, 13, 33, 22, 7]
[50, 51, 36, 42, 15, 20, 27]
[12, 43, 5, 13, 12, 5, 11]
[37, 15, 15, 21, 25, 20, 35]
[31, 28, 19, 47, 30, 36, 29]
[48, 35, 8, 9, 22, 11, 13]
[24, 27, 12, 21, 29, 19, 11]
[24, 37, 43, 52, 37, 25, 33]
[46, 23, 9, 28, 33, 34, 18]
[37, 32, 48, 44, 38, 51, 39]
[27, 16, 43, 14, 21, 39, 19]
[48, 40, 21, 45, 6, 8, 13]
[49, 24, 48, 22, 30, 52, 19]
[37, 38, 31, 21, 29, 12, 13]
[11, 27, 33, 35, 9, 49, 32]
[29, 20, 36, 13, 52, 7, 50]
[38, 33, 41, 34, 28, 11, 11]
[11, 25, 50, 28, 33, 47, 51]
[22, 47, 11, 4, 42, 49, 30]
[48, 44, 11, 30, 23, 23, 15]
[8, 4, 13, 43, 26, 22, 33]
[30, 47, 7, 30, 49, 25, 49]
[4, 39, 22, 7, 15, 22, 14]
[51, 41, 50, 27, 50, 12, 51]
[24, 14, 51, 27, 48, 28, 48]
[27, 36, 35, 28, 36, 24, 50]
[43, 35, 9, 4, 18, 43, 36]
[28, 24, 28, 26, 18, 12, 44]
[35, 6, 44, 11, 19, 9, 24]
[23, 19, 30, 52, 8, 13, 33]
[51, 4, 7, 4, 51, 22, 50]
[22, 35, 21, 12, 9, 5, 49]
[20, 47, 4, 6, 24, 48, 13]
[47, 46, 36, 14, 16, 6, 10]
[51, 35, 43, 50, 29, 50, 5]
[43, 7, 19, 33, 38, 23, 51]
[38, 36, 39, 18, 45, 25, 9]
[31, 36, 22, 39, 21, 16, 5]
[8, 7, 32, 15, 28, 33, 10]
[15, 48, 44, 47, 20, 4, 24]
[8, 40, 15, 37, 8, 33, 15]
[19, 6, 22, 10, 32, 42, 5]
[5, 7, 43, 28, 37, 43, 37]
[32, 10, 13, 20, 5, 34, 32]
[7, 14, 5, 36, 37, 13, 22]
[33, 5, 5, 31, 32, 14, 40]
[9, 29, 24, 47, 49, 23, 35]
[50, 7, 27, 17, 35, 14, 32]
[7, 4, 45, 4, 37, 39, 22]
[48, 40, 33, 33, 13, 5, 32]
[23, 43, 4, 33, 25, 39, 38]
[41, 4, 45, 38, 52, 48, 8]
[30, 51, 39, 30, 18, 36, 36]
[10, 32, 28, 35, 19, 17, 24]
[32, 32, 18, 15, 51, 9, 6]
[23, 20, 22, 47, 31, 29, 5]
[44, 47, 44, 30, 11, 33, 12]
[41, 27, 26, 39, 26, 43, 25]
[43, 43, 32, 21, 30, 24, 5]
[29, 19, 31, 10, 5, 46, 24]
[36, 12, 24, 51, 24, 38, 49]
[39, 15, 24, 46, 14, 45, 14]
[18, 32, 42, 44, 48, 17, 49]
[9, 11, 12, 15, 7, 17, 24]
[37, 37, 49, 41, 47, 6, 40]
[38, 29, 26, 25, 27, 25, 15]
[25, 38, 21, 22, 18, 22, 18]
[40, 35, 38, 38, 25, 48, 29]
[21, 8, 45, 13, 5, 42, 48]
[7, 20, 24, 18, 27, 29, 13]
