[40, 15, 13, 42, 4, 23, 10]
[47, 18, 13, 23, 6, 36, 4]
[9, 13, 8, 13, 8, 36, 44]
[44, 19, 28, 40, 40, 13, 35]
[32, 42, 4, 13, 23, 30, 47]
[5, 13, 33, 41, 10, 40, 50]
[51, 51, 21, 10, 11, 10, 23]
[12, 51, 16, 13, 31, 21, 23]
[50, 28, 13, 46, 47, 37, 7]
[22, 46, 39, 50, 43, 35, 25]
[46, 8, 50, 27, 34, 43, 52]
[20, 49, 30, 22, 25, 13, 37]
[28, 31, 40, 50, 23, 37, 50]
[11, 8, 5, 12, 14, 30, 4]
[38, 15, 33, 26, 10, 43, 32]
[46, 4, 25, 24, 28, 19, 32]
[18, 37, 41, 32, 37, 40, 4]
[40, 25, 14, 4, 33, 19, 19]
[18, 17, 42, 50, 22, 26, 20]
[35, 47, 12, 27, 32, 27, 26]
[50, 38, 8, 11, 37, 43, 48]
[16, 14, 44, 11, 34, 28, 27]
[24, 25, 16, 36, 8, 49, 27]
[20, 26, 11, 19, 39, 15, 21]
[46, 37, 38, 27, 4, 51, 9]
[22, 9, 32, 34, 47, 38, 31]
[28, 32, 24, 35, 9, 8, 38]
[25, 8, 52, 32, 11, 49, 4]
[41, 23, 4, 18, 18, 46, 46]
[5, 47, 11, 29, 35, 45, 37]
[28, 8, 5, 15, 49, 28, 10]
[29, 8, 51, 33, 25, 37, 35]
[51, 4, 28, 11, 24, 17, 39]
[15, 41, 50, 40, 20, 25, 7]
[44, 45, 39, 38, 39, 20, 11]
[41, 43, 10, 36, 36, 17, 24]
[23, 24, 15, 28, 40, 27, 9]
[21, 31, 23, 52, 52, 8, 45]
[35, 23, 14, 14, 12, 33, 40]
[38, 51, 11, 38, 9, 39, 51]
[29, 24, 27, 41, 16, 13, 14]
[50, 49, 43, 41, 35, 49, 21]
[20, 29, 43, 48, 9, 51, 41]
[43, 46, 24, 16, 8, 11, 24]
[22, 22, 39, 31, 17, 36, 25]
[23, 35, 19, 34, 13, 34, 50]
[7, 8, 44, 30, 7, 34, 16]
[26, 6, 50, 42, 43, 7, 8]
[30, 26, 15, 33, 17, 49, 51]
[37, 32, 43, 52, 29, 38, 31]
[48, 4, 25, 23, 50, 27, 29]
[10, 48, 35, 43, 50, 47, 27]
[5, 30, 34, 4, 18, 13, 22]
[11, 16, 38, 40, 26, 34, 35]
[27, 27, 10, 45, 29, 39, 30]
[4, 29, 31, 36, 51, 28, 42]
[13, 7, 4, 43, 32, 4, 21]
[49, 8, 18, 25, 40, 6, 13]
[19, 48, 47, 20, 25, 32, 47]
[52, 52, 18, 12, 8, 42, 48]
[30, 19, 23, 8, 23, 37, 45]
[40, 6, 24, 23, 10, 21, 15]
[31, 35, 14, 26, 36, 51, 12]
[32, 47, 27, 29, 49, 28, 11]
[49, 37, 50, 7, 27, 25, 15]
[47, 39, 9, 11, 36, 22, 46]
[23, 41, 32, 21, 41, 47, 38]
[52, 6, 44, 32, 42, 25, 39]
[29, 16, 39, 28, 50, 35, 26]
[10, 38, 38, 9, 32, 39, 36]
[48, 12, 27, 27, 44, 30, 5]
[48, 22, 51, 52, 51, 32, 36]
[35, 52, 31, 25, 25, 25, 52]
[25, 30, 42, 17, 28, 50, 5]
[10, 24, 47, 28, 41, 22, 7]
[36, 51, 28, 21, 47, 41, 46]
[49, 47, 19, 43, 20, 49, 26]
[20, 30, 25, 26, 40, 13, 34]
[50, 11, 27, 51, 4, 52, 4]
[46, 25, 35, 48, 36, 17, 4]
[42, 13, 4, 38, 47, 46, 42]
[6, 37, 11, 23, 27, 10, 33]
[14, 29, 31, 10, 47, 16, 8]
[27, 38, 23, 34, 26, 36, 4]
[5, 6, 34, 27, 47, 22, 39]
[35, 51, 40, 8, 32, 37, 22]
[16, 33, 47, 47, 10, 8, 40]
[46, 6, 28, 25, 43, 36, 46]
[33, 24, 52, 18, 9, 7, 10]
[24, 36, 15, 19, 29, 37, 10]
[35, 51, 25, 42, 13, 7, 36]
[33, 30, 20, 43, 51, 43, 17]
[34, 27, 50, 12, 26, 5, 47]
[17, 38, 52, 4, 11, 41, 7]
[10, 45, 22, 7, 27, 43, 45]
[22, 35, 31, 45, 44, 20, 38]
[20, 45, 12, 8, 41, 28, 21]
[13, 29, 38, 15, 14, 47, 52]
[32, 8, 20, 10, 44, 7, 5]
[35, 36, 11, 46, 24, 42, 50]
[44, 37, 24, 34, 7, 51, 52]
[22, 35, 10, 34, 36, 27, 11]
[38, 9, 29, 17, 16, 38, 35]
[47, 43, 44, 25, 23, 36, 8]
[18, 12, 18, 31, 38, 29, 32]
[19, 8, 17, 17, 36, 24, 51]
[37, 15, 21, 32, 23, 23, 17]
[45, 32, 45, 39, 38, 28, 21]
[42, 48, 33, 8, 29, 22, 32]
[15, 43, 15, 21, 48, 14, 39]
[20, 46, 9, 29, 45, 32, 36]
[34, 10, 4, 7, 17, 31, 14]
[25, 51, 33, 21, 46, 18, 23]
[47, 30, 5, 8, 19, 15, 6]
[33, 32, 15, 13, 28, 31, 47]
[38, 39, 44, 29, 31, 38, 22]
[7, 21, 38, 17, 17, 44, 24]
[52, 50, 17, 43, 19, 29, 42]
[36, 50, 6, 11, 28, 50, 47]
[40, 30, 20, 22, 23, 43, 37]
[30, 26, 31, 14, 45, 42, 42]
[50, 9, 7, 22, 50, 47, 32]
[19, 37, 12, 24, 44, 13, 47]
[30, 43, 17, 42, 43, 21, 46]
[11, 11, 19, 43, 46, 8, 41]
[4, 8, 47, 23, 17, 44, 29]
[16, 43, 7, 9, 46, 51, 50]
[15, 7, 36, 40, 10, 45, 16]
[4, 52, 37, 48, 30, 45, 32]
[8, 45, 33, 33, 35, 16, 42]
[14, 42, 10, 15, 51, 27, 17]
[16, 17, 43, 5, 30, 45, 51]
[37, 4, 28, 44, 40, 35, 42]
[25, 25, 22, 52, 52, 25, 15]
[46, 35, 22, 6, 51, 5, 14]
[34, 48, 4, 42, 35, 49, 5]
[23, 27, 23, 35, 7, 51, 15]
[5, 41, 5, 28, 18, 36, 43]
[41, 24, 22, 45, 21, 4, 9]
[48, 22, 4, 25, 4, 9, 40]
[39, 39, 37, 50, 27, 23, 50]
[9, 43, 36, 32, 4, 10, 16]
[37, 32, 48, 18, 18, 8, 51]
[25, 49, 47, 11, 20, 7, 39]
[21, 36, 48, 7, 51, 41, 34]
[11, 50, 11, 8, 52, 6, 27]
[7, 27, 7, 42, 16, 52, 27]
[32, 41, 52, 34, 33, 5, 23]
[52, 49, 11, 34, 8, 46, 27]
[30, 47, 41, 49, 4, 16, 22]
[6, 37, 48, 9, 9, 4, 20]
[37, 7, 19, 51, 45, 29, 32]
[4, 33, 24, 44, 43, 24, 22]
[45, 21, 34, 39, 25, 39, 40]
[25, 51, 9, 38, 18, 27, 4]
[22, 39, 16, 36, 31, 9, 10]
[28, 11, 20, 46, 36, 24, 52]
[4, 18, 38, 5, 49, 19, 44]
[31, 21, 5, 39, 11, 16, 39]
[31, 28, 51, 24, 32, 20, 44]
[33, 7, 5, 35, 7, 36, 14]
[37, 4, 5, 46, 19, 21, 19]
[24, 41, 17, 7, 40, 6, 18]
[39, 31, 46, 31, 28, 45, 27]
[50, 37, 49, 9, 43, 24, 38]
[10, 20, 47, 26, 22, 33, 18]
[10, 42, 49, 15, 46, 27, 20]
[30, 52, 52, 14, 12, 35, 25]
[12, 42, 20, 25, 14, 51, 17]
[22, 17, 51, 28, 16, 20, 26]
[10, 13, 19, 17, 10, 20, 52]
[34, 23, 51, 34, 30, 26, 26]
[25, 29, 47, 22, 32, 32, 43]
[15, 39, 28, 40, 11, 16, 19]
[12, 40, 14, 50, 50, 51, 20]
[18, 39, 51, 34, 12, 21, 12]
[42, 50, 27, 37, 4, 39, 30]
[24, 25, 44, 48, 42, 24, 32]
[33, 24, 27, 37, 31, 52, 27]
[52, 18, 16, 32, 42, 9, 24]
[27, 27, 16, 15, 23, 18, 10]
[39, 19, 32, 16, 20, 28, 9]
[19, 11, 46, 14, 50, 25, 36]
[49, 6, 44, 30, 22, 44, 40]
[26, 13, 14, 52, 15, 27, 10]
[51, 41, 44, 32, 46, 18, 8]
[10, 43, 8, 47, 38, 30, 22]
[16, 44, 35, 35, 23, 15, 33]
[35, 51, 15, 51, 7, 11, 22]
[47, 40, 52, 37, 44, 18, 7]
[29, 30, 41, 4, 34, 6, 48]
[41, 42, 7, 38, 45, 27, 31]
[14, 47, 17, 5, 25, 39, 7]
[39, 21, 41, 26, 46, 11, 35]
[24, 6, 11, 5, 19, 37, 22]
[29, 41, 25, 42, 34, 44, 49]
[52, 36, 33, 42, 24, 42, 36]
[21, 39, 45, 31, 37, 52, 15]
[21, 12, 48, 52, 11, 38, 11]
[16, 21, 19, 52, 15, 8, 44]
[33, 43, 28, 49, 24, 24, 25]
[45, 22, 30, 44, 17, 26, 7]
[43, 8, 7, 32, 46, 18, 6]
[28, 15, 9, 15, 45, 14, 34]
[23, 24, 42, 14, 42, 32, 17]
[19, 51, 30, 4, 49, 48, 42]
[10, 43, 12, 27, 7, 12, 5]
[7, 30, 32, 9, 27, 26, 28]
[15, 42, 29, 32, 49, 43, 12]
[35, 22, 15, 36, 46, 51, 30]
[17, 9, 9, 38, 46, 17, 37]
[32, 11, 22, 39, 45, 23, 16]
[9, 49, 33, 20, 30, 47, 52]
[6, 17, 38, 9, 33, 31, 31]
[40, 18, 9, 29, 47, 28, 23]
[24, 21, 47, 9, 23, 10, 21]
[31, 19, 47, 9, 38, 20, 32]
[30, 52, 21, 31, 50, 39, 11]
[45, 24, 30, 16, 12, 22, 33]
[8, 6, 6, 31, 51, 20, 27]
[47, 14, 14, 18, 42, 48, 7]
[22, 20, 9, 16, 21, 43, 17]
[12, 26, 26, 7, 20, 8, 45]
[10, 25, 17, 31, 6, 30, 45]
[15, 11, 15, 6, 27, 14, 38]
[37, 42, 35, 35, 12, 14, 9]
[13, 49, 21, 9, 23, 48, 4]
[23, 11, 30, 6, 15, 27, 18]
[30, 50, 4, 13, 20, 24, 48]
[49, 7, 29, 4, 24, 31, 51]
[22, 23, 14, 36, 26, 38, 49]
[17, 5, 33, 47, 50, 10, 15]
[35, 46, 13, 22, 12, 17, 18]
[9, 41, 10, 9, 50, 39, 15]
[38, 33, 44, 25, 8, 14, 18]
[4, 48, 23, 45, 45, 20, 41]
[20, 24, 15, 41, 44, 25, 33]
[31, 13, 14, 13, 29, 52, 9]
[46, 48, 40, 24, 42, 26, 46]
[21, 25, 36, 8, 30, 37, 8]
[25, 51, 4, 28, 16, 35, 8]
[52, 32, 47, 32, 8, 42, 45]
[10, 37, 31, 30, 36, 38, 19]
[14, 28, 36, 22, 9, 9, 50]
[28, 52, 36, 51, 6, 32, 32]
[33, 36, 39, 50, 10, 37, 51]
[19, 34, 26, 12, 7, 15, 31]
[36, 26, 38, 28, 16, 42, 47]
[28, 35, 19, 33, 35, 23, 44]
[35, 42, 6, 4, 16, 44, 45]
[4, 6, 21, 33, 11, 15, 32]
[33, 33, 8, 49, 21, 9, 26]
[16, 45, 41, 40, 15, 29, 7]
[12, 33, 47, 21, 6, 42, 7]
[40, 12, 45, 45, 19, 52, 30]
[8, 9, 16, 33, 27, 42, 37]
[44, 23, 17, 50, 18, 14, 21]
[5, 49, 10, 10, 39, 52, 16]
[6, 31, 40, 48, 38, 23, 20]
[38, 20, 7, 4, 30, 46, 18]
[40, 27, 43, 6, 6, 29, 11]
[8, 11, 25, 8, 47, 27, 17]
[16, 10, 11, 32, 41, 13, 33]
[31, 8, 51, 40, 7, 17, 42]
[17, 49, 10, 36, 5, 17, 52]
[8, 39, 37, 11, 15, 49, 11]
[11, 20, 46, 51, 21, 45, 21]
[14, 40, 6, 25, 8, 31, 44]
[7, 39, 38, 19, 47, 52, 52]
[39, 29, 37, 51, 47, 19, 31]
[31, 16, 41, 12, 31, 52, 12]
[8, 8, 7, 43, 38, 17, 8]
[20, 46, 12, 52, 44, 25, 31]
[7, 36, 48, 37, 32, 16, 6]
[46, 43, 42, 13, 18, 7, 51]
[41, 4, 21, 11, 33, 34, 35]
[21, 47, 12, 20, 31, 40, 7]
[4, 21, 19, 48, 40, 9, 35]
[34, 12, 41, 17, 45, 34, 5]
[14, 50, 19, 39, 35, 10, 37]
[35, 47, 8, 52, 43, 45, 49]
[25, 34, 28, 40, 24, 36, 11]
[51, 35, 29, 29, 44, 14, 26]
[39, 35, 49, 38, 30, 46, 20]
[47, 18, 16, 10, 15, 34, 42]
[51, 19, 16, 37, 42, 19, 47]
[26, 14, 27, 38, 4, 19, 44]
[35, 29, 32, 14, 38, 44, 44]
[26, 45, 24, 24, 19, 24, 47]
[21, 34, 49, 5, 38, 5, 29]
[8, 9, 14, 49, 9, 32, 25]
[37, 6, 39, 18, 17, 12, 45]
[21, 28, 35, 4, 14, 35, 51]
[50, 23, 36, 42, 33, 27, 28]
[49, 48, 13, 22, 14, 50, 20]
[38, 37, 32, 23, 52, 26, 30]
[26, 40, 18, 31, 7, 21, 6]
[9, 26, 43, 16, 22, 44, 42]
[24, 5, 22, 22, 24, 37, 26]
[42, 14, 27, 12, 15, 27, 51]
[47, 21, 50, 13, 39, 7, 27]
[42, 52, 45, 19, 33, 39, 28]
[21, 5, 34, 14, 47, 6, 41]
[6, 33, 48, 28, 4, 5, 32]
[19, 7, 36, 30, 13, 12, 25]
[50, 50, 16, 36, 13, 22, 47]
[43, 38, 5, 32, 21, 38, 49]
[32, 8, 23, 47, 48, 28, 25]
[35, 42, 19, 18, 22, 43, 21]
[12, 16, 4, 39, 20, 26, 28]
[28, 4, 39, 40, 23, 45, 39]
[43, 36, 15, 10, 17, 8, 14]
[17, 39, 48, 10, 20, 50, 42]
[27, 37, 48, 50, 37, 32, 24]
[51, 26, 41, 12, 39, 15, 32]
[40, 32, 26, 50, 46, 20, 28]
[47, 47, 33, 40, 19, 42, 35]
[45, 27, 45, 47, 30, 50, 6]
[20, 21, 21, 13, 36, 36, 8]
[31, 18, 5, 10, 6, 22, 30]
[7, 31, 45, 37, 28, 47, 4]
[25, 5, 35, 26, 9, 51, 11]
[14, 32, 27, 8, 18, 40, 36]
[45, 35, 44, 49, 10, 46, 31]
[20, 30, 35, 14, 34, 27, 29]
[23, 16, 52, 19, 38, 17, 20]
[38, 20, 40, 21, 26, 49, 33]
[25, 5, 13, 32, 18, 12, 33]
[7, 49, 44, 14, 37, 35, 27]
[19, 17, 43, 40, 16, 43, 50]
[45, 48, 49, 45, 29, 18, 9]
[21, 19, 8, 26, 5, 42, 27]
[12, 7, 17, 47, 9, 44, 23]
[26, 52, 51, 16, 27, 30, 10]
[13, 24, 27, 20, 10, 18, 31]
[5, 29, 12, 26, 34, 31, 12]
[47, 21, 52, 29, 29, 44, 48]
[42, 40, 49, 21, 33, 35, 50]
[25, 50, 18, 21, 22, 32, 19]
[52, 5, 10, 47, 22, 47, 10]
[18, 52, 17, 42, 32, 18, 42]
[4, 33, 19, 35, 14, 22, 4]
[32, 40, 16, 20, 37, 11, 4]
[23, 44, 48, 15, 10, 23, 25]
[42, 51, 34, 38, 25, 19, 38]
[39, 7, 24, 51, 14, 10, 5]
[51, 51, 32, 28, 51, 27, 5]
[48, 37, 12, 38, 27, 31, 22]
[39, 8, 10, 9, 51, 14, 28]
[46, 30, 35, 9, 23, 20, 14]
[12, 45, 6, 35, 48, 20, 23]
[47, 18, 32, 45, 43, 9, 48]
[33, 19, 47, 32, 5, 50, 27]
[14, 39, 5, 8, 36, 8, 17]
[52, 9, 40, 36, 37, 42, 50]
[44, 49, 32, 15, 48, 34, 44]
[23, 25, 9, 38, 9, 40, 27]
[47, 12, 4, 21, 38, 25, 12]
[4, 5, 18, 23, 25, 44, 50]
[31, 36, 8, 5, 24, 37, 40]
[7, 17, 43, 24, 44, 29, 12]
[42, 38, 16, 52, 15, 34, 29]
[37, 29, 52, 43, 32, 29, 52]
[44, 49, 40, 46, 16, 24, 51]
[12, 5, 11, 41, 32, 42, 46]
[23, 45, 23, 20, 28, 47, 41]
[18, 13, 11, 47, 42, 46, 39]
[43, 48, 4, 33, 48, 51, 35]
[6, 28, 35, 40, 13, 25, 35]
[43, 25, 8, 48, 9, 43, 52]
[49, 50, 32, 11, 29, 36, 41]
[18, 4, 17, 32, 26, 50, 34]
[40, 45, 25, 39, 17, 23, 41]
[48, 4, 14, 21, 11, 9, 8]
[8, 32, 37, 23, 36, 45, 38]
[21, 50, 13, 22, 11, 38, 51]
[48, 37, 44, 33, 31, 9, 33]
[44, 42, 10, 6, 18, 41, 45]
[12, 34, 6, 34, 18, 17, 39]
[33, 48, 11, 21, 6, 34, 30]
[33, 23, 47, 18, 27, 4, 17]
[45, 7, 7, 6, 32, 10, 28]
[28, 19, 5, 48, 50, 35, 36]
[51, 29, 37, 15, 40, 19, 51]
[11, 40, 37, 26, 24, 5, 24]
[30, 28, 10, 23, 14, 52, 27]
[45, 16, 22, 52, 51, 48, 19]
[43, 40, 6, 43, 47, 27, 51]
[41, 18, 43, 14, 23, 23, 31]
[8, 7, 38, 22, 51, 16, 14]
[46, 46, 39, 44, 52, 18, 19]
[45, 40, 4, 21, 18, 19, 40]
[49, 16, 48, 10, 26, 9, 9]
[33, 17, 9, 24, 48, 39, 43]
[33, 27, 27, 7, 12, 20, 49]
[28, 15, 44, 21, 46, 34, 29]
[4, 27, 18, 26, 44, 46, 22]
[41, 13, 49, 46, 39, 39, 16]
[20, 20, 32, 45, 39, 25, 44]
[34, 34, 21, 5, 27, 47, 22]
[44, 40, 21, 16, 49, 45, 8]
[21, 36, 42, 15, 25, 41, 20]
[15, 47, 25, 11, 22, 52, 13]
[18, 14, 48, 20, 51, 19, 41]
[14, 34, 8, 36, 6, 25, 29]
[7, 52, 46, 52, 5, 6, 9]
[27, 31, 39, 42, 4, 46, 48]
[35, 33, 40, 51, 50, 14, 18]
[44, 41, 36, 19, 5, 33, 46]
[32, 31, 13, 18, 18, 31, 37]
[37, 9, 31, 27, 49, 16, 52]
[25, 33, 25, 14, 39, 42, 45]
[17, 17, 48, 29, 52, 4, 26]
[31, 13, 48, 46, 44, 14, 42]
[32, 34, 10, 29, 30, 52, 29]
[38, 6, 5, 4, 36, 6, 14]
[9, 13, 25, 25, 24, 41, 46]
[38, 7, 15, 20, 20, 5, 46]
[30, 28, 36, 13, 31, 14, 34]
[39, 34, 15, 50, 10, 30, 5]
[14, 20, 28, 27, 50, 41, 49]
[20, 11, 50, 26, 22, 20, 7]
[32, 34, 30, 33, 9, 30, 29]
[26, 26, 51, 15, 42, 26, 46]
[32, 21, 50, 32, 33, 50, 13]
[34, 39, 21, 37, 11, 9, 13]
[15, 51, 46, 9, 52, 12, 9]
[19, 25, 47, 48, 7, 45, 27]
[40, 37, 5, 41, 48, 23, 10]
[13, 23, 13, 42, 42, 22, 6]
[33, 15, 25, 4, 47, 45, 41]
[29, 13, 46, 47, 12, 51, 20]
[25, 50, 52, 27, 6, 13, 51]
[22, 27, 27, 30, 23, 10, 41]
[27, 9, 16, 27, 33, 35, 39]
[34, 36, 20, 49, 13, 15, 28]
[27, 7, 45, 46, 44, 26, 50]
[52, 30, 6, 51, 17, 22, 29]
[48, 18, 4, 17, 49, 32, 50]
[29, 39, 43, 44, 28, 30, 7]
[5, 37, 42, 14, 39, 20, 16]
[11, 10, 35, 23, 41, 31, 52]
[25, 44, 13, 10, 49, 44, 8]
[30, 49, 4, 8, 16, 9, 46]
[35, 51, 34, 24, 19, 36, 35]
[17, 24, 48, 32, 12, 9, 12]
[26, 35, 49, 37, 21, 25, 6]
[26, 18, 16, 42, 11, 43, 16]
[5, 51, 19, 29, 45, 41, 33]
[44, 33, 45, 31, 27, 22, 46]
[50, 9, 30, 41, 34, 42, 32]
[44, 50, 48, 17, 33, 48, 42]
[48, 19, 37, 28, 37, 21, 24]
[41, 20, 20, 44, 48, 4, 14]
[35, 15, 41, 11, 32, 46, 43]
[41, 4, 39, 46, 17, 39, 26]
[20, 28, 32, 8, 38, 6, 26]
[30, 28, 35, 51, 50, 44, 17]
[23, 23, 26, 45, 39, 27, 33]
[44, 35, 24, 10, 28, 45, 48]
[22, 52, 28, 38, 18, 14, 21]
[31, 30, 41, 38, 43, 28, 41]
[47, 50, 42, 43, 16, 10, 51]
[34, 7, 43, 7, 12, 22, 10]
[45, 34, 51, 48, 47, 48, 19]
[33, 22, 49, 26, 43, 14, 25]
[18, 13, 4, 11, 47, 43, 16]
[43, 25, 23, 15, 8, 43, 12]
[24, 16, 35, 28, 22, 12, 21]
[40, 41, 40, 15, 7, 29, 14]
[13, 29, 18, 33, 9, 7, 13]
[42, 21, 39, 23, 31, 11, 16]
[22, 17, 23, 16, 49, 17, 42]
[43, 48, 33, 28, 14, 42, 26]
[29, 48, 45, 13, 25, 14, 5]
[9, 6, 18, 19, 27, 5, 51]
[4, 25, 50, 48, 12, 50, 48]
[19, 26, 20, 28, 35, 5, 9]
[9, 47, 28, 11, 13, 26, 14]
[37, 26, 11, 33, 51, 12, 50]
[33, 19, 51, 40, 23, 24, 4]
[36, 46, 19, 36, 41, 14, 34]
[32, 14, 43, 35, 10, 26, 41]
[50, 39, 16, 34, 17, 6, 25]
[14, 15, 17, 47, 30, 27, 4]
[18, 14, 9, 30, 45, 34, 5]
[44, 14, 49, 7, 40, 7, 51]
[21, 50, 26, 20, 28, 34, 48]
[52, 5, 26, 38, 39, 12, 24]
[5, 36, 38, 4, 37, 27, 48]
[25, 10, 17, 44, 4, 11, 22]
[41, 16, 45, 13, 51, 48, 26]
[29, 47, 18, 22, 5, 18, 36]
[36, 28, 6, 37, 25, 30, 38]
[49, 28, 19, 31, 43, 41, 46]
[50, 32, 33, 34, 32, 47, 13]
[15, 25, 13, 34, 23, 28, 51]
[36, 45, 9, 51, 43, 6, 34]
[22, 10, 48, 43, 28, 27, 19]
[38, 29, 7, 32, 15, 25, 11]
[37, 12, 9, 15, 4, 29, 31]
[24, 46, 12, 13, 38, 15, 8]
[20, 18, 25, 52, 23, 10, 17]
[46, 19, 28, 22, 45, 52, 16]
[16, 16, 9, 41, 40, 35, 17]
[22, 12, 21, 22, 9, 30, 19]
[42, 14, 20, 50, 16, 4, 49]
[52, 33, 14, 36, 31, 16, 17]
[28, 41, 16, 24, 24, 50, 20]
[37, 34, 40, 43, 12, 47, 43]
[37, 35, 32, 4, 29, 23, 4]
[37, 7, 32, 9, 10, 27, 14]
[7, 22, 41, 47, 15, 34, 39]
[46, 12, 14, 8, 18, 36, 49]
[24, 8, 14, 12, 22, 41, 11]
[46, 49, 39, 37, 16, 40, 22]
[51, 15, 29, 12, 25, 51, 13]
[36, 47, 28, 40, 29, 12, 33]
[27, 22, 31, 41, 27, 46, 7]
[5, 14, 4, 16, 12, 29, 40]
[20, 33, 25, 30, 38, 52, 49]
[40, 44, 51, 7, 26, 37, 17]
[11, 38, 21, 15, 41, 18, 15]
[5, 16, 30, 34, 22, 17, 14]
[21, 45, 24, 5, 4, 24, 9]
[48, 42, 20, 16, 30, 28, 45]
[36, 39, 14, 25, 18, 45, 48]
[7, 46, 9, 19, 9, 5, 38]
[50, 41, 6, 21, 46, 30, 10]
[4, 44, 40, 46, 13, 13, 30]
[11, 48, 38, 39, 28, 14, 41]
[17, 27, 24, 4, 19, 44, 30]
[19, 44, 45, 24, 19, 35, 12]
[43, 11, 43, 38, 23, 14, 44]
[24, 38, 46, 37, 42, 29, 5]
[22, 17, 33, 43, 19, 32, 30]
[7, 24, 20, 22, 46, 26, 7]
[27, 52, 17, 24, 17, 31, 12]
[42, 41, 11, 35, 21, 44, 46]
[30, 5, 7, 44, 43, 31, 19]
[12, 43, 16, 37, 10, 23, 22]
[41, 43, 35, 46, 12, 36, 35]
[45, 20, 13, 43, 42, 39, 20]
[28, 16, 7, 33, 19, 7, 45]
[15, 49, 19, 33, 23, 24, 5]
[17, 37, 6, 42, 21, 19, 50]
[22, 48, 32, 35, 37, 38, 34]
[4, 36, 31, 51, 43, 49, 48]
[6, 45, 27, 20, 28, 36, 47]
[41, 30, 48, 29, 38, 21, 27]
[19, 25, 22, 6, 22, 18, 49]
[42, 48, 28, 8, 34, 5, 19]
[30, 36, 36, 39, 7, 30, 50]
[23, 45, 29, 8, 48, 47, 52]
[8, 6, 35, 10, 8, 23, 42]
[30, 52, 15, 31, 22, 23, 7]
[11, 31, 49, 21, 30, 39, 41]
[26, 27, 4, 52, 13, 29, 30]
[8, 24, 14, 15, 37, 14, 5]
[12, 44, 27, 23, 50, 20, 14]
[48, 34, 36, 34, 9, 48, 13]
[27, 41, 22, 49, 37, 25, 4]
[50, 14, 47, 18, 5, 23, 44]
[40, 43, 40, 19, 48, 6, 42]
[15, 39, 24, 7, 10, 5, 32]
[21, 17, 32, 6, 38, 28, 43]
[44, 29, 16, 41, 11, 31, 33]
[6, 31, 11, 22, 46, 48, 30]
[27, 21, 7, 26, 42, 30, 22]
[13, 41, 12, 34, 5, 29, 7]
[41, 17, 32, 45, 16, 44, 18]
[7, 42, 18, 17, 28, 37, 36]
[46, 34, 44, 10, 5, 30, 11]
[25, 29, 45, 42, 10, 41, 31]
[49, 9, 5, 23, 40, 35, 14]
[52, 12, 21, 18, 7, 42, 14]
[9, 10, 40, 25, 37, 36, 18]
[48, 14, 42, 6, 35, 5, 9]
[52, 33, 52, 6, 12, 21, 29]
[37, 22, 18, 13, 52, 31, 11]
[47, 8, 19, 45, 21, 32, 31]
[52, 22, 6, 24, 45, 33, 47]
[6, 24, 17, 39, 30, 22, 44]
[9, 22, 36, 33, 39, 12, 23]
[34, 4, 39, 5, 51, 49, 35]
[23, 45, 14, 6, 39, 17, 41]
[47, 48, 40, 25, 5, 19, 45]
[24, 40, 30, 42, 25, 26, 31]
[28, 6, 19, 39, 21, 13, 7]
[26, 24, 17, 16, 12, 7, 13]
[38, 25, 23, 43, 5, 39, 5]
[45, 27, 47, 11, 19, 46, 18]
[11, 26, 43, 15, 19, 36, 38]
[32, 46, 28, 4, 43, 16, 25]
[7, 30, 15, 22, 40, 40, 19]
[38, 17, 43, 46, 11, 31, 51]
[24, 25, 36, 28, 49, 15, 23]
[46, 4, 13, 8, 31, 33, 37]
[45, 33, 8, 30, 49, 50, 8]
[42, 26, 47, 51, 49, 24, 38]
[51, 49, 29, 32, 47, 50, 45]
[26, 47, 51, 44, 52, 8, 26]
[41, 47, 25, 31, 9, 9, 46]
[32, 5, 24, 38, 14, 9, 33]
[26, 32, 6, 32, 16, 15, 12]
[47, 49, 41, 23, 41, 14, 27]
[24, 48, 50, 19, 10, 28, 39]
[41, 45, 32, 19, 17, 38, 30]
[45, 37, 18, 28, 6, 46, 13]
[29, 31, 37, 11, 36, 32, 39]
[8, 9, 13, 12, 31, 12, 32]
[4, 50, 50, 10, 14, 36, 37]
[50, 13, 21, 8, 6, 52, 33]
[32, 50, 23, 44, 52, 5, 49]
[28, 9, 42, 5, 25, 11, 26]
[32, 27, 4, 49, 29, 5, 37]
[39, 46, 48, 26, 23, 30, 4]
[16, 35, 24, 36, 21, 32, 38]
[50, 24, 45, 49, 28, 20, 6]
[9, 32, 35, 33, 38, 13, 13]
[30, 37, 23, 26, 33, 12, 28]
[31, 20, 23, 37, 17, 41, 7]
[47, 39, 16, 26, 31, 47, 39]
[49, 34, 36, 17, 27, 22, 8]
[33, 20, 31, 37, 26, 37, 44]
[49, 26, 31, 33, 48, 10, 32]
[27, 21, 22, 26, 24, 14, 16]
[24, 20, 4, 31, 33, 37, 46]
[27, 10, 48, 27, 29, 34, 47]
[10, 23, 5, 43, 47, 8, 19]
[43, 39, 19, 35, 35, 36, 37]
[12, 52, 47, 48, 37, 29, 26]
[14, 7, 35, 27, 28, 5, 32]
[43, 7, 33, 17, 6, 19, 5]
[37, 5, 22, 17, 18, 44, 49]
[21, 44, 10, 19, 47, 23, 40]
[46, 43, 40, 30, 28, 15, 31]
[4, 41, 30, 51, 19, 34, 38]
[38, 28, 37, 13, 6, 23, 27]
[11, 21, 46, 43, 23, 11, 40]
[7, 4, 24, 6, 51, 19, 39]
[13, 7, 38, 49, 45, 16, 29]
[9, 48, 24, 25, 34, 22, 34]
[24, 49, 9, 4, 16, 48, 26]
[16, 11, 46, 22, 21, 14, 11]
[20, 36, 49, 27, 26, 43, 25]
[31, 12, 6, 15, 26, 13, 45]
[30, 23, 12, 15, 39, 21, 43]
[10, 26, 49, 12, 23, 32, 11]
[52, 46, 8, 11, 6, 17, 37]
[11, 23, 14, 30, 7, 50, 36]
[6, 9, 39, 31, 40, 49, 15]
[51, 14, 49, 48, 29, 25, 48]
[12, 29, 5, 26, 25, 41, 36]
[25, 18, 30, 17, 33, 9, 33]
[12, 42, 38, 43, 30, 11, 35]
[32, 31, 50, 31, 30, 42, 16]
[52, 14, 25, 26, 39, 8, 4]
[48, 34, 29, 16, 31, 51, 36]
[45, 40, 26, 10, 16, 26, 14]
[36, 44, 13, 43, 12, 43, 35]
[50, 52, 42, 42, 33, 11, 10]
[11, 35, 23, 22, 22, 10, 33]
[50, 36, 35, 6, 25, 40, 34]
[14, 10, 4, 24, 19, 17, 28]
[42, 15, 36, 15, 46, 4, 16]
[43, 52, 38, 18, 17, 7, 43]
[40, 32, 30, 36, 17, 52, 27]
[5, 49, 40, 23, 39, 5, 13]
[41, 30, 15, 38, 11, 28, 19]
[32, 8, 27, 35, 26, 23, 5]
[47, 12, 52, 38, 52, 40, 11]
[26, 25, 37, 8, 52, 44, 23]
[9, 35, 49, 40, 48, 17, 47]
[24, 8, 38, 21, 30, 12, 25]
[44, 34, 11, 7, 52, 24, 30]
[18, 39, 49, 45, 31, 6, 49]
[6, 24, 29, 7, 26, 38, 43]
[7, 26, 49, 9, 20, 20, 35]
[25, 30, 51, 24, 10, 14, 36]
[21, 44, 39, 9, 13, 15, 17]
[50, 6, 20, 51, 15, 6, 50]
[47, 36, 22, 49, 49, 49, 43]
[49, 10, 45, 16, 9, 6, 8]
[21, 30, 28, 22, 35, 7, 51]
[36, 29, 12, 32, 25, 19, 39]
[45, 47, 17, 45, 20, 50, 23]
[32, 52, 10, 24, 39, 27, 49]
[50, 16, 23, 31, 46, 18, 20]
[31, 48, 50, 27, 11, 39, 48]
[41, 43, 44, 8, 41, 30, 50]
[16, 51, 50, 49, 49, 22, 13]
[25, 16, 30, 41, 42, 11, 23]
[4, 24, 9, 42, 37, 18, 6]
[27, 8, 33, 22, 52, 15, 7]
[33, 16, 10, 12, 31, 40, 52]
[18, 36, 31, 37, 38, 16, 42]
[19, 35, 26, 44, 24, 17, 41]
[17, 26, 26, 4, 12, 38, 6]
[22, 41, 45, 38, 31, 18, 29]
[47, 46, 21, 20, 30, 32, 5]
[22, 28, 12, 45, 46, 12, 17]
[11, 19, 34, 29, 10, 52, 20]
[35, 40, 23, 12, 41, 38, 13]
[52, 13, 35, 38, 34, 50, 38]
[15, 10, 27, 34, 50, 40, 10]
[52, 38, 42, 7, 52, 24, 14]
[50, 31, 46, 18, 22, 37, 10]
[52, 38, 28, 34, 39, 43, 23]
[10, 33, 45, 38, 47, 31, 37]
[16, 23, 18, 18, 38, 45, 35]
[26, 45, 34, 33, 34, 6, 43]
[18, 52, 46, 23, 5, 11, 29]
[26, 21, 52, 30, 21, 18, 52]
[46, 14, 49, 6, 48, 42, 28]
[41, 35, 32, 18, 24, 41, 38]
[30, 47, 33, 27, 9, 33, 28]
[45, 22, 13, 45, 27, 40, 37]
[15, 30, 48, 27, 23, 8, 52]
[17, 26, 23, 35, 9, 20, 8]
[27, 6, 4, 44, 43, 10, 27]
[21, 52, 41, 27, 15, 33, 24]
[38, 41, 21, 38, 34, 20, 45]
[5, 26, 25, 36, 16, 27, 42]
[22, 6, 38, 21, 20, 4, 46]
[8, 33, 5, 46, 9, 21, 10]
[30, 6, 11, 50, 9, 47, 9]
[29, 22, 6, 4, 49, 4, 4]
[29, 27, 40, 29, 43, 22, 27]
[31, 49, 27, 31, 17, 41, 32]
[11, 6, 11, 13, 37, 10, 42]
[15, 33, 18, 15, 29, 17, 36]
[27, 23, 29, 11, 34, 25, 32]
[15, 40, 18, 4, 40, 10, 44]
[6, 17, 43, 10, 38, 40, 21]
[13, 38, 21, 20, 41, 49, 10]
[15, 15, 6, 49, 8, 48, 33]
[25, 52, 23, 44, 50, 13, 7]
[43, 24, 27, 31, 16, 49, 29]
[22, 18, 18, 23, 23, 25, 16]
[17, 37, 13, 17, 46, 22, 45]
[30, 51, 47, 47, 36, 45, 21]
[43, 47, 29, 25, 8, 30, 45]
[36, 9, 16, 24, 31, 21, 50]
[35, 44, 21, 40, 12, 20, 35]
[6, 21, 4, 20, 48, 44, 52]
[48, 31, 43, 33, 37, 30, 34]
[51, 5, 36, 22, 38, 40, 15]
[46, 31, 40, 32, 4, 29, 42]
[5, 19, 27, 44, 29, 40, 18]
[31, 12, 51, 29, 7, 51, 21]
[39, 47, 34, 44, 35, 24, 22]
[13, 23, 52, 24, 37, 43, 45]
[18, 30, 24, 48, 7, 39, 23]
[21, 40, 47, 5, 8, 43, 20]
[28, 38, 42, 37, 27, 48, 17]
[51, 12, 39, 50, 49, 48, 31]
[32, 25, 49, 35, 20, 24, 52]
[12, 26, 24, 30, 32, 26, 15]
[21, 52, 23, 23, 44, 16, 26]
[48, 8, 46, 27, 30, 43, 45]
[7, 52, 16, 19, 43, 15, 17]
[43, 21, 5, 32, 20, 11, 8]
[51, 43, 23, 47, 18, 42, 18]
[43, 17, 35, 13, 42, 41, 21]
[51, 35, 36, 5, 42, 21, 4]
[41, 5, 37, 18, 14, 9, 4]
[34, 13, 29, 32, 7, 21, 9]
[33, 36, 42, 34, 26, 13, 29]
[6, 18, 25, 46, 50, 19, 40]
[33, 12, 50, 35, 30, 15, 44]
[31, 21, 12, 50, 49, 7, 5]
[6, 49, 21, 14, 39, 47, 21]
[14, 51, 21, 49, 43, 33, 20]
[49, 42, 8, 17, 20, 14, 34]
[31, 43, 27, 28, 45, 19, 44]
[43, 9, 34, 14, 26, 30, 37]
[43, 34, 12, 41, 8, 5, 36]
[21, 15, 42, 52, 14, 33, 23]
[41, 5, 45, 18, 34, 6, 24]
[44, 46, 38, 44, 36, 37, 5]
[23, 45, 22, 24, 46, 44, 23]
[45, 40, 50, 10, 26, 25, 22]
[52, 43, 9, 52, 6, 13, 32]
[33, 18, 29, 31, 38, 49, 18]
[49, 44, 6, 31, 6, 50, 42]
[8, 20, 18, 14, 28, 49, 26]
[35, 5, 24, 12, 40, 14, 34]
[34, 40, 41, 41, 26, 22, 21]
[7, 9, 15, 12, 41, 18, 13]
[29, 24, 29, 44, 16, 41, 41]
[37, 16, 26, 7, 28, 8, 33]
[38, 5, 22, 45, 13, 43, 5]
[30, 48, 51, 26, 5, 15, 33]
[50, 18, 11, 44, 39, 42, 46]
[45, 12, 26, 22, 31, 26, 37]
[47, 5, 49, 36, 22, 33, 38]
[22, 7, 48, 42, 25, 50, 16]
[34, 33, 17, 12, 42, 6, 11]
[50, 12, 14, 41, 46, 13, 37]
[8, 30, 14, 51, 32, 6, 7]
[11, 22, 33, 33, 20, 38, 37]
[52, 42, 4, 18, 8, 35, 16]
[19, 19, 41, 33, 7, 32, 44]
[39, 42, 22, 4, 42, 11, 38]
[49, 32, 18, 51, 14, 40, 11]
[51, 43, 33, 29, 17, 47, 8]
[37, 17, 37, 51, 42, 19, 22]
[40, 38, 10, 30, 31, 7, 46]
[12, 32, 46, 4, 49, 36, 52]
[49, 18, 5, 10, 30, 25, 17]
[9, 29, 14, 33, 11, 23, 31]
[48, 33, 26, 14, 45, 46, 40]
[13, 32, 44, 9, 47, 16, 52]
[48, 6, 27, 28, 41, 50, 27]
[15, 52, 31, 30, 29, 30, 34]
[5, 9, 47, 13, 37, 21, 45]
[13, 42, 16, 44, 10, 8, 9]
[8, 27, 44, 5, 44, 32, 41]
[25, 15, 7, 18, 40, 14, 39]
[46, 45, 12, 40, 11, 19, 37]
[5, 9, 50, 34, 25, 46, 6]
[41, 46, 31, 11, 21, 13, 26]
[11, 43, 48, 38, 34, 45, 9]
[15, 7, 34, 46, 41, 16, 50]
[26, 34, 23, 28, 30, 33, 39]
[13, 28, 51, 25, 45, 5, 6]
[52, 24, 18, 18, 7, 52, 23]
[20, 10, 37, 10, 35, 51, 45]
[50, 10, 12, 4, 35, 15, 28]
[36, 9, 24, 48, 25, 6, 42]
[18, 38, 5, 42, 16, 7, 32]
[20, 18, 45, 16, 41, 31, 11]
[39, 17, 27, 43, 49, 34, 18]
[28, 11, 10, 34, 40, 31, 9]
[21, 11, 44, 16, 19, 7, 14]
[19, 46, 36, 35, 24, 24, 43]
[6, 22, 50, 39, 51, 33, 28]
[44, 29, 23, 21, 9, 4, 12]
[39, 23, 6, 50, 49, 46, 18]
[50, 49, 14, 19, 21, 31, 21]
[12, 30, 26, 48, 28, 5, 15]
[46, 18, 45, 14, 45, 39, 22]
[23, 45, 31, 18, 52, 14, 23]
[40, 47, 33, 39, 48, 39, 46]
[49, 45, 21, 29, 31, 11, 33]
[45, 42, 30, 6, 32, 45, 23]
[8, 13, 9, 48, 5, 51, 15]
[22, 49, 18, 14, 27, 42, 32]
[43, 9, 28, 20, 7, 28, 14]
[44, 40, 42, 25, 44, 51, 19]
[13, 43, 24, 43, 13, 4, 26]
[5, 9, 11, 18, 4, 24, 47]
[44, 30, 13, 32, 5, 9, 38]
[37, 40, 26, 24, 12, 48, 39]
[23, 18, 19, 52, 14, 51, 27]
[14, 22, 19, 31, 40, 4, 10]
[31, 16, 46, 25, 20, 37, 12]
[43, 12, 17, 21, 37, 25, 36]
[27, 49, 12, 44, 19, 45, 4]
[18, 13, 47, 21, 12, 51, 20]
[36, 16, 24, 31, 4, 50, 14]
[29, 18, 18, 50, 13, 50, 44]
[30, 43, 16, 30, 30, 40, 4]
[22, 46, 30, 41, 7, 27, 12]
[31, 43, 37, 22, 11, 18, 4]
[5, 12, 41, 36, 41, 16, 34]
[36, 5, 4, 9, 35, 7, 6]
[27, 10, 31, 37, 18, 46, 38]
[23, 45, 10, 35, 9, 6, 47]
[8, 32, 33, 12, 35, 41, 38]
[40, 42, 9, 23, 16, 23, 36]
[37, 5, 32, 6, 42, 35, 21]
[16, 26, 32, 45, 40, 21, 16]
[44, 45, 46, 37, 48, 52, 48]
[48, 25, 16, 51, 9, 7, 18]
[34, 45, 48, 43, 26, 24, 51]
[29, 45, 40, 10, 16, 21, 52]
[41, 13, 35, 45, 26, 46, 26]
[33, 4, 8, 44, 6, 15, 31]
[7, 29, 25, 44, 26, 51, 44]
[45, 42, 16, 7, 9, 30, 12]
[19, 44, 39, 30, 32, 12, 40]
[38, 21, 30, 11, 18, 48, 46]
[32, 12, 12, 27, 51, 42, 42]
[48, 51, 31, 25, 21, 32, 49]
[26, 4, 9, 5, 15, 30, 16]
[12, 35, 15, 45, 26, 28, 36]
[50, 47, 41, 11, 47, 51, 50]
[37, 30, 26, 40, 14, 13, 44]
[4, 15, 13, 28, 36, 12, 40]
[31, 43, 38, 14, 45, 35, 21]
[28, 49, 22, 52, 21, 11, 5]
[44, 8, 15, 41, 4, 21, 37]
[22, 37, 44, 47, 36, 39, 28]
[47, 20, 26, 39, 42, 42, 41]
[21, 32, 16, 41, 7, 28, 41]
[11, 25, 28, 52, 12, 9, 15]
[23, 38, 9, 52, 28, 27, 15]
[35, 13, 47, 33, 15, 32, 5]
[13, 20, 26, 40, 7, 33, 48]
[49, 31, 5, 35, 17, 48, 29]
[15, 47, 7, 49, 11, 38, 41]
[14, 50, 43, 50, 51, 36, 50]
[50, 46, 8, 19, 10, 44, 11]
[33, 25, 13, 39, 30, 24, 10]
[31, 31, 18, 21, 46, 19, 41]
[23, 28, 34, 48, 24, 40, 39]
[17, 45, 45, 21, 33, 42, 43]
[13, 35, 12, 16, 15, 41, 8]
[14, 14, 6, 20, 33, 34, 36]
[41, 42, 8, 43, 25, 13, 45]
[4, 39, 37, 18, 14, 4, 28]
[11, 20, 46, 38, 18, 9, 30]
[44, 29, 18, 18, 11, 11, 20]
[39, 6, 37, 12, 50, 28, 13]
[15, 44, 40, 32, 17, 17, 19]
[31, 34, 30, 31, 20, 5, 36]
[25, 24, 40, 49, 19, 13, 36]
[28, 16, 15, 29, 12, 45, 51]
[18, 12, 11, 40, 46, 30, 37]
[32, 40, 45, 46, 15, 6, 17]
[26, 16, 6, 14, 12, 45, 11]
[47, 10, 27, 18, 11, 50, 52]
[16, 46, 48, 34, 21, 32, 24]
[37, 20, 19, 23, 48, 32, 10]
[18, 16, 30, 47, 19, 7, 26]
[34, 20, 50, 19, 11, 26, 15]
[19, 19, 28, 39, 10, 14, 49]
[30, 10, 39, 20, 48, 43, 18]
[11, 22, 51, 35, 4, 20, 36]
[21, 41, 41, 51, 15, 23, 20]
[34, 39, 25, 16, 36, 45, 42]
[26, 23, 52, 12, 51, 51, 8]
[6, 17, 8, 5, 32, 19, 18]
[11, 51, 8, 47, 30, 46, 11]
[11, 17, 35, 5, 15, 9, 52]
[32, 41, 22, 47, 21, 37, 21]
[44, 15, 29, 41, 51, 25, 23]
[7, 42, 38, 17, 9, 18, 17]
[36, 13, 38, 36, 26, 7, 47]
[42, 25, 18, 16, 16, 42, 28]
[6, 26, 51, 39, 49, 38, 36]
[19, 47, 10, 4, 26, 4, 39]
[43, 15, 32, 5, 49, 7, 14]
[42, 25, 39, 51, 12, 43, 46]
[23, 20, 4, 20, 24, 41, 12]
[25, 37, 17, 52, 18, 22, 52]
[7, 26, 52, 19, 43, 38, 29]
[20, 26, 8, 21, 14, 24, 10]
[26, 6, 33, 19, 16, 6, 49]
[15, 34, 50, 30, 8, 46, 52]
[7, 32, 9, 43, 39, 9, 38]
[14, 18, 25, 20, 42, 45, 46]
[41, 8, 21, 27, 5, 24, 44]
[15, 26, 13, 36, 19, 38, 39]
[45, 45, 37, 9, 52, 14, 19]
[44, 50, 4, 13, 34, 4, 23]
[32, 35, 31, 7, 34, 27, 8]
[25, 43, 17, 45, 48, 12, 38]
[47, 17, 9, 17, 30, 46, 34]
[37, 16, 17, 31, 19, 14, 15]
[28, 22, 10, 26, 17, 51, 5]
[19, 5, 42, 16, 20, 6, 13]
[49, 36, 28, 12, 24, 4, 30]
[17, 4, 13, 15, 5, 47, 13]
[25, 27, 7, 35, 23, 51, 18]
[31, 50, 34, 6, 9, 7, 5]
[36, 35, 21, 45, 26, 13, 37]
[30, 12, 10, 23, 49, 14, 40]
[17, 52, 46, 12, 42, 48, 4]
[6, 34, 52, 13, 15, 38, 6]
[15, 25, 38, 35, 46, 15, 24]
[4, 21, 24, 19, 36, 37, 8]
[30, 39, 20, 11, 29, 21, 48]
[13, 45, 35, 38, 24, 11, 49]
[4, 52, 28, 8, 5, 22, 34]
[52, 13, 5, 30, 22, 19, 12]
[30, 50, 29, 46, 28, 28, 6]
[5, 37, 37, 18, 35, 34, 26]
[10, 41, 48, 16, 30, 41, 20]
[24, 44, 32, 39, 23, 28, 16]
[43, 32, 26, 9, 36, 42, 37]
[52, 10, 48, 8, 8, 47, 50]
[46, 36, 19, 25, 34, 28, 29]
[4, 13, 14, 30, 34, 49, 19]
[33, 20, 12, 37, 11, 11, 23]
[40, 31, 6, 5, 7, 26, 39]
[50, 31, 51, 47, 20, 51, 25]
[13, 4, 38, 32, 42, 8, 23]
[20, 30, 12, 24, 11, 22, 31]
[18, 24, 6, 13, 38, 33, 43]
[7, 35, 36, 15, 35, 41, 27]
[10, 48, 46, 13, 50, 25, 46]
[4, 44, 15, 6, 23, 52, 49]
[16, 51, 49, 33, 32, 11, 31]
[42, 19, 44, 50, 8, 37, 52]
[48, 31, 6, 49, 8, 21, 49]
[4, 27, 27, 22, 14, 12, 29]
[40, 25, 17, 18, 26, 48, 24]
[10, 43, 42, 21, 49, 25, 12]
[8, 45, 40, 38, 32, 48, 42]
[40, 23, 31, 20, 41, 37, 41]
[41, 52, 9, 27, 23, 18, 28]
[8, 8, 11, 27, 22, 36, 35]
[29, 14, 49, 39, 41, 48, 29]
[38, 33, 9, 26, 11, 16, 45]
[18, 8, 44, 8, 47, 40, 43]
[5, 46, 35, 51, 43, 4, 30]
[36, 38, 36, 46, 22, 17, 36]
[40, 6, 18, 22, 37, 49, 24]
[22, 50, 42, 17, 48, 8, 37]
[50, 28, 22, 30, 27, 14, 29]
[48, 17, 50, 7, 46, 10, 31]
[29, 41, 32, 39, 47, 7, 18]
[36, 29, 48, 14, 16, 9, 6]
[9, 36, 9, 19, 33, 11, 43]
[44, 5, 20, 28, 41, 5, 31]
[25, 11, 34, 23, 32, 34, 32]
[24, 43, 14, 5, 16, 50, 14]
[6, 5, 41, 30, 52, 14, 23]
[20, 13, 26, 41, 13, 42, 41]
[13, 43, 43, 21, 7, 11, 31]
[43, 20, 39, 48, 7, 28, 13]
[5, 44, 50, 37, 28, 50, 48]
[7, 36, 37, 42, 43, 45, 5]
[37, 17, 29, 20, 28, 4, 12]
[31, 44, 51, 46, 10, 27, 16]
[41, 47, 51, 19, 35, 50, 35]
[44, 42, 25, 14, 8, 9, 39]
[14, 20, 41, 5, 21, 38, 39]
[45, 15, 44, 28, 8, 42, 26]
[41, 44, 44, 19, 7, 43, 20]
[6, 17, 33, 51, 15, 10, 28]
[10, 43, 24, 43, 33, 20, 23]
[51, 49, 27, 17, 34, 9, 13]
[23, 36, 12, 51, 20, 42, 13]
[5, 47, 49, 5, 37, 48, 35]
[35, 24, 35, 17, 40, 35, 29]
[12, 52, 44, 35, 45, 38, 6]
[31, 25, 42, 27, 41, 7, 20]
[50, 30, 38, 47, 39, 16, 4]
[26, 14, 34, 12, 42, 31, 5]
[44, 11, 14, 48, 33, 5, 22]
[29, 37, 22, 47, 34, 52, 43]
[40, 28, 11, 47, 21, 32, 30]
[29, 10, 35, 44, 14, 19, 10]
[22, 21, 16, 8, 10, 4, 18]
[45, 33, 11, 4, 27, 44, 48]
[37, 18, 10, 26, 19, 40, 34]
[30, 14, 39, 48, 30, 26, 19]
[31, 17, 47, 7, 14, 6, 30]
[29, 26, 5, 52, 8, 33, 34]
[12, 27, 19, 40, 16, 38, 44]
[9, 40, 31, 42, 45, 34, 27]
[8, 45, 40, 36, 51, 34, 31]
[11, 7, 7, 50, 17, 9, 40]
[17, 36, 44, 11, 6, 15, 15]
[41, 46, 14, 11, 26, 51, 32]
[36, 12, 12, 42, 6, 40, 21]
[37, 48, 15, 46, 11, 39, 7]
[21, 31, 34, 19, 6, 36, 25]
[13, 39, 20, 30, 41, 37, 12]
[43, 37, 32, 34, 11, 41, 20]
[28, 6, 23, 8, 31, 29, 45]
[35, 22, 52, 35, 6, 21, 44]
[27, 40, 23, 41, 35, 45, 7]
[5, 46, 14, 13, 26, 17, 43]
[26, 25, 26, 40, 39, 52, 32]
[43, 22, 33, 25, 15, 4, 26]
[42, 29, 28, 49, 47, 27, 41]
[33, 14, 42, 48, 45, 43, 14]
[15, 47, 39, 40, 15, 20, 10]
[34, 20, 52, 39, 14, 21, 25]
[9, 8, 48, 12, 34, 11, 15]
[38, 32, 33, 38, 22, 18, 21]
[39, 35, 38, 49, 9, 32, 15]
[24, 47, 40, 36, 40, 6, 10]
[22, 4, 23, 45, 15, 41, 49]
[18, 6, 17, 28, 15, 31, 30]
[25, 40, 41, 29, 21, 24, 51]
[40, 34, 36, 25, 8, 40, 15]
[24, 10, 37, 30, 48, 29, 29]
[10, 43, 16, 7, 25, 20, 38]
[28, 5, 50, 35, 37, 49, 44]
[52, 5, 51, 40, 10, 7, 14]
[23, 38, 15, 35, 34, 22, 34]
[34, 29, 43, 6, 44, 4, 25]
[12, 29, 31, 51, 46, 16, 17]
[51, 21, 20, 25, 35, 24, 15]
[47, 14, 11, 28, 34, 50, 32]
[38, 5, 15, 24, 4, 41, 15]
[50, 16, 33, 17, 5, 31, 32]
[43, 8, 24, 31, 45, 31, 36]
[46, 34, 12, 52, 38, 4, 52]
[11, 14, 16, 41, 18, 49, 22]
[18, 38, 25, 7, 42, 50, 35]
[4, 18, 30, 51, 6, 26, 11]
[27, 28, 45, 21, 5, 19, 46]
[15, 24, 39, 6, 39, 50, 26]
[49, 30, 20, 17, 32, 48, 39]
[26, 20, 5, 20, 49, 22, 34]
[7, 31, 31, 27, 6, 52, 28]
[34, 5, 46, 14, 49, 24, 31]
[27, 6, 52, 19, 19, 24, 25]
[45, 27, 7, 16, 10, 43, 4]
[42, 38, 41, 9, 36, 50, 4]
[27, 22, 17, 27, 22, 5, 4]
[38, 18, 31, 36, 36, 14, 28]
[40, 7, 33, 18, 41, 29, 49]
[38, 34, 25, 51, 41, 42, 42]
[8, 12, 29, 37, 14, 31, 33]
[10, 11, 24, 33, 35, 52, 30]
[10, 10, 29, 4, 45, 17, 48]
[31, 19, 13, 23, 32, 36, 34]
[24, 21, 8, 33, 35, 40, 35]
[25, 4, 18, 26, 49, 17, 22]
[28, 16, 14, 27, 34, 23, 30]
[16, 38, 44, 31, 8, 49, 23]
[34, 18, 18, 7, 35, 15, 9]
[8, 25, 5, 46, 30, 4, 5]
[51, 7, 5, 46, 8, 49, 42]
[10, 39, 25, 7, 29, 46, 52]
[14, 28, 18, 32, 11, 47, 50]
[23, 39, 50, 17, 5, 10, 25]
[15, 50, 37, 52, 8, 30, 19]
[25, 45, 8, 43, 28, 22, 4]
[21, 17, 40, 7, 26, 32, 50]
[49, 25, 11, 6, 34, 31, 36]
[27, 31, 31, 39, 32, 45, 12]
[4, 23, 33, 43, 34, 31, 24]
[26, 37, 4, 16, 16, 26, 8]
[20, 15, 24, 14, 52, 15, 5]
[7, 11, 27, 40, 39, 46, 34]
[22, 8, 39, 7, 35, 42, 9]
[18, 40, 39, 25, 47, 13, 24]
[12, 35, 45, 29, 24, 26, 35]
[23, 35, 8, 40, 40, 21, 28]
[40, 23, 44, 20, 19, 17, 52]
[47, 20, 46, 24, 50, 37, 23]
[30, 36, 41, 13, 41, 49, 33]
[13, 7, 14, 47, 29, 34, 48]
[4, 49, 4, 35, 16, 41, 50]
[14, 34, 10, 30, 10, 33, 34]
[30, 14, 18, 18, 32, 26, 46]
[36, 19, 50, 52, 22, 19, 52]
[52, 28, 36, 39, 51, 51, 24]
[30, 46, 28, 16, 42, 16, 8]
[18, 21, 34, 27, 39, 50, 32]
[11, 19, 7, 49, 50, 37, 21]
[16, 27, 51, 49, 49, 24, 17]
[30, 22, 47, 46, 48, 33, 22]
[15, 22, 41, 48, 47, 28, 37]
[15, 51, 17, 6, 14, 17, 19]
[23, 35, 32, 22, 14, 33, 20]
[38, 4, 41, 14, 31, 38, 42]
[19, 8, 7, 13, 29, 13, 47]
[50, 35, 31, 19, 52, 16, 37]
[52, 15, 21, 11, 15, 49, 36]
[45, 42, 46, 30, 4, 36, 47]
[46, 28, 18, 28, 20, 11, 43]
[32, 19, 15, 15, 24, 43, 38]
[24, 15, 19, 41, 20, 7, 43]
[29, 13, 34, 11, 50, 39, 28]
[21, 14, 13, 43, 13, 18, 6]
[49, 26, 43, 35, 32, 21, 24]
[10, 26, 7, 30, 40, 38, 43]
[36, 10, 51, 30, 19, 21, 35]
[49, 39, 30, 12, 46, 12, 19]
[35, 4, 9, 13, 29, 25, 31]
[36, 11, 34, 9, 29, 41, 24]
[10, 6, 11, 32, 26, 30, 15]
[38, 15, 5, 18, 11, 32, 14]
[14, 7, 17, 42, 39, 16, 40]
[15, 32, 7, 47, 10, 16, 13]
[10, 35, 28, 8, 13, 8, 50]
[4, 42, 39, 51, 44, 15, 6]
[13, 7, 18, 10, 21, 52, 20]
[9, 43, 19, 35, 49, 45, 19]
[29, 19, 33, 21, 36, 12, 11]
[22, 36, 5, 36, 37, 22, 17]
[40, 38, 37, 21, 27, 18, 40]
[45, 9, 45, 28, 19, 35, 45]
[47, 12, 49, 9, 6, 39, 35]
[12, 16, 43, 37, 8, 12, 4]
[29, 21, 9, 42, 44, 22, 25]
[32, 24, 16, 8, 48, 20, 26]
[40, 13, 45, 11, 36, 36, 8]
[12, 32, 33, 43, 52, 22, 33]
[36, 14, 34, 13, 15, 8, 41]
[26, 19, 33, 15, 30, 9, 19]
[44, 10, 21, 41, 14, 25, 51]
[10, 26, 24, 50, 28, 27, 30]
[48, 49, 44, 22, 32, 49, 44]
[29, 48, 25, 47, 29, 45, 11]
[7, 51, 38, 28, 14, 26, 34]
[15, 11, 40, 46, 4, 33, 49]
[34, 10, 42, 20, 15, 29, 48]
[10, 11, 31, 8, 20, 37, 40]
[46, 15, 22, 38, 46, 31, 19]
[34, 12, 45, 50, 5, 19, 29]
[27, 12, 28, 23, 13, 38, 14]
[51, 9, 36, 24, 38, 13, 14]
[21, 30, 35, 50, 35, 16, 29]
[27, 40, 11, 40, 35, 28, 30]
[27, 5, 46, 27, 10, 33, 10]
[28, 21, 26, 12, 20, 44, 44]
[16, 39, 17, 11, 23, 9, 50]
[39, 5, 46, 19, 34, 35, 28]
[44, 37, 27, 28, 40, 4, 10]
[12, 48, 11, 49, 14, 7, 12]
[40, 28, 15, 20, 21, 16, 32]
[5, 50, 44, 36, 46, 27, 38]
[13, 51, 22, 49, 27, 36, 22]
[32, 37, 43, 23, 10, 45, 46]
[42, 41, 9, 10, 48, 15, 16]
[31, 32, 36, 36, 26, 12, 11]
[16, 30, 50, 12, 32, 12, 40]
[17, 19, 29, 43, 17, 19, 16]
[19, 41, 42, 40, 50, 29, 34]
[50, 37, 46, 34, 27, 6, 43]
[48, 9, 27, 46, 25, 21, 51]
[22, 40, 7, 5, 21, 15, 20]
[5, 17, 48, 41, 33, 48, 47]
[16, 49, 44, 19, 29, 50, 33]
[27, 10, 11, 45, 43, 45, 46]
[16, 17, 26, 34, 21, 46, 32]
[26, 37, 40, 34, 15, 48, 44]
[17, 51, 31, 5, 11, 5, 43]
[29, 51, 38, 29, 30, 42, 30]
[5, 45, 25, 8, 7, 13, 34]
[28, 7, 48, 11, 45, 12, 6]
[28, 33, 20, 52, 6, 46, 48]
[50, 47, 39, 22, 38, 26, 10]
[5, 27, 8, 49, 21, 29, 29]
[6, 48, 34, 23, 10, 15, 17]
[42, 45, 37, 25, 44, 6, 6]
[46, 41, 48, 50, 20, 4, 50]
[46, 44, 25, 16, 52, 30, 52]
[24, 47, 32, 13, 25, 8, 43]
[49, 25, 20, 29, 40, 5, 27]
[24, 42, 52, 24, 36, 33, 12]
[19, 16, 15, 10, 4, 22, 43]
[40, 38, 19, 15, 14, 39, 35]
[20, 41, 30, 13, 17, 16, 34]
[4, 41, 34, 24, 28, 48, 48]
[35, 46, 37, 31, 34, 39, 45]
[50, 14, 20, 17, 34, 52, 29]
[14, 27, 29, 30, 36, 42, 45]
[4, 23, 46, 36, 47, 24, 36]
[6, 49, 28, 19, 51, 21, 30]
[51, 33, 22, 36, 26, 27, 12]
[13, 39, 34, 46, 45, 7, 44]
[52, 28, 26, 9, 42, 44, 17]
[30, 15, 43, 14, 51, 51, 8]
[38, 8, 5, 20, 25, 9, 44]
[49, 7, 24, 15, 12, 11, 38]
[14, 31, 24, 32, 22, 32, 28]
[16, 22, 26, 8, 23, 15, 23]
[8, 48, 11, 52, 22, 8, 47]
[9, 15, 27, 24, 34, 6, 27]
[11, 40, 36, 25, 42, 41, 51]
[8, 38, 33, 38, 18, 33, 40]
[18, 10, 39, 34, 47, 31, 49]
[35, 18, 23, 19, 7, 8, 44]
[51, 38, 39, 34, 32, 35, 14]
[29, 24, 16, 18, 49, 20, 28]
[51, 37, 30, 50, 41, 7, 33]
[24, 20, 45, 9, 35, 52, 12]
[20, 15, 24, 17, 18, 8, 27]
[22, 47, 29, 49, 15, 9, 23]
[28, 40, 37, 52, 52, 30, 40]
[41, 41, 21, 13, 35, 35, 7]
[17, 31, 52, 41, 39, 5, 24]
[35, 17, 44, 44, 32, 21, 7]
[45, 9, 51, 10, 26, 50, 8]
[18, 48, 8, 26, 10, 9, 35]
[46, 28, 18, 4, 40, 37, 28]
[5, 23, 29, 48, 4, 35, 34]
[38, 50, 52, 23, 25, 40, 41]
[9, 35, 47, 17, 13, 34, 21]
[32, 50, 6, 15, 12, 29, 36]
[10, 38, 48, 26, 36, 48, 17]
[28, 48, 6, 36, 18, 51, 19]
[42, 27, 40, 43, 38, 11, 12]
[13, 19, 29, 39, 9, 52, 18]
[51, 29, 4, 38, 43, 31, 49]
[4, 51, 35, 38, 46, 28, 10]
[31, 28, 49, 10, 39, 11, 40]
[19, 31, 46, 12, 6, 33, 40]
[18, 32, 52, 37, 30, 39, 43]
[39, 19, 15, 7, 17, 39, 23]
[39, 19, 26, 9, 31, 4, 15]
[20, 42, 31, 19, 27, 23, 24]
[21, 47, 24, 27, 43, 16, 48]
[26, 34, 36, 49, 46, 44, 20]
[26, 27, 21, 16, 40, 8, 13]
[19, 46, 13, 43, 25, 43, 6]
[51, 16, 11, 42, 36, 16, 23]
[26, 37, 5, 47, 44, 4, 31]
[8, 30, 22, 38, 37, 28, 4]
[19, 21, 28, 49, 28, 36, 39]
[49, 12, 32, 31, 12, 41, 7]
[22, 43, 35, 50, 36, 36, 50]
[8, 19, 20, 26, 20, 18, 52]
[44, 49, 20, 45, 14, 4, 4]
[16, 27, 51, 16, 38, 40, 31]
[45, 40, 27, 8, 29, 42, 19]
[19, 10, 49, 17, 5, 27, 31]
[30, 7, 18, 16, 36, 41, 29]
[27, 32, 36, 19, 34, 19, 13]
[32, 46, 48, 14, 7, 5, 51]
[41, 39, 13, 18, 19, 35, 13]
[8, 32, 42, 21, 4, 8, 24]
[45, 29, 49, 17, 28, 4, 15]
[8, 52, 22, 31, 45, 40, 6]
[22, 5, 42, 28, 8, 38, 44]
[41, 7, 52, 34, 52, 33, 15]
[36, 33, 17, 51, 5, 16, 36]
[12, 15, 51, 29, 52, 47, 21]
[42, 15, 33, 39, 38, 44, 17]
[4, 11, 34, 34, 22, 47, 34]
[34, 9, 8, 40, 39, 43, 22]
[29, 34, 10, 30, 27, 47, 13]
[5, 20, 35, 10, 36, 25, 5]
[46, 13, 30, 33, 13, 5, 24]
[25, 28, 15, 33, 52, 10, 48]
[50, 5, 11, 28, 14, 10, 50]
[49, 48, 52, 30, 26, 26, 21]
[52, 22, 49, 46, 16, 31, 7]
[10, 42, 41, 12, 22, 33, 41]
[47, 9, 5, 10, 30, 23, 49]
[14, 41, 22, 19, 8, 42, 28]
[43, 6, 12, 23, 34, 24, 40]
[31, 25, 46, 15, 52, 25, 15]
[39, 29, 15, 52, 19, 15, 25]
[17, 6, 11, 19, 20, 22, 25]
[13, 42, 29, 22, 26, 47, 12]
[36, 9, 50, 33, 35, 38, 43]
[5, 13, 9, 24, 28, 16, 37]
[24, 6, 30, 7, 36, 35, 5]
[23, 6, 9, 42, 47, 45, 11]
[52, 27, 51, 26, 29, 38, 41]
[31, 18, 20, 29, 49, 29, 34]
[30, 15, 10, 35, 44, 40, 27]
[25, 4, 40, 34, 12, 36, 50]
[6, 51, 52, 18, 21, 6, 32]
[10, 14, 5, 14, 32, 8, 44]
[33, 42, 36, 23, 29, 24, 51]
[12, 27, 40, 34, 41, 24, 7]
[35, 47, 5, 38, 37, 6, 48]
[32, 5, 43, 34, 19, 17, 24]
[35, 36, 15, 39, 29, 12, 28]
[44, 40, 4, 31, 4, 48, 13]
[24, 32, 28, 52, 31, 23, 42]
[18, 44, 9, 8, 13, 40, 19]
[14, 18, 30, 39, 35, 31, 20]
[26, 17, 49, 42, 52, 17, 21]
[39, 17, 21, 15, 45, 9, 13]
[43, 20, 34, 7, 33, 18, 45]
[12, 47, 31, 11, 40, 46, 12]
[46, 25, 14, 20, 27, 47, 35]
[26, 13, 5, 30, 51, 37, 31]
[26, 14, 43, 5, 12, 18, 51]
[11, 49, 39, 37, 48, 13, 20]
[7, 10, 43, 15, 30, 14, 4]
[7, 29, 39, 24, 9, 33, 33]
[37, 50, 8, 39, 42, 5, 37]
[31, 34, 6, 28, 11, 23, 50]
[32, 12, 12, 45, 12, 47, 39]
[45, 14, 13, 49, 42, 10, 8]
[37, 16, 10, 34, 21, 41, 30]
[42, 41, 16, 6, 40, 8, 22]
[5, 7, 46, 11, 51, 39, 42]
[51, 34, 22, 29, 7, 10, 16]
[47, 29, 13, 49, 50, 7, 38]
[37, 26, 42, 29, 9, 26, 4]
[32, 44, 27, 37, 27, 7, 9]
[28, 4, 49, 13, 37, 13, 43]
[50, 20, 13, 40, 13, 30, 4]
[9, 31, 42, 5, 12, 49, 10]
[17, 34, 51, 13, 15, 47, 11]
[23, 20, 32, 29, 17, 7, 12]
[51, 18, 17, 48, 47, 47, 22]
[34, 4, 13, 13, 37, 12, 49]
[40, 11, 45, 45, 7, 35, 43]
[33, 30, 45, 8, 34, 37, 33]
[5, 26, 12, 41, 13, 37, 27]
[7, 17, 27, 51, 43, 48, 41]
[9, 33, 47, 48, 8, 7, 7]
[42, 39, 12, 33, 46, 16, 46]
[7, 11, 6, 49, 48, 35, 35]
[24, 35, 10, 35, 19, 38, 6]
[48, 40, 33, 36, 25, 44, 7]
[41, 26, 19, 42, 8, 34, 26]
[24, 52, 20, 8, 46, 38, 16]
[33, 37, 8, 32, 40, 19, 16]
[14, 7, 20, 26, 22, 25, 11]
[8, 11, 43, 42, 27, 15, 12]
[20, 33, 41, 44, 36, 31, 22]
[33, 36, 25, 7, 43, 39, 38]
[32, 49, 37, 31, 9, 15, 36]
[47, 11, 12, 35, 20, 11, 36]
[39, 38, 15, 23, 12, 51, 52]
[4, 46, 25, 46, 47, 30, 38]
[44, 50, 13, 46, 5, 21, 6]
[47, 11, 42, 30, 10, 12, 8]
[16, 15, 47, 44, 39, 28, 25]
[39, 34, 42, 36, 48, 23, 14]
[43, 15, 14, 43, 34, 33, 45]
[49, 11, 29, 10, 47, 40, 10]
[48, 21, 29, 29, 6, 47, 25]
[45, 23, 14, 29, 17, 23, 9]
[25, 8, 19, 15, 33, 39, 28]
[38, 33, 32, 45, 33, 26, 8]
[20, 18, 38, 27, 9, 51, 44]
[36, 47, 35, 18, 31, 43, 40]
[16, 27, 49, 41, 33, 18, 29]
[51, 14, 32, 9, 24, 17, 22]
[50, 9, 31, 39, 48, 17, 7]
[12, 8, 8, 48, 41, 52, 22]
[29, 50, 12, 47, 13, 52, 16]
[23, 28, 19, 50, 43, 26, 48]
[22, 11, 47, 46, 8, 51, 28]
[37, 18, 4, 39, 31, 18, 34]
[23, 42, 9, 23, 31, 17, 15]
[16, 19, 38, 49, 13, 8, 5]
[11, 25, 16, 49, 41, 12, 10]
[23, 35, 52, 24, 5, 23, 18]
[5, 16, 43, 35, 21, 46, 51]
[47, 18, 4, 14, 31, 20, 19]
[12, 21, 33, 45, 39, 12, 35]
[24, 21, 14, 29, 26, 35, 9]
[37, 28, 43, 9, 41, 31, 20]
[39, 41, 22, 8, 4, 33, 9]
[33, 42, 49, 50, 45, 34, 47]
[27, 10, 30, 9, 13, 44, 16]
[25, 21, 8, 15, 4, 7, 11]
[7, 28, 48, 38, 16, 7, 31]
[14, 49, 48, 44, 4, 10, 8]
[45, 34, 37, 13, 13, 13, 7]
[7, 17, 22, 20, 18, 13, 6]
[48, 11, 17, 40, 51, 40, 23]
[28, 51, 37, 39, 52, 23, 21]
[24, 12, 21, 15, 29, 45, 44]
[21, 24, 22, 43, 4, 12, 49]
[16, 19, 52, 32, 29, 38, 24]
[34, 10, 20, 13, 46, 48, 35]
[35, 17, 23, 30, 51, 50, 48]
[23, 20, 24, 47, 29, 35, 25]
[12, 50, 23, 36, 45, 33, 44]
[42, 33, 36, 8, 13, 16, 11]
[21, 5, 47, 36, 14, 5, 47]
[35, 19, 38, 24, 4, 8, 16]
[41, 50, 19, 43, 27, 25, 43]
[36, 19, 22, 31, 18, 43, 29]
[6, 23, 36, 47, 26, 35, 43]
[19, 33, 17, 52, 47, 12, 10]
[48, 21, 38, 22, 46, 41, 38]
[23, 14, 40, 46, 20, 43, 30]
[52, 31, 47, 25, 6, 44, 20]
[20, 22, 50, 44, 36, 8, 37]
[4, 38, 37, 52, 43, 15, 48]
[26, 25, 32, 14, 16, 40, 36]
[20, 51, 36, 48, 31, 25, 49]
[34, 45, 26, 9, 37, 48, 13]
[29, 42, 45, 40, 17, 34, 15]
[23, 37, 11, 44, 34, 46, 25]
[52, 45, 6, 5, 50, 20, 32]
[26, 35, 17, 18, 4, 17, 21]
[18, 42, 35, 23, 52, 29, 42]
[39, 27, 34, 27, 22, 33, 49]
[14, 16, 39, 4, 17, 46, 14]
[34, 15, 46, 18, 29, 35, 7]
[19, 24, 22, 48, 22, 15, 9]
[51, 10, 18, 31, 50, 35, 21]
[33, 47, 25, 48, 41, 36, 49]
[25, 4, 16, 32, 41, 8, 43]
[19, 38, 7, 29, 35, 32, 45]
[28, 42, 28, 19, 23, 30, 49]
[8, 22, 34, 32, 28, 27, 24]
[42, 10, 9, 20, 5, 19, 32]
[28, 6, 16, 39, 25, 19, 40]
[21, 52, 48, 15, 9, 32, 10]
[40, 52, 50, 20, 45, 5, 45]
[23, 48, 25, 7, 51, 19, 14]
[39, 25, 43, 48, 18, 22, 46]
[18, 5, 8, 19, 37, 21, 12]
[29, 5, 49, 50, 34, 20, 16]
[11, 26, 38, 17, 14, 46, 25]
[32, 47, 19, 25, 18, 17, 44]
[17, 11, 12, 15, 37, 16, 45]
[16, 15, 19, 31, 29, 20, 27]
[41, 9, 11, 30, 17, 50, 51]
[38, 9, 7, 16, 48, 44, 50]
[39, 25, 34, 27, 39, 11, 47]
[5, 52, 30, 9, 27, 22, 17]
[52, 24, 13, 6, 9, 15, 47]
[28, 44, 48, 17, 40, 48, 50]
[47, 50, 32, 21, 31, 6, 50]
[51, 45, 8, 5, 38, 36, 13]
[51, 51, 16, 49, 37, 23, 36]
[9, 40, 33, 17, 31, 18, 40]
[36, 29, 46, 5, 8, 36, 16]
[34, 45, 10, 33, 37, 45, 38]
[35, 7, 22, 17, 50, 8, 47]
[46, 43, 25, 46, 17, 6, 27]
[46, 38, 34, 6, 13, 6, 14]
[15, 38, 19, 21, 32, 6, 7]
[32, 43, 7, 14, 7, 37, 27]
[41, 30, 12, 31, 45, 51, 27]
[13, 23, 20, 11, 24, 34, 29]
[10, 33, 47, 51, 18, 14, 36]
[48, 24, 24, 30, 37, 49, 48]
[15, 10, 20, 12, 51, 10, 15]
[9, 32, 31, 11, 16, 31, 39]
[14, 20, 46, 9, 20, 24, 11]
[15, 40, 24, 40, 50, 18, 18]
[36, 23, 23, 8, 21, 49, 16]
[9, 47, 26, 18, 24, 8, 14]
[11, 37, 7, 28, 38, 5, 14]
[25, 49, 7, 47, 43, 33, 6]
[27, 51, 36, 48, 4, 27, 38]
[24, 31, 7, 35, 14, 32, 23]
[52, 27, 40, 40, 49, 18, 37]
[8, 9, 28, 49, 42, 31, 17]
[12, 6, 46, 7, 21, 47, 45]
[46, 48, 43, 24, 48, 13, 36]
[11, 30, 29, 24, 26, 52, 25]
[42, 15, 7, 28, 44, 51, 25]
[47, 22, 29, 20, 42, 48, 8]
[47, 52, 38, 24, 22, 47, 18]
[45, 46, 14, 20, 38, 44, 18]
[21, 19, 45, 4, 33, 45, 12]
[49, 40, 38, 15, 9, 32, 39]
[22, 29, 50, 12, 6, 12, 16]
[40, 17, 18, 35, 9, 50, 52]
[43, 13, 22, 25, 17, 4, 18]
[49, 32, 6, 50, 11, 13, 29]
[48, 31, 46, 48, 5, 49, 52]
[24, 49, 52, 34, 18, 4, 7]
[11, 28, 45, 4, 42, 41, 49]
[39, 49, 40, 36, 27, 21, 48]
[29, 41, 39, 44, 38, 46, 19]
[6, 34, 50, 42, 31, 22, 31]
[17, 47, 8, 26, 6, 35, 14]
[33, 35, 12, 26, 50, 34, 41]
[42, 38, 7, 20, 50, 18, 32]
[13, 29, 10, 34, 48, 12, 39]
[27, 27, 8, 13, 38, 32, 9]
[34, 28, 43, 12, 48, 10, 23]
[20, 14, 46, 41, 43, 19, 19]
[7, 4, 12, 7, 43, 4, 12]
[39, 9, 14, 51, 40, 51, 52]
[51, 48, 31, 19, 18, 43, 45]
[21, 29, 32, 29, 21, 47, 26]
[21, 33, 19, 10, 42, 20, 13]
[14, 32, 42, 26, 21, 38, 49]
[20, 36, 31, 52, 44, 22, 31]
[6, 9, 46, 51, 19, 40, 16]
[27, 11, 10, 42, 51, 45, 33]
[14, 43, 42, 37, 51, 29, 4]
[20, 14, 21, 20, 32, 21, 20]
[49, 34, 36, 28, 41, 14, 49]
[40, 44, 20, 29, 4, 23, 33]
[19, 15, 23, 14, 13, 28, 51]
[17, 51, 50, 29, 34, 28, 12]
[50, 6, 10, 36, 35, 48, 8]
[9, 40, 32, 6, 4, 44, 33]
[12, 16, 49, 6, 8, 44, 49]
[10, 11, 37, 16, 43, 4, 40]
[6, 47, 23, 16, 15, 37, 39]
[9, 20, 42, 20, 41, 23, 40]
[26, 29, 4, 7, 5, 42, 31]
[30, 42, 17, 43, 24, 32, 43]
[41, 43, 25, 34, 30, 40, 19]
[11, 23, 52, 25, 4, 10, 48]
[45, 31, 8, 49, 46, 37, 22]
[10, 22, 37, 12, 35, 11, 34]
[27, 40, 11, 51, 5, 48, 21]
[17, 39, 29, 5, 5, 28, 38]
[27, 18, 39, 32, 7, 51, 13]
[40, 44, 41, 14, 6, 9, 32]
[51, 38, 38, 15, 29, 39, 24]
[9, 23, 31, 46, 30, 10, 30]
[37, 10, 33, 31, 25, 20, 10]
[23, 50, 4, 14, 27, 12, 24]
[39, 44, 24, 45, 24, 15, 43]
[29, 31, 52, 12, 41, 19, 22]
[27, 24, 34, 7, 44, 4, 6]
[6, 44, 41, 45, 19, 43, 34]
[27, 7, 10, 10, 37, 30, 11]
[18, 52, 50, 44, 40, 34, 46]
[13, 45, 46, 39, 48, 20, 30]
[43, 33, 10, 9, 20, 49, 6]
[51, 26, 4, 22, 38, 29, 17]
[30, 46, 20, 52, 47, 19, 17]
[19, 12, 51, 26, 23, 28, 29]
[42, 24, 4, 10, 45, 4, 30]
[14, 44, 5, 43, 24, 22, 52]
[8, 36, 42, 46, 44, 15, 40]
[36, 8, 41, 21, 28, 22, 33]
[11, 13, 51, 47, 34, 28, 14]
[42, 39, 25, 37, 48, 47, 19]
[14, 19, 31, 17, 36, 34, 23]
[48, 12, 29, 45, 42, 26, 21]
[7, 19, 30, 32, 6, 38, 29]
[33, 16, 50, 18, 29, 51, 37]
[14, 39, 29, 30, 45, 6, 29]
[20, 23, 39, 9, 40, 21, 5]
[26, 35, 47, 6, 13, 8, 7]
[13, 25, 41, 21, 49, 26, 25]
[33, 23, 41, 23, 11, 23, 40]
[26, 35, 40, 48, 49, 33, 5]
[36, 6, 16, 41, 10, 8, 16]
[31, 4, 49, 37, 45, 41, 11]
[34, 41, 50, 38, 10, 33, 18]
[42, 13, 51, 45, 35, 11, 12]
[46, 46, 13, 35, 13, 49, 9]
[4, 46, 33, 11, 46, 6, 50]
[47, 17, 46, 13, 28, 25, 47]
[20, 14, 41, 20, 35, 44, 35]
[13, 17, 30, 5, 13, 33, 15]
[41, 44, 14, 41, 30, 15, 47]
[15, 12, 35, 6, 31, 17, 43]
[5, 31, 26, 45, 21, 43, 34]
[49, 33, 20, 27, 18, 11, 15]
[38, 15, 35, 16, 18, 49, 13]
[8, 38, 7, 20, 20, 48, 18]
[9, 52, 44, 23, 22, 45, 42]
[31, 44, 47, 35, 50, 52, 8]
[28, 51, 46, 22, 31, 27, 28]
[12, 22, 43, 37, 25, 35, 38]
[36, 52, 48, 33, 45, 24, 16]
[17, 28, 26, 25, 44, 36, 49]
[9, 22, 45, 33, 28, 50, 28]
[4, 5, 30, 37, 39, 20, 24]
[9, 52, 34, 28, 5, 13, 29]
[36, 44, 38, 47, 48, 38, 40]
[8, 30, 20, 22, 50, 14, 9]
[16, 20, 13, 30, 14, 40, 30]
[8, 24, 10, 52, 28, 25, 37]
[39, 36, 33, 25, 21, 32, 51]
[29, 34, 19, 49, 22, 16, 8]
[49, 49, 45, 16, 7, 32, 50]
[26, 23, 45, 18, 52, 46, 8]
[52, 23, 52, 6, 48, 50, 22]
[23, 11, 51, 18, 8, 5, 31]
[19, 51, 4, 25, 13, 44, 48]
[18, 44, 29, 16, 5, 10, 19]
[18, 36, 15, 40, 7, 38, 28]
[18, 50, 29, 27, 19, 28, 51]
[49, 9, 27, 17, 39, 46, 36]
[12, 11, 28, 45, 37, 5, 7]
[35, 8, 12, 40, 9, 40, 16]
[10, 32, 10, 19, 19, 30, 41]
[9, 16, 41, 13, 28, 35, 24]
[38, 20, 52, 25, 29, 32, 42]
[10, 7, 49, 33, 45, 22, 16]
[52, 39, 25, 37, 13, 28, 23]
[51, 52, 43, 47, 38, 46, 49]
[39, 15, 32, 29, 27, 42, 33]
[10, 42, 25, 25, 42, 36, 37]
[33, 46, 42, 33, 13, 11, 41]
[43, 16, 38, 26, 31, 11, 25]
[4, 47, 26, 5, 18, 31, 32]
[27, 31, 35, 46, 27, 48, 37]
[35, 7, 27, 35, 30, 24, 25]
[46, 34, 38, 27, 52, 45, 39]
[32, 13, 47, 39, 52, 48, 42]
[24, 41, 34, 16, 4, 35, 17]
[18, 12, 45, 25, 41, 47, 24]
[23, 20, 37, 45, 6, 23, 52]
[18, 8, 20, 27, 13, 29, 41]
[38, 14, 14, 47, 29, 35, 33]
[4, 31, 22, 11, 33, 43, 43]
[6, 34, 39, 7, 16, 41, 20]
[20, 20, 51, 17, 16, 10, 41]
[37, 5, 29, 12, 25, 30, 17]
[50, 38, 34, 46, 12, 26, 35]
[14, 46, 44, 37, 24, 24, 40]
[13, 14, 38, 9, 17, 6, 31]
[16, 43, 20, 36, 7, 40, 4]
[18, 51, 48, 24, 24, 21, 18]
[43, 28, 22, 8, 8, 10, 41]
[14, 18, 36, 52, 18, 23, 33]
[30, 9, 35, 50, 5, 37, 25]
[32, 22, 41, 50, 51, 26, 19]
[48, 39, 27, 4, 13, 35, 24]
[16, 26, 50, 21, 4, 16, 35]
[48, 27, 28, 36, 35, 20, 8]
[51, 45, 45, 52, 44, 32, 17]
[8, 4, 44, 5, 9, 20, 32]
[10, 52, 34, 5, 48, 9, 47]
[17, 18, 9, 45, 9, 20, 21]
[37, 27, 26, 39, 33, 28, 10]
[24, 24, 40, 40, 45, 46, 32]
[42, 37, 31, 20, 13, 47, 17]
[19, 27, 40, 27, 52, 10, 25]
[35, 36, 23, 51, 24, 44, 42]
[19, 4, 6, 10, 15, 47, 6]
[39, 24, 15, 12, 41, 7, 41]
[12, 32, 7, 5, 46, 51, 10]
[9, 39, 9, 33, 50, 30, 24]
[46, 28, 10, 4, 33, 31, 18]
[45, 17, 9, 44, 29, 52, 5]
[13, 34, 31, 42, 19, 29, 42]
[20, 21, 35, 12, 51, 10, 11]
[17, 26, 49, 6, 15, 22, 39]
[37, 6, 21, 41, 33, 35, 33]
[8, 44, 16, 37, 10, 33, 43]
[5, 36, 6, 46, 32, 37, 30]
[31, 16, 43, 20, 28, 24, 26]
[36, 42, 39, 38, 22, 42, 24]
[8, 13, 34, 12, 35, 37, 39]
[51, 51, 41, 28, 15, 41, 35]
[48, 13, 6, 27, 15, 44, 24]
[28, 10, 32, 11, 50, 36, 8]
[4, 46, 41, 23, 40, 37, 34]
[48, 18, 42, 16, 44, 43, 33]
[28, 11, 29, 25, 36, 10, 10]
[16, 5, 31, 39, 14, 19, 13]
[11, 33, 22, 48, 11, 35, 25]
[5, 17, 26, 5, 33, 34, 40]
[43, 33, 42, 5, 25, 38, 38]
[37, 48, 36, 52, 17, 28, 39]
[39, 31, 51, 28, 5, 15, 6]
[23, 29, 30, 49, 6, 14, 26]
[27, 10, 5, 50, 14, 34, 49]
[46, 10, 15, 44, 10, 16, 9]
[34, 4, 36, 47, 8, 37, 46]
[30, 7, 52, 18, 26, 46, 19]
[40, 40, 5, 50, 16, 36, 47]
[6, 49, 27, 24, 14, 11, 37]
[35, 16, 6, 44, 42, 18, 10]
[44, 13, 36, 12, 25, 32, 13]
[33, 8, 17, 47, 39, 26, 11]
[17, 26, 28, 42, 46, 34, 40]
[20, 50, 47, 45, 48, 12, 20]
[37, 11, 50, 44, 43, 21, 16]
[17, 14, 46, 38, 36, 49, 12]
[51, 44, 39, 9, 39, 16, 21]
[6, 10, 11, 33, 44, 49, 51]
[13, 8, 28, 13, 39, 26, 49]
[25, 52, 17, 33, 49, 30, 51]
[16, 36, 30, 5, 16, 52, 28]
[32, 32, 16, 10, 33, 13, 13]
[9, 15, 25, 7, 36, 9, 35]
[18, 41, 23, 45, 43, 25, 45]
[21, 21, 14, 24, 18, 18, 51]
[29, 7, 23, 27, 51, 45, 48]
[7, 5, 33, 19, 26, 37, 34]
[35, 25, 16, 51, 15, 49, 22]
[11, 18, 37, 48, 24, 18, 13]
[36, 13, 34, 5, 24, 11, 21]
[30, 43, 27, 9, 32, 40, 39]
[36, 29, 7, 9, 12, 34, 9]
[35, 41, 20, 44, 19, 34, 47]
[40, 27, 42, 16, 50, 40, 14]
[49, 11, 35, 49, 34, 50, 13]
[47, 15, 25, 10, 31, 27, 15]
[39, 44, 49, 13, 47, 22, 30]
[16, 22, 14, 43, 25, 21, 12]
[29, 9, 30, 9, 21, 21, 47]
[48, 23, 25, 24, 51, 10, 29]
[11, 19, 51, 37, 44, 36, 18]
[24, 24, 43, 36, 16, 40, 41]
[9, 28, 24, 42, 22, 25, 30]
[45, 26, 41, 21, 35, 25, 49]
[13, 4, 40, 10, 18, 27, 29]
[42, 10, 47, 47, 27, 9, 27]
[22, 22, 27, 4, 52, 43, 11]
[46, 46, 8, 21, 30, 29, 18]
[16, 17, 26, 41, 15, 28, 22]
[46, 26, 23, 32, 33, 13, 4]
[16, 19, 20, 40, 39, 21, 37]
[33, 50, 40, 9, 43, 49, 11]
[7, 36, 44, 7, 28, 29, 39]
[29, 15, 43, 26, 23, 23, 44]
[19, 32, 27, 47, 20, 44, 45]
[29, 31, 50, 38, 37, 12, 30]
[42, 20, 7, 14, 47, 10, 51]
[42, 51, 15, 19, 44, 47, 6]
[52, 33, 5, 4, 5, 19, 51]
[17, 26, 34, 50, 25, 11, 6]
[16, 20, 19, 31, 17, 9, 14]
[34, 44, 34, 39, 5, 27, 21]
[49, 37, 21, 6, 8, 43, 34]
[24, 43, 4, 32, 20, 15, 47]
[52, 7, 9, 35, 33, 5, 38]
[38, 4, 28, 51, 44, 49, 13]
[18, 37, 7, 12, 17, 21, 8]
[29, 36, 21, 36, 47, 10, 50]
[39, 23, 28, 25, 43, 10, 26]
[17, 8, 30, 8, 26, 7, 38]
[17, 26, 17, 7, 27, 29, 19]
[10, 27, 14, 15, 23, 31, 19]
[34, 25, 8, 50, 47, 19, 36]
[43, 28, 35, 43, 17, 5, 42]
[20, 9, 42, 25, 45, 9, 10]
[38, 21, 23, 14, 41, 49, 48]
[11, 41, 6, 36, 35, 23, 7]
[22, 22, 17, 49, 11, 8, 19]
[52, 8, 45, 37, 40, 4, 32]
[8, 6, 34, 16, 48, 18, 18]
[13, 48, 15, 18, 52, 48, 17]
[21, 38, 8, 11, 26, 39, 30]
[7, 21, 21, 41, 38, 39, 46]
[17, 31, 52, 37, 36, 29, 22]
[9, 38, 23, 21, 46, 36, 16]
[11, 13, 50, 47, 33, 39, 28]
[50, 37, 41, 10, 50, 19, 40]
[6, 48, 28, 42, 52, 29, 36]
[37, 32, 30, 35, 39, 5, 25]
[8, 41, 52, 50, 43, 31, 17]
[6, 36, 49, 33, 27, 40, 23]
[48, 33, 30, 4, 52, 5, 47]
[22, 45, 4, 48, 15, 25, 21]
[40, 49, 10, 52, 50, 28, 31]
[48, 48, 43, 38, 8, 50, 22]
[43, 14, 8, 29, 11, 7, 19]
[29, 36, 13, 22, 23, 26, 22]
[44, 31, 7, 6, 30, 39, 52]
[52, 36, 52, 44, 12, 41, 22]
[9, 30, 47, 26, 24, 50, 11]
[39, 40, 5, 11, 20, 35, 46]
[34, 5, 30, 45, 36, 29, 15]
[45, 10, 24, 48, 19, 4, 48]
[31, 28, 46, 25, 27, 12, 29]
[27, 26, 6, 4, 51, 25, 13]
[34, 10, 6, 40, 22, 17, 5]
[26, 44, 13, 41, 5, 43, 47]
[23, 29, 10, 40, 11, 12, 31]
[15, 8, 34, 48, 50, 24, 38]
[5, 20, 41, 4, 52, 13, 28]
[36, 41, 35, 14, 40, 11, 43]
[38, 34, 36, 16, 43, 16, 4]
[43, 46, 30, 14, 8, 46, 32]
[49, 28, 23, 30, 14, 39, 9]
[39, 22, 18, 16, 47, 6, 35]
[18, 20, 7, 24, 32, 29, 22]
[38, 14, 24, 37, 44, 23, 9]
[38, 30, 39, 11, 23, 34, 39]
[13, 38, 35, 22, 44, 9, 15]
[13, 30, 11, 16, 45, 24, 52]
[28, 44, 37, 24, 38, 18, 13]
[36, 37, 49, 27, 24, 30, 34]
[47, 28, 44, 4, 42, 48, 9]
[24, 33, 14, 10, 24, 48, 14]
[38, 45, 12, 6, 40, 52, 23]
[20, 15, 44, 33, 24, 18, 26]
[38, 42, 7, 7, 28, 33, 30]
[28, 45, 21, 17, 22, 45, 35]
[23, 41, 25, 26, 32, 26, 39]
[4, 12, 31, 37, 35, 20, 11]
[40, 48, 10, 48, 21, 50, 45]
[4, 38, 32, 21, 24, 29, 6]
[42, 51, 26, 24, 10, 21, 41]
[34, 38, 29, 45, 23, 22, 33]
[38, 30, 6, 22, 37, 19, 45]
[9, 8, 27, 37, 12, 18, 11]
[14, 38, 13, 21, 15, 16, 9]
[21, 38, 45, 44, 33, 36, 46]
[31, 22, 28, 29, 40, 14, 40]
[13, 11, 21, 23, 15, 39, 26]
[9, 37, 7, 45, 25, 52, 5]
[33, 32, 45, 4, 6, 8, 10]
[19, 24, 19, 28, 44, 20, 37]
[42, 21, 20, 11, 52, 27, 38]
[47, 29, 52, 44, 20, 30, 20]
[6, 31, 52, 41, 41, 52, 47]
[40, 50, 31, 37, 49, 41, 6]
[28, 39, 44, 43, 30, 29, 30]
[34, 52, 5, 40, 6, 11, 41]
[25, 18, 22, 48, 22, 38, 37]
[38, 16, 17, 42, 17, 42, 46]
[27, 48, 51, 28, 40, 26, 27]
[14, 30, 33, 42, 41, 47, 27]
[9, 50, 37, 32, 8, 25, 10]
[17, 41, 7, 12, 25, 30, 25]
[7, 42, 4, 32, 20, 26, 47]
[17, 35, 48, 37, 25, 17, 45]
[10, 46, 24, 28, 13, 4, 48]
[44, 12, 8, 41, 45, 35, 20]
[44, 10, 42, 10, 7, 30, 31]
[36, 48, 11, 9, 52, 49, 26]
[32, 23, 24, 29, 51, 29, 26]
[13, 30, 39, 14, 10, 37, 24]
[44, 30, 8, 52, 38, 48, 21]
[43, 11, 15, 51, 12, 13, 27]
[10, 27, 45, 31, 18, 8, 24]
[16, 31, 16, 19, 11, 8, 26]
[10, 4, 19, 47, 32, 26, 44]
[7, 12, 15, 35, 35, 24, 46]
[39, 34, 26, 6, 50, 5, 31]
[19, 19, 47, 41, 41, 15, 40]
[21, 11, 30, 21, 5, 14, 36]
[19, 33, 21, 41, 38, 15, 23]
[42, 19, 43, 10, 5, 52, 24]
[25, 19, 40, 16, 29, 41, 43]
[28, 19, 5, 26, 16, 13, 6]
[15, 50, 15, 29, 49, 8, 23]
[24, 28, 44, 51, 12, 27, 21]
[26, 35, 13, 8, 25, 28, 48]
[19, 24, 26, 25, 23, 25, 4]
[25, 14, 17, 6, 19, 31, 51]
[44, 9, 8, 4, 22, 34, 5]
[21, 49, 52, 30, 33, 32, 38]
[16, 50, 37, 4, 37, 13, 38]
[48, 32, 21, 20, 49, 41, 5]
[46, 44, 26, 17, 21, 16, 28]
[35, 21, 37, 6, 16, 13, 15]
[40, 23, 36, 7, 40, 34, 18]
[51, 43, 15, 6, 22, 40, 46]
[17, 22, 13, 34, 48, 7, 34]
[15, 18, 26, 10, 24, 13, 12]
[27, 35, 21, 38, 44, 45, 6]
[34, 30, 18, 31, 46, 31, 5]
[39, 6, 42, 43, 21, 51, 33]
[18, 27, 13, 36, 31, 9, 24]
[49, 33, 37, 25, 32, 39, 43]
[20, 23, 17, 21, 11, 11, 41]
[30, 19, 8, 52, 14, 51, 9]
[34, 18, 15, 8, 33, 37, 50]
[41, 39, 36, 41, 28, 17, 18]
[29, 12, 9, 51, 10, 30, 30]
[51, 47, 6, 22, 24, 5, 25]
[20, 43, 9, 46, 11, 29, 15]
[12, 13, 37, 22, 36, 52, 44]
[48, 16, 10, 44, 20, 17, 31]
[37, 16, 10, 49, 18, 23, 42]
[43, 15, 32, 23, 30, 14, 47]
[22, 16, 24, 46, 51, 45, 8]
[36, 16, 29, 15, 15, 42, 17]
[17, 29, 12, 5, 49, 39, 15]
[6, 32, 26, 50, 4, 32, 9]
[19, 7, 51, 42, 44, 36, 9]
[15, 23, 42, 22, 24, 17, 17]
[46, 46, 28, 47, 7, 22, 15]
[32, 48, 31, 38, 7, 52, 25]
[6, 4, 19, 34, 6, 38, 20]
[12, 37, 11, 50, 31, 46, 48]
[30, 36, 42, 26, 31, 34, 43]
[12, 50, 22, 23, 12, 27, 24]
[42, 29, 30, 47, 34, 6, 26]
[25, 21, 20, 41, 23, 18, 5]
[29, 4, 32, 7, 37, 38, 42]
[17, 5, 18, 51, 47, 41, 22]
[41, 13, 18, 50, 11, 33, 21]
[37, 32, 35, 29, 32, 46, 47]
[16, 7, 40, 34, 27, 13, 20]
[19, 35, 30, 46, 22, 16, 37]
[38, 17, 36, 6, 21, 33, 18]
[49, 11, 40, 30, 33, 11, 6]
[32, 34, 48, 50, 17, 47, 40]
[45, 40, 29, 26, 14, 31, 20]
[35, 23, 38, 36, 4, 33, 7]
[28, 9, 43, 49, 29, 49, 6]
[17, 21, 26, 23, 33, 44, 9]
[47, 32, 44, 13, 4, 46, 9]
[31, 13, 41, 27, 43, 4, 15]
[35, 10, 47, 17, 38, 39, 27]
[14, 44, 38, 22, 31, 38, 20]
[5, 46, 22, 33, 19, 32, 7]
[34, 7, 20, 31, 44, 19, 9]
[34, 23, 51, 32, 20, 12, 30]
[48, 24, 32, 46, 29, 26, 16]
[33, 22, 19, 34, 23, 33, 9]
[49, 48, 12, 23, 37, 52, 45]
[31, 25, 26, 35, 4, 29, 20]
[22, 25, 16, 28, 47, 4, 26]
[35, 39, 37, 24, 13, 10, 37]
[6, 4, 12, 14, 6, 12, 25]
[5, 51, 19, 22, 33, 6, 42]
[22, 40, 29, 4, 50, 10, 35]
[44, 49, 23, 42, 10, 34, 18]
[31, 13, 13, 29, 25, 21, 47]
[48, 42, 21, 11, 45, 47, 47]
[44, 27, 7, 17, 48, 20, 18]
[43, 46, 6, 8, 5, 46, 14]
[41, 4, 6, 26, 20, 42, 33]
[14, 22, 23, 41, 27, 10, 26]
[40, 40, 20, 39, 49, 49, 27]
[13, 39, 34, 10, 51, 47, 25]
[11, 12, 9, 15, 42, 25, 46]
[42, 12, 25, 30, 44, 34, 24]
[36, 6, 27, 14, 41, 20, 33]
[15, 29, 20, 39, 43, 15, 18]
[15, 14, 22, 5, 7, 44, 40]
[33, 22, 47, 17, 6, 9, 46]
[6, 4, 21, 19, 13, 18, 29]
[9, 4, 14, 20, 46, 47, 34]
[15, 46, 22, 5, 38, 8, 12]
[45, 24, 51, 20, 32, 24, 6]
[51, 6, 49, 6, 27, 29, 35]
[47, 31, 50, 11, 19, 17, 8]
[24, 27, 46, 39, 24, 17, 18]
[41, 4, 18, 42, 6, 7, 37]
[46, 4, 33, 29, 42, 44, 28]
[6, 35, 29, 31, 44, 43, 28]
