[13, 10, 10, 11, 18, 6, 29]
[37, 21, 16, 43, 15, 42, 42]
[7, 43, 7, 30, 27, 12, 18]
[52, 26, 48, 23, 30, 14, 32]
[50, 30, 35, 8, 35, 17, 21]
[40, 31, 5, 41, 20, 43, 44]
[25, 48, 52, 28, 40, 30, 28]
[36, 41, 26, 34, 12, 37, 24]
[14, 34, 45, 12, 9, 27, 4]
[4, 19, 29, 33, 37, 15, 45]
[42, 51, 40, 5, 26, 9, 33]
[27, 18, 11, 50, 22, 41, 6]
[46, 45, 49, 36, 17, 45, 7]
[31, 36, 41, 31, 38, 28, 50]
[41, 20, 20, 45, 13, 26, 25]
[6, 14, 51, 17, 23, 40, 46]
[24, 27, 50, 49, 25, 23, 49]
[28, 4, 38, 19, 45, 22, 9]
[49, 33, 8, 27, 48, 50, 34]
[23, 52, 28, 24, 47, 36, 51]
[19, 12, 36, 29, 44, 8, 11]
[51, 42, 31, 22, 41, 24, 28]
[28, 16, 12, 13, 7, 5, 47]
[32, 28, 17, 21, 28, 38, 39]
[8, 23, 4, 42, 19, 51, 8]
[18, 37, 27, 51, 5, 20, 10]
[47, 46, 19, 32, 52, 48, 13]
[9, 6, 28, 18, 39, 44, 16]
[5, 47, 21, 37, 14, 39, 14]
[11, 38, 42, 44, 6, 13, 36]
[21, 29, 15, 9, 46, 18, 12]
[15, 35, 25, 20, 24, 35, 5]
[48, 9, 23, 48, 16, 21, 52]
[16, 49, 9, 16, 42, 33, 23]
[30, 5, 39, 26, 50, 31, 15]
[20, 32, 46, 39, 11, 19, 40]
[35, 25, 14, 46, 21, 32, 41]
[26, 15, 32, 47, 51, 29, 48]
[44, 7, 30, 52, 4, 7, 35]
[10, 50, 6, 4, 33, 52, 38]
[22, 11, 13, 38, 34, 34, 22]
[17, 17, 22, 14, 10, 10, 37]
[38, 22, 24, 35, 31, 47, 27]
[29, 28, 34, 40, 28, 16, 20]
[33, 39, 43, 25, 36, 11, 30]
[43, 44, 37, 7, 49, 25, 19]
[39, 8, 47, 10, 29, 46, 31]
[34, 40, 33, 6, 8, 4, 43]
[12, 13, 18, 15, 43, 28, 26]
[45, 24, 44, 28, 32, 49, 17]
