[19, 16, 44, 47, 35, 30, 37]
[30, 33, 52, 18, 20, 32, 28]
[39, 30, 40, 8, 49, 40, 47]
[40, 5, 43, 5, 29, 11, 40]
[4, 37, 26, 31, 51, 16, 5]
[29, 34, 15, 7, 18, 25, 4]
[16, 43, 21, 37, 48, 15, 37]
[8, 28, 13, 11, 40, 12, 43]
[52, 23, 42, 33, 6, 6, 49]
[44, 51, 35, 28, 47, 14, 9]
[8, 41, 22, 9, 35, 22, 20]
[36, 48, 24, 29, 9, 47, 46]
[28, 33, 36, 7, 21, 9, 48]
[22, 32, 31, 10, 41, 21, 31]
[47, 48, 38, 11, 50, 9, 45]
[37, 32, 17, 23, 24, 41, 38]
[9, 7, 25, 27, 52, 6, 14]
[4, 13, 34, 21, 5, 30, 26]
[14, 44, 32, 22, 21, 17, 13]
[32, 47, 8, 18, 25, 15, 18]
[17, 9, 45, 17, 33, 48, 14]
[42, 40, 46, 20, 5, 29, 10]
[8, 27, 16, 49, 23, 47, 51]
[43, 20, 25, 45, 14, 45, 32]
[10, 49, 36, 43, 49, 11, 5]
[52, 34, 11, 50, 48, 35, 48]
[14, 46, 37, 11, 11, 50, 11]
[12, 18, 28, 14, 23, 34, 22]
[43, 10, 33, 22, 34, 51, 40]
[32, 49, 34, 24, 21, 18, 14]
[7, 39, 13, 43, 20, 20, 43]
[20, 26, 52, 12, 43, 12, 36]
[19, 29, 9, 46, 21, 31, 11]
[22, 8, 16, 21, 33, 52, 23]
[13, 5, 36, 25, 46, 46, 51]
[10, 44, 11, 42, 10, 21, 10]
[39, 27, 39, 35, 13, 44, 21]
[13, 51, 7, 15, 25, 23, 10]
[28, 45, 43, 30, 8, 10, 30]
[14, 46, 42, 4, 36, 19, 52]
[32, 4, 10, 48, 30, 33, 15]
[46, 13, 30, 38, 42, 8, 23]
[22, 10, 51, 10, 28, 49, 49]
[49, 38, 19, 22, 34, 48, 27]
[44, 23, 39, 30, 17, 25, 42]
[43, 48, 48, 33, 16, 13, 37]
[37, 30, 10, 37, 38, 38, 16]
[44, 8, 44, 37, 9, 41, 22]
[34, 25, 49, 22, 22, 49, 39]
[9, 20, 14, 45, 17, 13, 25]
[18, 19, 23, 23, 22, 48, 13]
[47, 40, 35, 21, 4, 31, 7]
[7, 15, 16, 34, 27, 43, 6]
[19, 34, 45, 50, 47, 16, 33]
[46, 38, 45, 34, 31, 24, 47]
[40, 4, 30, 35, 42, 36, 46]
[17, 25, 39, 28, 11, 45, 24]
[37, 45, 28, 20, 44, 11, 23]
[51, 31, 15, 22, 12, 5, 51]
[31, 29, 20, 13, 22, 47, 49]
[11, 46, 26, 47, 29, 24, 33]
[40, 31, 15, 7, 30, 31, 38]
[10, 32, 41, 43, 9, 29, 6]
[31, 7, 29, 4, 23, 34, 24]
[6, 26, 15, 44, 18, 4, 33]
[10, 28, 41, 34, 34, 30, 7]
[38, 50, 20, 15, 11, 7, 42]
[15, 42, 23, 42, 25, 16, 14]
[41, 47, 5, 12, 27, 17, 25]
[16, 6, 40, 14, 29, 45, 44]
[50, 45, 33, 51, 39, 37, 26]
[35, 9, 12, 33, 19, 8, 50]
[26, 40, 12, 17, 38, 39, 31]
[39, 5, 27, 30, 31, 32, 11]
[5, 5, 6, 41, 18, 44, 12]
[15, 47, 44, 13, 43, 21, 36]
[38, 36, 47, 12, 45, 34, 41]
[17, 17, 8, 42, 10, 39, 39]
[48, 16, 21, 4, 48, 14, 17]
[52, 35, 14, 51, 28, 19, 31]
[38, 19, 22, 52, 40, 24, 30]
[34, 9, 18, 46, 52, 27, 42]
[50, 47, 23, 23, 13, 18, 39]
[24, 30, 7, 39, 37, 29, 26]
[47, 46, 46, 48, 28, 40, 22]
[15, 49, 33, 46, 52, 23, 41]
[37, 28, 38, 12, 16, 49, 4]
[13, 26, 37, 7, 8, 14, 50]
[20, 11, 25, 38, 10, 20, 20]
[38, 33, 31, 19, 46, 32, 13]
[25, 27, 9, 31, 30, 22, 40]
[36, 44, 40, 48, 18, 25, 17]
[27, 50, 9, 47, 51, 50, 12]
[30, 13, 7, 44, 50, 23, 51]
[23, 37, 9, 26, 34, 7, 28]
[12, 21, 23, 10, 51, 39, 25]
[26, 15, 4, 6, 43, 28, 29]
[48, 25, 26, 49, 24, 42, 11]
[50, 8, 41, 38, 7, 51, 44]
[21, 6, 34, 33, 36, 37, 41]
[9, 35, 6, 51, 15, 46, 18]
[23, 9, 48, 17, 9, 18, 46]
[21, 21, 38, 25, 35, 19, 4]
[5, 27, 14, 24, 12, 12, 4]
[45, 11, 12, 20, 16, 36, 8]
[11, 32, 41, 29, 44, 52, 9]
[34, 14, 48, 36, 14, 13, 13]
[22, 14, 18, 50, 20, 40, 17]
[20, 14, 31, 14, 26, 20, 23]
[33, 38, 25, 29, 31, 10, 21]
[11, 52, 51, 8, 19, 37, 17]
[22, 18, 24, 19, 44, 4, 30]
[35, 43, 6, 34, 26, 9, 16]
[26, 19, 47, 40, 37, 46, 12]
[24, 50, 40, 37, 8, 14, 16]
[16, 22, 45, 34, 6, 32, 29]
[9, 15, 30, 18, 28, 40, 19]
[24, 36, 44, 18, 12, 51, 44]
[46, 15, 27, 28, 7, 34, 35]
[31, 4, 24, 42, 51, 37, 10]
[5, 36, 35, 46, 6, 27, 19]
[42, 21, 50, 40, 7, 7, 10]
[51, 49, 22, 41, 40, 23, 8]
[19, 48, 35, 35, 41, 15, 35]
[35, 31, 36, 6, 5, 33, 35]
[39, 28, 32, 8, 27, 10, 47]
[30, 12, 38, 10, 50, 44, 44]
[35, 10, 20, 29, 17, 10, 6]
[36, 24, 13, 36, 39, 43, 38]
[43, 10, 51, 24, 49, 47, 19]
[17, 12, 5, 32, 15, 36, 34]
[20, 24, 52, 26, 20, 38, 52]
[29, 22, 10, 32, 31, 26, 20]
[10, 39, 20, 23, 45, 35, 21]
[4, 16, 46, 52, 16, 8, 36]
[50, 14, 37, 16, 40, 42, 25]
[18, 16, 4, 30, 50, 28, 15]
[25, 12, 10, 45, 49, 6, 45]
[42, 46, 47, 5, 17, 17, 6]
[45, 22, 11, 13, 34, 25, 33]
[7, 34, 43, 52, 37, 22, 45]
[26, 6, 7, 25, 13, 49, 29]
[25, 18, 32, 4, 27, 28, 36]
[6, 12, 5, 20, 47, 28, 27]
[24, 25, 6, 14, 46, 29, 40]
[49, 17, 29, 49, 36, 43, 28]
[5, 22, 17, 32, 25, 15, 41]
[45, 8, 34, 9, 32, 5, 49]
[40, 44, 8, 25, 41, 8, 42]
[41, 37, 22, 40, 42, 19, 47]
[4, 41, 31, 50, 4, 5, 19]
[7, 37, 14, 45, 38, 38, 50]
[29, 7, 21, 17, 48, 6, 5]
[49, 34, 29, 36, 32, 24, 15]
[41, 42, 21, 9, 13, 26, 5]
[46, 43, 27, 39, 10, 36, 43]
[21, 17, 16, 38, 14, 17, 9]
[34, 41, 18, 11, 15, 34, 18]
[36, 52, 34, 21, 39, 16, 22]
[51, 42, 29, 10, 22, 33, 27]
[34, 29, 49, 41, 46, 42, 32]
[52, 7, 18, 31, 47, 22, 32]
[27, 13, 17, 44, 44, 11, 34]
[18, 51, 50, 16, 33, 20, 31]
[33, 40, 46, 27, 26, 9, 52]
[33, 41, 33, 19, 36, 7, 34]
[32, 35, 5, 39, 15, 27, 45]
[15, 45, 50, 48, 29, 38, 35]
[27, 35, 22, 8, 24, 5, 20]
[13, 43, 46, 6, 45, 46, 7]
[45, 26, 49, 15, 24, 48, 48]
[11, 21, 8, 24, 52, 52, 8]
[23, 20, 4, 28, 39, 51, 26]
[47, 24, 26, 41, 41, 12, 16]
[27, 36, 51, 26, 35, 46, 48]
[29, 4, 37, 19, 43, 33, 32]
[6, 31, 52, 9, 12, 35, 12]
[8, 52, 19, 32, 4, 26, 34]
[14, 19, 42, 47, 26, 35, 24]
[48, 38, 48, 39, 19, 21, 9]
[23, 42, 32, 51, 8, 50, 7]
[28, 39, 27, 16, 33, 39, 30]
[46, 33, 30, 6, 42, 42, 38]
[25, 17, 13, 43, 32, 30, 15]
[18, 20, 19, 52, 32, 44, 34]
[12, 50, 12, 44, 30, 52, 43]
[21, 24, 17, 27, 11, 4, 22]
[12, 11, 39, 5, 38, 31, 28]
[6, 52, 4, 49, 6, 4, 39]
[41, 22, 47, 5, 22, 50, 46]
[16, 29, 10, 15, 19, 18, 46]
[42, 23, 24, 16, 7, 27, 18]
[30, 23, 50, 36, 37, 22, 21]
[48, 6, 28, 46, 14, 41, 52]
[28, 39, 28, 40, 45, 41, 29]
[49, 30, 11, 26, 4, 43, 50]
[31, 18, 19, 31, 46, 45, 8]
[44, 10, 49, 27, 10, 10, 37]
[51, 11, 43, 13, 23, 13, 27]
[33, 51, 42, 35, 5, 26, 24]
