[28, 47, 51, 9, 13, 34, 6]
[15, 15, 20, 17, 44, 22, 11]
[52, 22, 15, 21, 19, 10, 27]
[18, 21, 31, 14, 20, 48, 23]
[17, 12, 6, 28, 43, 16, 41]
[46, 6, 10, 39, 25, 50, 44]
[30, 44, 24, 38, 6, 29, 21]
[23, 37, 19, 47, 42, 17, 10]
[44, 46, 25, 26, 49, 30, 26]
[31, 13, 14, 24, 7, 18, 14]
[36, 48, 30, 21, 12, 28, 12]
[51, 32, 24, 4, 50, 42, 13]
[27, 11, 33, 52, 27, 44, 48]
[32, 15, 17, 33, 5, 9, 48]
[20, 8, 29, 49, 21, 41, 28]
[51, 49, 38, 52, 15, 20, 18]
[39, 37, 35, 9, 29, 11, 30]
[24, 16, 49, 19, 31, 27, 4]
[6, 45, 34, 8, 31, 44, 36]
[10, 33, 40, 15, 21, 10, 44]
[47, 10, 47, 35, 11, 17, 43]
[19, 39, 36, 40, 17, 6, 25]
[36, 28, 33, 39, 34, 21, 40]
[14, 17, 7, 32, 32, 22, 19]
[26, 9, 17, 12, 28, 15, 43]
[30, 40, 10, 42, 20, 36, 24]
[40, 16, 22, 4, 42, 43, 39]
[41, 47, 35, 6, 37, 38, 5]
[16, 50, 45, 44, 29, 8, 49]
[43, 51, 5, 13, 32, 19, 13]
[18, 22, 28, 30, 38, 36, 15]
[9, 14, 42, 20, 41, 49, 34]
[12, 35, 45, 14, 16, 42, 20]
[4, 48, 32, 32, 23, 29, 37]
[45, 42, 48, 47, 40, 33, 40]
[52, 51, 12, 27, 51, 12, 39]
[27, 12, 18, 48, 45, 48, 31]
[40, 21, 9, 17, 51, 32, 10]
[13, 23, 51, 19, 38, 12, 45]
[38, 52, 8, 43, 6, 21, 17]
[47, 41, 42, 20, 33, 45, 22]
[40, 34, 50, 10, 17, 37, 35]
[11, 34, 12, 38, 36, 43, 4]
[8, 14, 21, 45, 24, 8, 8]
[29, 13, 40, 10, 52, 31, 31]
[31, 39, 27, 16, 48, 26, 40]
[12, 24, 5, 43, 52, 40, 42]
[50, 10, 13, 46, 16, 28, 24]
[34, 44, 40, 7, 4, 40, 47]
[45, 28, 39, 16, 16, 20, 16]
[11, 20, 46, 41, 30, 25, 51]
[8, 9, 39, 45, 13, 50, 33]
[49, 26, 27, 29, 44, 51, 30]
[7, 32, 43, 11, 18, 32, 9]
[28, 50, 18, 34, 39, 16, 46]
[48, 19, 11, 5, 26, 25, 16]
[6, 40, 6, 36, 35, 19, 41]
[44, 8, 37, 6, 22, 35, 29]
[7, 40, 13, 23, 36, 24, 19]
[19, 33, 46, 31, 40, 34, 38]
[41, 27, 48, 51, 28, 7, 23]
[46, 5, 50, 31, 8, 13, 45]
[15, 23, 26, 22, 46, 27, 5]
[5, 6, 23, 11, 9, 33, 46]
[25, 30, 4, 50, 27, 9, 50]
[29, 29, 21, 25, 14, 6, 52]
[37, 43, 49, 22, 26, 30, 33]
[14, 43, 25, 48, 41, 16, 37]
[34, 25, 29, 50, 39, 35, 17]
[38, 52, 30, 12, 15, 18, 22]
[13, 24, 26, 34, 18, 41, 20]
[32, 29, 32, 44, 23, 7, 49]
[17, 19, 4, 18, 5, 51, 9]
[9, 18, 44, 33, 47, 39, 47]
[26, 20, 15, 28, 50, 52, 50]
[35, 35, 44, 27, 10, 47, 11]
[37, 4, 22, 49, 45, 4, 42]
[48, 11, 19, 15, 47, 37, 25]
[21, 31, 14, 5, 25, 5, 6]
[39, 16, 28, 26, 35, 38, 18]
[24, 38, 34, 7, 24, 46, 32]
[42, 31, 8, 46, 49, 4, 51]
[22, 7, 23, 40, 7, 15, 34]
[43, 17, 16, 30, 37, 46, 29]
[35, 7, 16, 18, 22, 23, 21]
[5, 36, 43, 25, 4, 11, 35]
[33, 4, 9, 8, 11, 14, 15]
[23, 38, 47, 40, 14, 26, 8]
[50, 5, 38, 29, 43, 52, 38]
[33, 36, 11, 41, 48, 14, 28]
[10, 27, 36, 37, 30, 24, 7]
[25, 49, 52, 23, 10, 47, 14]
[42, 26, 16, 42, 33, 23, 36]
[16, 46, 37, 36, 46, 49, 12]
[22, 42, 31, 35, 19, 5, 16]
[21, 30, 41, 37, 9, 40, 32]
[16, 18, 52, 51, 40, 13, 27]
[4, 25, 7, 24, 34, 39, 26]
[20, 45, 20, 13, 12, 45, 52]
[49, 41, 41, 16, 8, 31, 7]
