[34, 52, 24, 50, 43, 16, 40]
[52, 48, 28, 43, 10, 8, 29]
[38, 5, 24, 19, 28, 4, 13]
[9, 48, 45, 28, 19, 48, 12]
[24, 5, 29, 11, 6, 29, 6]
[6, 12, 35, 49, 39, 39, 44]
[41, 26, 46, 23, 51, 12, 27]
[23, 19, 52, 30, 46, 51, 43]
[23, 32, 48, 16, 19, 22, 20]
[5, 36, 30, 18, 11, 6, 23]
[12, 51, 34, 36, 33, 13, 23]
[15, 24, 4, 17, 19, 31, 50]
[20, 40, 23, 22, 23, 10, 39]
[22, 13, 49, 42, 15, 12, 36]
[38, 18, 7, 18, 22, 24, 16]
[31, 41, 17, 21, 47, 21, 45]
[19, 4, 35, 50, 35, 37, 24]
[12, 52, 43, 36, 11, 12, 51]
[22, 39, 36, 4, 41, 35, 16]
[25, 44, 27, 47, 33, 48, 21]
[37, 8, 44, 50, 40, 49, 7]
[34, 36, 14, 15, 31, 44, 15]
[23, 51, 27, 7, 24, 34, 40]
[46, 48, 28, 29, 18, 50, 35]
[31, 49, 6, 18, 18, 27, 17]
[40, 31, 12, 34, 20, 32, 52]
[50, 15, 17, 26, 15, 25, 19]
[10, 38, 4, 45, 11, 5, 22]
[11, 30, 5, 13, 17, 16, 28]
[34, 27, 27, 34, 37, 49, 11]
[43, 14, 49, 47, 37, 15, 36]
[48, 47, 34, 21, 22, 12, 12]
[12, 20, 49, 47, 31, 34, 6]
[35, 22, 6, 27, 18, 24, 8]
[5, 50, 28, 27, 15, 15, 5]
[18, 34, 37, 13, 23, 16, 9]
[37, 20, 38, 21, 33, 13, 29]
[5, 25, 20, 9, 15, 20, 14]
[11, 50, 18, 37, 9, 12, 36]
[26, 36, 37, 21, 20, 45, 44]
[17, 4, 45, 29, 35, 25, 16]
[40, 33, 7, 8, 11, 4, 34]
[37, 8, 16, 14, 28, 15, 32]
[6, 18, 33, 11, 21, 19, 17]
[17, 10, 22, 5, 5, 9, 16]
[11, 39, 6, 39, 7, 48, 4]
[48, 42, 14, 13, 50, 44, 33]
[28, 9, 13, 10, 46, 28, 22]
[29, 27, 21, 7, 16, 33, 25]
[18, 51, 4, 17, 33, 9, 32]
[17, 24, 43, 16, 45, 31, 49]
[41, 28, 16, 39, 52, 31, 19]
[5, 45, 27, 35, 51, 19, 10]
[14, 50, 18, 24, 41, 50, 16]
[19, 7, 29, 29, 10, 18, 34]
[51, 5, 43, 43, 49, 50, 29]
[42, 6, 7, 11, 46, 19, 24]
[10, 21, 45, 52, 48, 11, 46]
[25, 31, 40, 16, 28, 45, 40]
[26, 47, 16, 15, 40, 43, 6]
[16, 46, 4, 46, 5, 46, 52]
[26, 24, 5, 48, 32, 13, 12]
[20, 30, 35, 9, 16, 10, 47]
[21, 43, 51, 17, 27, 23, 20]
[21, 25, 12, 25, 41, 46, 38]
[45, 49, 40, 21, 16, 34, 8]
[11, 35, 40, 18, 18, 8, 32]
[35, 7, 34, 23, 24, 18, 49]
[47, 25, 34, 22, 14, 38, 34]
[19, 22, 51, 29, 5, 50, 16]
[14, 25, 42, 37, 38, 9, 27]
[51, 47, 26, 5, 8, 52, 7]
[10, 32, 17, 12, 18, 21, 16]
[15, 16, 51, 45, 47, 27, 20]
[44, 52, 17, 40, 13, 22, 11]
[18, 25, 44, 51, 48, 33, 6]
[29, 13, 10, 36, 4, 36, 43]
[28, 6, 52, 17, 25, 42, 16]
[33, 30, 38, 23, 24, 13, 18]
[10, 30, 28, 16, 16, 26, 23]
[49, 40, 19, 23, 24, 48, 23]
[51, 4, 50, 31, 10, 30, 18]
[18, 50, 30, 6, 6, 13, 24]
[4, 34, 44, 42, 23, 18, 26]
[13, 16, 30, 16, 39, 7, 40]
[27, 32, 46, 48, 25, 16, 4]
[28, 22, 5, 15, 28, 49, 50]
[30, 24, 4, 47, 48, 6, 44]
[30, 14, 11, 13, 52, 25, 26]
[7, 31, 21, 46, 24, 4, 19]
[38, 38, 37, 25, 33, 43, 25]
[25, 14, 44, 44, 22, 5, 15]
[21, 15, 37, 9, 12, 30, 42]
[13, 40, 34, 10, 13, 12, 49]
[18, 30, 46, 51, 27, 6, 6]
[29, 52, 24, 24, 17, 26, 4]
[7, 29, 13, 12, 45, 19, 20]
[48, 9, 33, 48, 44, 41, 51]
[11, 44, 25, 33, 21, 45, 52]
[30, 13, 38, 45, 8, 48, 37]
[46, 35, 23, 10, 25, 27, 9]
[14, 15, 15, 32, 23, 39, 18]
[28, 41, 16, 47, 49, 26, 32]
[21, 13, 22, 51, 14, 29, 17]
[13, 4, 34, 52, 47, 42, 6]
[40, 20, 44, 46, 4, 13, 46]
[4, 38, 38, 45, 46, 7, 9]
[33, 52, 28, 35, 6, 29, 32]
[14, 18, 46, 6, 39, 37, 28]
[24, 8, 13, 4, 50, 11, 19]
[9, 47, 22, 43, 16, 34, 29]
[50, 4, 17, 46, 8, 27, 5]
[44, 29, 44, 10, 17, 12, 29]
[6, 44, 24, 43, 36, 20, 52]
[24, 24, 33, 44, 8, 17, 16]
[42, 20, 45, 13, 48, 23, 50]
[42, 11, 31, 25, 9, 42, 28]
[46, 26, 8, 48, 27, 35, 8]
[42, 36, 10, 40, 30, 24, 8]
[44, 21, 24, 12, 23, 34, 9]
[48, 44, 33, 17, 10, 46, 15]
[49, 20, 16, 33, 51, 48, 48]
[11, 51, 26, 44, 17, 12, 46]
[26, 15, 46, 24, 15, 28, 36]
[15, 19, 6, 9, 46, 36, 37]
[43, 32, 24, 49, 13, 38, 19]
[26, 30, 37, 22, 39, 34, 14]
[38, 43, 39, 48, 13, 23, 47]
[12, 14, 6, 29, 22, 11, 35]
[49, 26, 27, 14, 7, 44, 39]
[18, 44, 44, 13, 36, 32, 37]
[44, 43, 5, 15, 28, 20, 50]
[27, 10, 24, 52, 32, 19, 11]
[32, 29, 17, 34, 49, 8, 23]
[35, 33, 20, 51, 36, 25, 15]
[46, 30, 39, 20, 40, 20, 41]
[43, 8, 45, 36, 47, 24, 12]
[27, 35, 9, 44, 6, 29, 23]
[26, 33, 31, 20, 21, 27, 32]
[51, 29, 43, 35, 14, 18, 43]
[19, 34, 45, 7, 49, 10, 9]
[4, 44, 47, 44, 23, 33, 25]
[18, 41, 37, 38, 27, 12, 45]
[6, 8, 26, 11, 16, 30, 32]
[49, 29, 31, 51, 5, 34, 33]
[7, 9, 32, 38, 27, 26, 5]
[14, 46, 41, 14, 35, 11, 6]
[44, 21, 21, 9, 20, 14, 6]
[20, 43, 8, 28, 12, 45, 27]
[21, 15, 37, 18, 4, 24, 29]
[22, 35, 22, 11, 24, 18, 28]
[9, 43, 22, 27, 49, 23, 46]
[36, 9, 50, 52, 7, 4, 39]
[44, 45, 32, 9, 34, 39, 43]
[15, 26, 36, 30, 41, 5, 36]
[35, 37, 27, 41, 27, 18, 19]
[27, 40, 12, 27, 49, 37, 42]
[41, 28, 12, 28, 27, 30, 20]
[13, 36, 42, 37, 10, 4, 15]
[17, 44, 20, 40, 48, 32, 43]
[25, 25, 43, 22, 7, 35, 14]
[50, 42, 41, 8, 41, 33, 4]
[49, 23, 38, 10, 5, 40, 6]
[24, 40, 33, 19, 49, 34, 4]
[16, 52, 4, 11, 37, 22, 4]
[6, 17, 9, 49, 45, 46, 22]
[6, 26, 4, 45, 17, 24, 32]
[12, 5, 28, 49, 29, 12, 43]
[46, 46, 24, 29, 52, 25, 21]
[47, 41, 13, 20, 5, 24, 43]
[22, 17, 34, 29, 51, 36, 23]
[11, 15, 4, 33, 47, 52, 10]
[29, 30, 25, 41, 52, 15, 10]
[23, 17, 41, 16, 48, 5, 38]
[8, 33, 12, 15, 15, 35, 24]
[30, 48, 17, 28, 4, 49, 50]
[26, 20, 14, 36, 8, 17, 41]
[43, 16, 22, 29, 43, 38, 47]
[10, 24, 35, 15, 44, 29, 49]
[46, 44, 28, 20, 29, 33, 37]
[18, 34, 50, 4, 12, 16, 42]
[34, 52, 28, 20, 29, 17, 45]
[46, 49, 15, 40, 37, 4, 11]
[25, 38, 29, 45, 23, 45, 36]
[18, 46, 41, 28, 14, 9, 12]
[45, 35, 11, 47, 21, 45, 36]
[43, 34, 28, 6, 28, 5, 46]
[38, 10, 15, 26, 10, 35, 15]
[33, 20, 17, 23, 15, 15, 6]
[50, 46, 30, 12, 19, 23, 20]
[11, 52, 25, 7, 49, 19, 28]
[51, 43, 40, 21, 25, 4, 39]
[19, 32, 51, 43, 39, 21, 42]
[48, 21, 9, 42, 8, 37, 6]
[38, 42, 14, 50, 22, 26, 45]
[12, 42, 23, 18, 28, 33, 26]
[26, 20, 35, 9, 6, 8, 18]
[32, 18, 7, 12, 16, 51, 30]
[44, 34, 35, 12, 50, 45, 17]
[24, 32, 51, 21, 6, 51, 38]
[37, 36, 21, 31, 27, 24, 4]
[36, 25, 42, 44, 41, 10, 37]
[7, 5, 25, 27, 35, 10, 17]
[6, 50, 30, 13, 52, 49, 22]
[39, 29, 20, 49, 5, 35, 43]
[11, 39, 9, 42, 48, 21, 42]
[27, 31, 44, 18, 30, 51, 24]
[30, 40, 38, 52, 47, 26, 44]
[31, 51, 51, 8, 9, 34, 31]
[42, 34, 14, 13, 15, 7, 21]
[21, 25, 32, 46, 40, 20, 31]
[15, 43, 6, 41, 13, 33, 38]
[4, 49, 27, 22, 11, 46, 6]
[8, 21, 28, 42, 22, 6, 41]
[39, 32, 25, 34, 24, 9, 28]
[18, 10, 14, 13, 8, 25, 24]
[16, 40, 26, 27, 14, 10, 43]
[25, 20, 36, 41, 8, 20, 13]
[31, 12, 29, 46, 10, 21, 13]
[6, 6, 32, 6, 6, 15, 49]
[8, 20, 23, 23, 10, 48, 12]
[37, 7, 26, 43, 18, 35, 16]
[21, 27, 13, 46, 50, 52, 27]
[5, 11, 11, 39, 50, 35, 10]
[40, 4, 46, 39, 13, 52, 4]
[43, 15, 44, 22, 52, 47, 28]
[29, 38, 20, 23, 47, 7, 40]
[45, 19, 19, 36, 47, 47, 11]
[43, 38, 8, 21, 29, 30, 49]
[45, 46, 9, 8, 8, 7, 51]
[33, 10, 23, 49, 13, 22, 15]
[32, 33, 43, 33, 24, 20, 42]
[17, 31, 37, 23, 5, 4, 17]
[45, 26, 42, 8, 44, 50, 34]
[52, 11, 50, 50, 43, 21, 26]
[52, 8, 24, 21, 43, 6, 31]
[36, 38, 41, 28, 22, 15, 25]
[41, 50, 10, 40, 15, 32, 39]
[23, 26, 47, 8, 52, 6, 15]
[28, 34, 27, 51, 39, 9, 47]
[13, 27, 41, 52, 50, 29, 25]
[52, 47, 12, 5, 32, 6, 48]
[41, 13, 45, 52, 32, 41, 25]
[16, 8, 12, 39, 12, 26, 20]
[30, 24, 12, 12, 17, 34, 22]
[44, 15, 52, 43, 49, 52, 52]
[26, 27, 26, 33, 26, 7, 40]
[30, 40, 35, 38, 44, 8, 37]
[24, 35, 6, 49, 18, 44, 12]
[18, 26, 8, 8, 20, 21, 34]
[21, 24, 37, 8, 14, 46, 23]
[31, 24, 44, 9, 10, 5, 35]
[5, 14, 32, 18, 39, 51, 8]
[21, 30, 14, 38, 38, 33, 25]
[5, 30, 16, 52, 24, 47, 27]
[4, 44, 29, 22, 8, 8, 12]
[8, 11, 51, 5, 17, 30, 23]
[7, 32, 43, 15, 21, 43, 5]
[15, 44, 9, 22, 29, 31, 8]
[34, 18, 44, 39, 7, 42, 9]
[31, 51, 25, 11, 52, 35, 23]
[20, 9, 52, 43, 23, 52, 50]
[19, 46, 41, 52, 43, 9, 18]
[35, 13, 10, 35, 52, 39, 18]
[36, 43, 45, 50, 52, 21, 47]
[28, 22, 12, 5, 8, 5, 20]
[38, 19, 40, 52, 25, 40, 17]
[26, 52, 4, 15, 7, 6, 20]
[50, 12, 24, 29, 19, 28, 43]
[31, 20, 38, 24, 25, 32, 17]
[35, 14, 52, 32, 51, 42, 20]
[9, 42, 47, 19, 17, 35, 13]
[43, 9, 10, 5, 19, 49, 32]
[26, 45, 9, 6, 40, 6, 15]
[29, 39, 36, 4, 30, 45, 9]
[4, 30, 51, 35, 37, 22, 33]
[45, 52, 13, 44, 30, 17, 43]
[47, 31, 36, 8, 14, 23, 12]
[41, 51, 48, 51, 48, 20, 22]
[12, 25, 12, 43, 28, 26, 52]
[10, 6, 33, 13, 45, 14, 37]
[40, 41, 41, 11, 40, 45, 7]
[46, 36, 39, 34, 49, 10, 12]
[13, 9, 14, 15, 30, 9, 45]
[6, 52, 8, 22, 40, 21, 49]
[34, 48, 18, 46, 25, 39, 43]
[29, 28, 46, 47, 44, 7, 16]
[46, 26, 50, 14, 26, 27, 18]
[19, 10, 7, 8, 13, 30, 24]
[24, 14, 38, 31, 29, 25, 22]
[21, 39, 9, 49, 39, 11, 16]
[32, 5, 37, 49, 31, 14, 18]
[27, 9, 21, 22, 10, 8, 47]
[34, 28, 42, 23, 20, 4, 19]
[51, 28, 52, 33, 22, 21, 11]
[22, 18, 13, 34, 42, 6, 6]
[10, 9, 12, 50, 46, 23, 13]
[20, 12, 49, 11, 41, 33, 36]
[5, 34, 12, 10, 43, 46, 37]
[16, 48, 40, 42, 6, 18, 15]
[49, 31, 15, 16, 11, 40, 24]
[24, 19, 26, 8, 46, 22, 29]
[22, 52, 23, 25, 16, 30, 21]
[46, 7, 49, 11, 29, 14, 31]
[34, 26, 14, 23, 21, 23, 10]
[25, 29, 30, 18, 7, 20, 15]
[21, 23, 26, 32, 38, 12, 33]
[18, 23, 47, 13, 26, 35, 4]
[37, 5, 10, 23, 19, 51, 38]
[35, 26, 9, 33, 20, 12, 24]
[40, 36, 47, 34, 6, 50, 6]
[19, 50, 20, 38, 8, 27, 28]
[45, 42, 12, 26, 28, 21, 42]
[26, 6, 18, 47, 44, 5, 16]
[47, 41, 16, 19, 41, 45, 30]
[30, 32, 43, 29, 52, 27, 39]
[24, 43, 33, 16, 52, 41, 52]
[26, 43, 8, 25, 49, 35, 8]
[47, 16, 31, 32, 18, 34, 11]
[32, 49, 41, 47, 34, 42, 36]
[40, 5, 36, 47, 7, 25, 48]
[31, 34, 44, 36, 45, 7, 28]
[25, 35, 23, 40, 12, 32, 34]
[52, 45, 50, 28, 20, 26, 25]
[23, 19, 38, 16, 45, 52, 51]
[37, 43, 13, 9, 19, 41, 14]
[16, 11, 36, 11, 20, 7, 46]
[37, 39, 12, 48, 49, 15, 18]
[20, 44, 50, 34, 24, 31, 46]
[51, 46, 6, 9, 22, 32, 39]
[18, 30, 5, 4, 28, 36, 11]
[25, 24, 29, 7, 31, 8, 41]
[4, 32, 9, 41, 5, 43, 26]
[10, 51, 35, 27, 38, 15, 47]
[13, 41, 52, 4, 8, 34, 12]
[50, 29, 48, 47, 7, 36, 30]
[35, 21, 47, 27, 47, 20, 21]
[27, 50, 21, 43, 51, 39, 12]
[48, 28, 48, 4, 46, 29, 15]
[44, 11, 28, 40, 16, 21, 18]
[14, 49, 37, 9, 29, 37, 38]
[30, 12, 52, 14, 44, 9, 39]
[20, 49, 46, 25, 37, 25, 34]
[37, 22, 33, 22, 30, 26, 6]
[13, 25, 19, 31, 14, 18, 17]
[15, 17, 15, 48, 45, 8, 46]
[31, 7, 46, 23, 43, 23, 38]
[27, 29, 46, 21, 25, 16, 30]
[36, 25, 39, 15, 30, 42, 50]
[47, 6, 29, 26, 20, 32, 28]
[36, 8, 47, 4, 23, 5, 7]
[15, 43, 42, 19, 23, 18, 16]
[12, 18, 18, 34, 47, 21, 41]
[21, 46, 19, 33, 52, 49, 42]
[14, 17, 49, 51, 9, 21, 19]
[32, 22, 35, 34, 14, 17, 51]
[25, 22, 22, 9, 29, 42, 7]
[14, 34, 10, 14, 49, 7, 38]
[29, 17, 10, 48, 29, 18, 11]
[21, 8, 31, 32, 51, 39, 23]
[21, 5, 8, 10, 19, 21, 45]
[28, 48, 9, 34, 42, 19, 22]
[13, 25, 38, 11, 21, 47, 44]
[26, 15, 19, 9, 14, 13, 29]
[38, 34, 38, 49, 26, 39, 14]
[40, 10, 5, 18, 38, 38, 24]
[30, 21, 19, 15, 46, 10, 36]
[51, 21, 52, 20, 6, 28, 30]
[48, 7, 11, 16, 23, 10, 28]
[9, 38, 39, 11, 15, 41, 35]
[25, 40, 22, 42, 4, 33, 34]
[30, 28, 10, 34, 14, 33, 8]
[4, 50, 41, 39, 41, 46, 36]
[5, 50, 49, 29, 20, 13, 20]
[48, 44, 19, 5, 46, 9, 29]
[51, 23, 52, 48, 10, 18, 17]
[4, 11, 50, 27, 30, 11, 41]
[10, 43, 51, 43, 43, 51, 36]
[52, 9, 34, 14, 35, 10, 7]
[24, 44, 52, 10, 19, 10, 43]
[29, 30, 49, 26, 33, 24, 37]
[4, 6, 13, 4, 38, 20, 15]
[44, 6, 51, 42, 20, 10, 17]
[8, 33, 26, 46, 14, 7, 9]
[24, 40, 24, 12, 18, 16, 45]
[23, 14, 19, 48, 9, 32, 49]
[51, 39, 23, 42, 14, 8, 7]
[47, 12, 26, 32, 22, 29, 9]
[19, 38, 48, 8, 42, 43, 37]
[4, 30, 34, 13, 45, 49, 47]
[50, 23, 40, 4, 24, 34, 31]
[50, 43, 29, 43, 51, 50, 29]
[30, 48, 28, 46, 22, 14, 5]
[12, 31, 48, 49, 19, 28, 5]
[29, 46, 16, 36, 45, 15, 34]
[11, 27, 5, 29, 51, 20, 10]
[18, 6, 52, 41, 16, 31, 52]
[48, 12, 7, 14, 22, 9, 35]
[38, 17, 40, 37, 16, 22, 46]
[33, 38, 20, 24, 26, 25, 37]
[11, 47, 30, 30, 47, 21, 39]
[13, 27, 5, 50, 24, 48, 28]
[20, 27, 31, 22, 49, 38, 44]
[35, 16, 16, 10, 36, 39, 24]
[8, 32, 35, 20, 26, 16, 30]
[31, 10, 22, 20, 26, 29, 4]
[18, 50, 23, 25, 17, 19, 31]
[42, 51, 12, 14, 21, 51, 12]
[33, 25, 18, 18, 6, 51, 34]
[24, 20, 6, 23, 29, 44, 13]
[24, 13, 18, 29, 31, 40, 52]
[11, 19, 17, 47, 21, 52, 43]
[50, 31, 48, 44, 16, 46, 52]
[46, 5, 46, 5, 42, 34, 10]
[15, 36, 6, 32, 45, 28, 21]
[7, 23, 21, 44, 8, 36, 7]
[32, 23, 22, 25, 44, 31, 34]
[16, 11, 45, 14, 6, 40, 47]
[7, 40, 21, 42, 9, 34, 27]
[46, 27, 25, 35, 8, 7, 46]
[50, 17, 6, 45, 18, 6, 18]
[16, 33, 45, 38, 40, 41, 31]
[21, 8, 8, 23, 40, 52, 47]
[26, 18, 22, 7, 48, 7, 23]
[37, 31, 33, 31, 23, 35, 51]
[16, 13, 4, 52, 51, 13, 44]
[43, 21, 10, 30, 33, 44, 32]
[28, 14, 21, 44, 46, 50, 29]
[25, 16, 36, 41, 11, 51, 34]
[8, 10, 45, 21, 51, 47, 52]
[7, 27, 7, 13, 20, 28, 49]
[14, 50, 23, 23, 31, 4, 40]
[13, 36, 11, 17, 42, 30, 25]
[49, 38, 17, 5, 32, 43, 35]
[23, 51, 33, 24, 14, 40, 32]
[5, 19, 20, 30, 5, 13, 35]
[43, 42, 45, 25, 9, 31, 26]
[28, 50, 38, 7, 50, 32, 8]
[5, 46, 38, 49, 26, 36, 37]
[7, 17, 39, 49, 30, 43, 42]
[50, 40, 36, 38, 38, 6, 7]
[22, 13, 29, 23, 4, 48, 4]
[43, 51, 25, 48, 13, 36, 31]
[27, 40, 18, 13, 44, 49, 11]
[19, 5, 32, 4, 39, 42, 27]
[48, 43, 16, 34, 14, 32, 38]
[50, 21, 45, 35, 50, 4, 35]
[48, 31, 33, 43, 32, 9, 16]
[51, 40, 20, 11, 27, 37, 36]
[29, 5, 33, 19, 30, 38, 9]
[30, 8, 32, 51, 25, 28, 23]
[27, 31, 16, 36, 25, 11, 38]
[31, 46, 35, 18, 43, 12, 42]
[29, 26, 46, 40, 14, 11, 33]
[42, 16, 48, 23, 6, 33, 18]
[45, 40, 39, 31, 44, 5, 13]
[15, 28, 52, 45, 22, 32, 44]
[12, 6, 50, 13, 11, 35, 44]
[28, 31, 5, 7, 14, 11, 37]
[25, 12, 41, 51, 28, 40, 17]
[42, 21, 43, 25, 43, 24, 8]
[47, 48, 13, 52, 34, 10, 47]
[52, 38, 16, 17, 32, 12, 50]
[20, 23, 24, 21, 41, 20, 23]
[8, 17, 36, 26, 7, 45, 19]
[19, 49, 38, 13, 33, 38, 6]
[7, 45, 15, 5, 43, 45, 37]
[19, 35, 26, 26, 11, 49, 36]
[8, 13, 24, 11, 29, 45, 26]
[18, 35, 12, 27, 39, 6, 15]
[12, 15, 29, 15, 37, 51, 23]
[42, 14, 33, 21, 36, 8, 6]
[26, 50, 43, 41, 35, 35, 31]
[46, 46, 48, 16, 4, 24, 30]
[30, 8, 21, 20, 4, 11, 45]
[33, 35, 17, 16, 35, 17, 10]
[14, 26, 8, 21, 50, 30, 11]
[52, 38, 16, 48, 27, 48, 40]
[18, 22, 18, 42, 13, 24, 36]
[26, 17, 50, 30, 7, 43, 20]
[44, 35, 19, 28, 34, 19, 11]
[45, 8, 10, 6, 35, 36, 40]
[50, 11, 17, 7, 41, 17, 31]
[49, 39, 5, 46, 36, 35, 7]
[17, 19, 49, 16, 11, 50, 30]
[34, 25, 7, 5, 11, 18, 26]
[36, 50, 26, 19, 51, 44, 9]
[48, 17, 38, 38, 50, 42, 23]
[10, 33, 9, 27, 14, 16, 49]
[37, 49, 29, 25, 32, 38, 9]
[30, 32, 50, 28, 20, 15, 51]
[15, 19, 16, 52, 28, 29, 20]
[23, 50, 49, 32, 15, 11, 21]
[30, 43, 20, 46, 52, 22, 8]
[5, 26, 6, 45, 32, 21, 31]
[21, 14, 38, 29, 10, 16, 5]
[44, 50, 20, 27, 26, 41, 35]
[17, 20, 15, 18, 25, 27, 12]
[18, 16, 31, 14, 8, 49, 10]
[7, 6, 36, 11, 15, 42, 27]
[24, 41, 21, 15, 16, 12, 4]
[18, 20, 36, 38, 10, 40, 10]
[6, 10, 9, 32, 35, 46, 20]
[10, 37, 31, 28, 5, 45, 7]
[10, 38, 48, 34, 24, 33, 42]
[36, 5, 18, 21, 36, 11, 8]
[10, 32, 43, 45, 21, 28, 11]
[52, 13, 44, 50, 17, 20, 44]
[29, 32, 34, 32, 5, 40, 21]
[9, 37, 27, 26, 41, 6, 37]
[36, 12, 40, 25, 38, 17, 35]
[47, 16, 4, 7, 30, 22, 46]
[19, 26, 32, 40, 39, 22, 34]
[7, 8, 50, 19, 11, 39, 26]
[10, 39, 44, 51, 4, 14, 7]
[48, 27, 18, 12, 32, 7, 35]
[17, 19, 32, 35, 5, 28, 37]
[15, 6, 35, 15, 26, 50, 48]
[18, 30, 49, 44, 37, 25, 24]
[10, 50, 8, 25, 23, 23, 11]
[14, 15, 37, 29, 32, 44, 12]
[25, 37, 11, 33, 18, 5, 11]
[35, 11, 14, 48, 9, 12, 39]
[36, 7, 9, 8, 35, 46, 51]
[47, 38, 28, 6, 8, 35, 9]
[46, 35, 47, 5, 35, 15, 11]
[5, 49, 32, 31, 9, 43, 18]
[42, 21, 40, 5, 30, 27, 7]
[9, 13, 10, 28, 52, 52, 14]
[46, 4, 10, 42, 7, 49, 39]
[13, 25, 16, 32, 20, 45, 7]
[24, 6, 51, 18, 18, 52, 47]
[48, 45, 19, 44, 41, 19, 42]
[7, 34, 48, 24, 33, 21, 7]
[40, 18, 13, 26, 27, 11, 11]
[10, 41, 14, 24, 26, 18, 12]
[36, 4, 15, 38, 12, 11, 48]
[17, 30, 37, 32, 16, 18, 52]
[11, 30, 21, 36, 46, 46, 13]
[36, 41, 26, 28, 17, 45, 41]
[34, 40, 36, 42, 37, 39, 23]
[43, 45, 34, 46, 43, 11, 6]
[23, 33, 13, 25, 5, 20, 42]
[26, 10, 52, 22, 18, 42, 30]
[30, 48, 36, 6, 29, 40, 36]
[29, 23, 46, 15, 5, 34, 46]
[42, 7, 47, 31, 9, 33, 34]
[17, 42, 13, 26, 46, 25, 25]
[28, 29, 28, 4, 41, 21, 27]
[47, 18, 9, 5, 46, 36, 44]
[29, 37, 4, 10, 6, 33, 48]
[49, 37, 5, 38, 31, 48, 6]
[19, 21, 20, 35, 18, 42, 48]
[50, 24, 4, 19, 45, 43, 10]
[48, 22, 20, 10, 30, 19, 32]
[23, 26, 9, 7, 15, 49, 26]
[49, 33, 38, 49, 32, 39, 27]
[26, 20, 52, 28, 47, 49, 7]
[16, 12, 15, 23, 36, 43, 30]
[34, 13, 24, 36, 52, 13, 16]
[42, 28, 18, 30, 21, 13, 37]
[10, 46, 29, 46, 33, 27, 22]
[17, 41, 43, 43, 6, 41, 24]
[52, 8, 41, 48, 21, 51, 48]
[42, 18, 11, 39, 15, 13, 11]
[26, 10, 9, 33, 20, 19, 32]
[28, 7, 36, 40, 46, 36, 23]
[7, 41, 44, 21, 29, 42, 35]
[16, 42, 39, 43, 21, 44, 7]
[7, 18, 35, 43, 32, 49, 38]
[38, 47, 50, 20, 38, 19, 38]
[35, 22, 30, 52, 41, 26, 48]
[16, 10, 17, 45, 49, 45, 52]
[32, 16, 34, 22, 34, 22, 52]
[46, 39, 17, 40, 49, 11, 47]
[28, 52, 11, 33, 33, 51, 25]
[40, 38, 36, 33, 16, 19, 36]
[8, 6, 5, 35, 12, 16, 50]
[51, 19, 52, 49, 30, 15, 45]
[15, 7, 49, 41, 5, 15, 32]
[10, 50, 41, 46, 50, 41, 43]
[16, 40, 33, 49, 46, 39, 46]
[46, 19, 51, 8, 17, 51, 41]
[20, 18, 38, 34, 37, 37, 19]
[22, 9, 49, 36, 33, 32, 18]
[28, 9, 7, 43, 13, 24, 30]
[29, 10, 46, 35, 51, 43, 7]
[19, 44, 26, 25, 25, 13, 12]
[39, 42, 19, 15, 32, 10, 44]
[23, 22, 5, 7, 28, 46, 41]
[4, 49, 5, 39, 17, 16, 13]
[22, 32, 50, 41, 33, 23, 52]
[28, 10, 9, 4, 32, 10, 38]
[39, 12, 17, 20, 20, 14, 12]
[36, 21, 48, 47, 25, 38, 33]
[14, 50, 18, 40, 15, 19, 18]
[51, 4, 26, 13, 4, 29, 38]
[41, 26, 47, 26, 27, 16, 8]
[17, 11, 50, 39, 38, 18, 23]
[33, 43, 18, 16, 25, 33, 6]
[52, 11, 41, 38, 40, 9, 11]
[16, 38, 32, 12, 25, 15, 27]
[48, 36, 15, 45, 14, 20, 49]
[45, 39, 20, 20, 13, 17, 47]
[41, 45, 11, 26, 47, 24, 39]
[40, 42, 34, 42, 31, 43, 48]
[44, 9, 51, 22, 17, 51, 13]
[17, 12, 11, 30, 14, 32, 24]
[35, 7, 43, 6, 38, 7, 35]
[35, 51, 24, 36, 45, 28, 13]
[26, 51, 35, 36, 50, 39, 34]
[27, 33, 26, 47, 23, 31, 9]
[44, 43, 49, 10, 48, 24, 14]
[26, 29, 16, 36, 45, 49, 42]
[52, 4, 26, 48, 27, 31, 17]
[38, 41, 48, 13, 28, 48, 28]
[5, 25, 46, 18, 46, 35, 48]
[30, 16, 18, 49, 45, 26, 32]
[24, 28, 16, 21, 17, 19, 49]
[15, 45, 26, 25, 36, 51, 40]
[7, 8, 37, 41, 22, 33, 51]
[38, 32, 39, 38, 38, 48, 37]
[43, 22, 8, 18, 4, 31, 19]
[11, 13, 34, 12, 29, 15, 9]
[27, 29, 7, 39, 33, 45, 35]
[21, 45, 4, 12, 6, 45, 16]
[25, 37, 18, 16, 26, 40, 10]
[35, 48, 42, 39, 48, 32, 29]
[17, 18, 42, 37, 30, 39, 52]
[52, 39, 30, 22, 16, 15, 50]
[4, 36, 44, 45, 10, 29, 38]
[13, 10, 16, 13, 38, 7, 4]
[48, 10, 26, 17, 32, 16, 44]
[38, 40, 37, 14, 4, 16, 5]
[47, 12, 29, 6, 37, 37, 7]
[39, 17, 31, 6, 31, 39, 4]
[22, 40, 13, 40, 46, 5, 4]
[19, 50, 30, 47, 47, 48, 37]
[37, 37, 48, 41, 9, 43, 32]
[12, 47, 16, 42, 36, 14, 13]
[7, 9, 18, 51, 40, 34, 32]
[24, 11, 36, 17, 31, 48, 25]
[27, 34, 44, 31, 31, 20, 30]
[4, 26, 14, 41, 14, 32, 51]
[12, 35, 23, 48, 46, 7, 4]
[18, 12, 4, 33, 17, 7, 22]
[17, 20, 39, 5, 28, 17, 50]
[41, 21, 35, 5, 34, 33, 29]
[14, 50, 30, 11, 8, 49, 36]
[13, 35, 16, 47, 37, 25, 12]
[28, 18, 27, 32, 12, 13, 46]
[17, 40, 17, 7, 26, 25, 16]
[51, 44, 19, 28, 32, 47, 15]
[50, 12, 31, 11, 19, 10, 11]
[46, 12, 4, 20, 11, 21, 26]
[24, 47, 11, 50, 40, 47, 16]
[48, 20, 10, 17, 36, 37, 9]
[12, 13, 20, 44, 25, 15, 11]
[13, 18, 31, 37, 43, 33, 14]
[11, 32, 34, 5, 52, 22, 22]
[40, 26, 6, 21, 9, 49, 8]
[33, 26, 14, 46, 42, 32, 39]
[12, 27, 13, 35, 45, 22, 34]
[11, 20, 5, 28, 13, 23, 38]
[7, 19, 31, 17, 36, 38, 28]
[20, 51, 15, 35, 4, 29, 14]
[21, 12, 8, 51, 34, 21, 12]
[12, 41, 49, 30, 16, 19, 17]
[51, 7, 42, 6, 21, 48, 10]
[31, 15, 25, 39, 30, 38, 35]
[49, 22, 43, 32, 40, 34, 42]
[20, 21, 25, 49, 51, 11, 15]
[48, 35, 32, 10, 45, 40, 30]
[41, 31, 41, 25, 28, 44, 15]
[49, 4, 25, 29, 21, 39, 40]
[17, 52, 10, 8, 47, 22, 9]
[21, 49, 28, 39, 16, 22, 46]
[30, 17, 25, 6, 15, 42, 10]
[44, 34, 24, 13, 9, 49, 47]
[29, 8, 48, 28, 43, 33, 44]
[7, 14, 38, 19, 45, 21, 38]
[41, 25, 14, 19, 10, 29, 23]
[27, 32, 14, 17, 17, 41, 44]
[20, 23, 49, 18, 25, 19, 36]
[28, 42, 23, 32, 13, 13, 38]
[50, 16, 33, 47, 31, 22, 51]
[31, 13, 42, 27, 29, 21, 12]
[47, 43, 26, 8, 36, 13, 14]
[45, 30, 18, 41, 45, 14, 49]
[8, 12, 32, 24, 47, 41, 37]
[34, 8, 21, 46, 24, 9, 10]
[25, 36, 47, 19, 8, 28, 33]
[22, 50, 45, 42, 8, 47, 16]
[15, 32, 10, 29, 9, 34, 33]
[37, 46, 34, 31, 32, 41, 21]
[43, 42, 29, 43, 26, 5, 51]
[12, 39, 28, 15, 5, 13, 37]
[37, 16, 22, 21, 11, 47, 50]
[16, 15, 21, 30, 44, 20, 43]
[17, 42, 35, 47, 16, 22, 22]
[20, 48, 20, 4, 51, 26, 48]
[51, 9, 37, 35, 12, 26, 18]
[24, 7, 23, 47, 14, 45, 6]
[25, 11, 51, 36, 43, 31, 47]
[35, 47, 12, 15, 12, 25, 40]
[11, 50, 25, 33, 10, 19, 41]
[8, 40, 44, 7, 29, 28, 49]
[44, 15, 7, 51, 42, 14, 42]
[29, 20, 18, 26, 40, 50, 51]
[13, 45, 44, 9, 4, 7, 43]
[49, 51, 16, 46, 17, 36, 10]
[35, 29, 20, 21, 25, 15, 30]
[47, 16, 46, 40, 46, 22, 13]
[37, 37, 26, 25, 35, 35, 34]
[10, 16, 40, 48, 34, 25, 22]
[46, 52, 15, 14, 27, 12, 6]
[14, 41, 8, 39, 52, 51, 4]
[41, 10, 11, 45, 9, 34, 48]
[27, 10, 21, 16, 24, 30, 52]
[37, 18, 24, 40, 47, 23, 30]
[29, 38, 11, 51, 44, 26, 34]
[15, 41, 50, 33, 20, 32, 27]
[52, 5, 11, 33, 43, 9, 50]
[16, 17, 10, 12, 39, 8, 24]
[10, 12, 18, 35, 9, 13, 47]
[48, 29, 17, 18, 38, 13, 40]
[13, 19, 22, 48, 34, 31, 8]
[12, 31, 33, 11, 36, 29, 39]
[5, 14, 38, 46, 48, 41, 42]
[45, 27, 45, 7, 4, 8, 5]
[21, 36, 40, 32, 46, 42, 33]
[50, 33, 47, 49, 19, 7, 30]
[17, 46, 6, 22, 22, 26, 50]
[43, 5, 5, 32, 40, 37, 25]
[23, 9, 17, 31, 32, 17, 27]
[19, 17, 23, 31, 11, 51, 31]
[52, 26, 29, 35, 42, 22, 28]
[14, 16, 10, 33, 35, 46, 49]
[20, 10, 43, 19, 28, 17, 41]
[30, 31, 18, 23, 18, 6, 5]
[50, 16, 7, 22, 21, 9, 26]
[45, 25, 15, 32, 30, 33, 47]
[17, 40, 21, 29, 38, 41, 52]
[45, 4, 22, 21, 18, 51, 4]
[30, 48, 7, 17, 19, 21, 38]
[22, 27, 11, 41, 33, 23, 31]
[15, 46, 35, 47, 26, 25, 49]
[22, 22, 4, 27, 48, 24, 14]
[49, 15, 31, 44, 45, 44, 13]
[29, 42, 31, 38, 36, 13, 12]
[30, 42, 41, 50, 22, 17, 34]
[18, 33, 21, 29, 46, 50, 49]
[6, 11, 12, 13, 31, 41, 41]
[10, 36, 25, 24, 7, 52, 24]
[39, 15, 27, 48, 38, 6, 19]
[46, 31, 7, 12, 4, 27, 14]
[35, 50, 49, 40, 17, 52, 51]
[34, 45, 8, 19, 35, 12, 44]
[24, 46, 19, 27, 51, 8, 9]
[50, 45, 34, 49, 49, 43, 42]
[14, 44, 26, 18, 17, 11, 27]
[34, 48, 48, 28, 34, 32, 18]
[8, 37, 40, 48, 36, 28, 37]
[40, 52, 15, 40, 31, 9, 16]
[41, 39, 14, 19, 29, 38, 34]
[39, 30, 42, 14, 21, 4, 42]
[6, 4, 12, 49, 21, 29, 27]
[49, 32, 18, 8, 4, 48, 8]
[35, 7, 11, 39, 30, 19, 10]
[24, 11, 8, 12, 26, 43, 22]
[9, 19, 11, 19, 18, 20, 47]
[32, 25, 16, 31, 32, 47, 13]
[18, 34, 50, 50, 19, 14, 24]
[32, 46, 33, 5, 13, 5, 32]
[39, 34, 35, 14, 18, 18, 25]
[38, 34, 5, 16, 45, 19, 27]
[28, 40, 28, 47, 29, 6, 50]
[7, 39, 12, 17, 31, 24, 32]
[15, 6, 38, 49, 49, 27, 33]
[50, 7, 15, 8, 34, 20, 31]
[9, 14, 47, 12, 35, 26, 11]
[36, 9, 11, 50, 24, 45, 26]
[30, 34, 47, 52, 41, 17, 25]
[11, 17, 22, 44, 6, 13, 30]
[47, 42, 46, 19, 26, 39, 13]
[35, 52, 8, 9, 27, 5, 45]
[49, 12, 47, 51, 24, 5, 19]
[9, 42, 23, 15, 17, 33, 22]
[17, 9, 29, 19, 39, 39, 42]
[13, 35, 42, 48, 43, 12, 20]
[10, 45, 13, 37, 48, 48, 49]
[11, 52, 40, 14, 21, 35, 5]
[24, 28, 15, 6, 30, 13, 7]
[36, 44, 14, 18, 49, 33, 16]
[12, 45, 44, 43, 9, 11, 43]
[9, 7, 20, 19, 52, 43, 4]
[8, 9, 30, 7, 33, 20, 24]
[5, 29, 14, 22, 22, 18, 18]
[17, 44, 25, 42, 12, 34, 51]
[42, 10, 43, 24, 42, 45, 35]
[24, 41, 34, 29, 16, 22, 27]
[16, 30, 17, 10, 14, 52, 31]
[21, 33, 39, 44, 11, 52, 21]
[39, 34, 45, 34, 51, 36, 35]
[49, 6, 37, 19, 46, 49, 25]
[50, 51, 10, 45, 50, 40, 42]
[5, 5, 21, 32, 25, 18, 26]
[47, 43, 20, 33, 40, 49, 14]
[35, 49, 41, 29, 32, 48, 49]
[31, 22, 51, 14, 38, 34, 45]
[28, 12, 16, 52, 40, 24, 39]
[37, 20, 47, 17, 15, 5, 37]
[5, 43, 20, 9, 17, 19, 45]
[25, 21, 31, 26, 31, 48, 22]
[51, 42, 36, 27, 22, 31, 28]
[7, 25, 32, 34, 31, 48, 37]
[7, 10, 50, 47, 25, 4, 24]
[23, 40, 49, 49, 11, 22, 28]
[22, 12, 47, 41, 33, 27, 42]
[48, 32, 10, 10, 5, 42, 43]
[4, 10, 41, 6, 13, 42, 11]
[34, 46, 21, 44, 42, 26, 9]
[51, 35, 7, 45, 18, 9, 10]
[38, 14, 24, 20, 51, 36, 6]
[10, 43, 19, 51, 38, 40, 9]
[7, 11, 7, 13, 35, 45, 38]
[23, 28, 5, 39, 11, 28, 52]
[18, 22, 20, 7, 39, 8, 25]
[9, 11, 37, 50, 17, 27, 52]
[8, 32, 18, 33, 29, 45, 30]
[35, 33, 7, 32, 35, 34, 36]
[41, 29, 52, 18, 33, 9, 39]
[33, 50, 51, 15, 20, 7, 17]
[46, 33, 26, 50, 48, 13, 40]
[32, 31, 20, 26, 20, 23, 27]
[24, 47, 20, 15, 35, 44, 14]
[47, 28, 49, 12, 13, 9, 52]
[28, 9, 43, 44, 31, 8, 23]
[25, 7, 23, 30, 29, 25, 48]
[8, 23, 8, 31, 19, 28, 36]
[21, 23, 52, 10, 16, 5, 51]
[32, 32, 16, 17, 44, 46, 44]
[45, 48, 41, 50, 37, 6, 49]
[42, 27, 28, 15, 30, 17, 33]
[37, 40, 30, 4, 13, 45, 13]
[23, 44, 19, 36, 49, 26, 21]
[21, 21, 30, 33, 47, 51, 36]
[39, 13, 24, 12, 42, 25, 51]
[10, 10, 7, 35, 23, 46, 51]
[22, 34, 20, 41, 42, 41, 46]
[41, 30, 7, 8, 4, 19, 49]
[23, 9, 14, 46, 32, 36, 34]
[20, 24, 24, 41, 8, 32, 24]
[51, 27, 9, 28, 46, 14, 38]
[8, 37, 29, 52, 31, 29, 8]
[15, 46, 25, 17, 9, 16, 7]
[5, 14, 12, 31, 33, 49, 5]
[40, 15, 50, 12, 22, 9, 9]
[20, 39, 46, 15, 6, 44, 37]
[17, 49, 38, 7, 26, 42, 21]
[22, 33, 47, 13, 48, 17, 33]
[44, 35, 40, 27, 16, 52, 49]
[15, 45, 12, 26, 46, 18, 21]
[48, 29, 29, 11, 30, 18, 33]
[14, 8, 34, 8, 52, 40, 4]
[9, 34, 43, 46, 15, 13, 30]
[18, 14, 42, 17, 15, 36, 35]
[20, 21, 21, 31, 27, 13, 32]
[49, 41, 13, 25, 21, 18, 35]
[36, 14, 6, 25, 27, 32, 42]
[43, 43, 40, 38, 42, 32, 50]
[40, 7, 21, 50, 23, 32, 16]
[36, 22, 19, 43, 41, 17, 5]
[40, 8, 48, 35, 21, 25, 6]
[35, 18, 6, 19, 37, 43, 21]
[46, 5, 32, 13, 43, 39, 47]
[18, 24, 31, 52, 29, 47, 42]
[12, 29, 33, 30, 28, 48, 29]
[10, 35, 10, 23, 41, 51, 48]
[48, 22, 51, 5, 35, 29, 41]
[28, 27, 28, 22, 33, 31, 45]
[42, 45, 44, 44, 5, 22, 13]
[13, 14, 36, 52, 25, 23, 26]
[13, 50, 34, 10, 28, 52, 29]
[34, 16, 31, 26, 37, 8, 50]
[44, 25, 30, 14, 38, 35, 50]
[14, 41, 31, 17, 49, 13, 52]
[33, 29, 17, 22, 13, 12, 36]
[22, 23, 23, 30, 36, 7, 13]
[11, 52, 10, 12, 31, 47, 8]
[35, 5, 40, 35, 7, 15, 39]
[7, 42, 19, 33, 8, 27, 39]
[19, 40, 40, 21, 32, 49, 18]
[48, 46, 39, 30, 11, 25, 21]
[39, 7, 26, 10, 47, 28, 24]
[18, 41, 19, 45, 29, 8, 22]
[49, 22, 49, 34, 31, 25, 33]
[9, 32, 25, 33, 50, 21, 14]
[50, 12, 49, 5, 21, 14, 52]
[49, 26, 18, 46, 14, 34, 17]
[51, 27, 43, 32, 22, 37, 12]
[19, 36, 51, 5, 18, 44, 44]
[36, 35, 43, 52, 27, 8, 29]
[43, 4, 27, 39, 7, 7, 25]
[33, 28, 22, 28, 42, 38, 9]
[25, 41, 11, 40, 12, 30, 42]
[14, 9, 14, 47, 21, 52, 39]
[8, 6, 15, 50, 41, 14, 4]
[33, 16, 7, 48, 48, 30, 5]
[4, 37, 11, 12, 32, 40, 5]
[36, 23, 22, 30, 6, 21, 27]
[14, 43, 13, 32, 22, 18, 46]
[9, 19, 44, 37, 50, 15, 40]
[16, 25, 7, 34, 45, 46, 23]
[23, 7, 12, 36, 50, 14, 38]
[47, 9, 26, 17, 25, 27, 24]
[28, 19, 49, 29, 49, 30, 38]
[29, 36, 34, 21, 27, 48, 25]
[38, 36, 38, 30, 8, 25, 29]
[14, 30, 25, 42, 26, 46, 10]
[45, 22, 49, 48, 25, 7, 47]
[36, 33, 38, 19, 34, 5, 45]
[39, 23, 25, 14, 30, 31, 50]
[15, 16, 21, 7, 39, 17, 8]
[26, 22, 33, 39, 37, 37, 19]
[39, 26, 23, 46, 21, 41, 12]
[37, 47, 16, 49, 47, 23, 42]
[26, 18, 4, 27, 8, 34, 6]
[21, 23, 51, 4, 45, 4, 4]
[16, 30, 24, 44, 48, 28, 15]
[30, 17, 21, 18, 16, 39, 40]
[33, 19, 21, 45, 50, 11, 44]
[42, 20, 14, 28, 24, 52, 32]
[5, 19, 14, 10, 25, 45, 18]
[11, 34, 15, 11, 12, 15, 8]
[7, 24, 4, 34, 24, 42, 41]
[41, 25, 38, 5, 47, 50, 21]
[8, 43, 51, 39, 49, 33, 7]
[5, 14, 43, 34, 20, 8, 23]
[33, 30, 45, 20, 17, 52, 38]
[44, 48, 16, 10, 12, 7, 45]
[27, 31, 24, 17, 30, 29, 11]
[24, 13, 52, 41, 35, 39, 16]
[11, 41, 11, 24, 20, 51, 50]
[4, 44, 9, 30, 46, 9, 21]
[31, 4, 9, 11, 52, 44, 52]
[32, 5, 49, 43, 14, 16, 8]
[25, 15, 30, 20, 50, 13, 21]
[27, 14, 45, 10, 12, 9, 33]
[11, 13, 40, 20, 27, 40, 14]
[34, 6, 17, 30, 49, 15, 50]
[47, 32, 48, 28, 24, 9, 34]
[9, 20, 25, 34, 16, 47, 12]
[44, 4, 33, 8, 31, 51, 48]
[29, 21, 11, 10, 11, 11, 48]
[10, 23, 28, 39, 50, 47, 44]
[10, 29, 15, 34, 35, 39, 47]
[43, 8, 22, 34, 27, 36, 46]
[43, 17, 8, 9, 35, 31, 14]
[31, 47, 28, 46, 29, 33, 5]
[22, 31, 22, 48, 48, 17, 25]
[39, 22, 9, 23, 26, 10, 49]
[45, 27, 13, 24, 36, 41, 45]
[49, 47, 41, 36, 52, 52, 27]
[5, 27, 22, 50, 7, 44, 52]
[32, 34, 27, 48, 25, 45, 40]
[43, 45, 36, 33, 38, 50, 42]
[23, 49, 35, 45, 39, 46, 31]
[13, 13, 49, 37, 46, 38, 48]
[39, 33, 50, 35, 7, 20, 21]
[19, 36, 50, 28, 7, 48, 29]
[34, 43, 30, 31, 21, 11, 10]
[39, 6, 37, 37, 35, 50, 44]
[51, 33, 52, 25, 40, 33, 45]
[11, 47, 31, 40, 8, 43, 8]
[11, 51, 23, 50, 13, 41, 12]
[32, 51, 15, 37, 34, 28, 32]
[35, 47, 28, 40, 17, 19, 40]
[40, 16, 43, 49, 28, 17, 37]
[31, 12, 42, 48, 29, 50, 26]
[45, 17, 30, 38, 19, 37, 29]
[6, 37, 18, 19, 6, 34, 48]
[24, 14, 17, 9, 44, 9, 52]
[47, 8, 30, 46, 15, 32, 48]
[20, 20, 37, 45, 38, 24, 31]
[22, 4, 25, 20, 15, 21, 51]
[9, 7, 19, 10, 39, 33, 18]
[13, 20, 10, 32, 32, 23, 8]
[32, 36, 23, 4, 30, 39, 48]
[39, 20, 30, 27, 52, 22, 26]
[22, 14, 48, 36, 42, 40, 20]
[25, 21, 37, 37, 8, 8, 42]
[26, 26, 17, 43, 50, 39, 36]
[41, 48, 38, 47, 41, 20, 23]
[52, 41, 36, 46, 7, 41, 32]
[43, 49, 4, 6, 26, 12, 7]
[38, 4, 43, 25, 45, 40, 34]
[28, 26, 23, 21, 36, 31, 39]
[45, 49, 26, 39, 44, 28, 5]
[39, 5, 37, 18, 39, 27, 14]
[32, 37, 42, 29, 11, 21, 31]
[24, 29, 24, 38, 23, 18, 32]
[19, 12, 19, 30, 35, 44, 36]
[4, 48, 40, 48, 40, 26, 15]
[32, 51, 5, 4, 28, 38, 52]
[4, 16, 33, 12, 33, 24, 50]
[37, 14, 32, 7, 21, 28, 46]
[35, 39, 33, 35, 8, 18, 36]
[16, 45, 49, 7, 49, 19, 39]
[10, 6, 37, 6, 42, 51, 29]
[51, 10, 9, 32, 28, 41, 27]
[48, 26, 31, 13, 38, 40, 11]
[37, 16, 34, 52, 19, 6, 29]
[29, 26, 6, 31, 18, 24, 26]
[46, 15, 16, 7, 25, 22, 11]
[44, 7, 40, 51, 36, 47, 9]
[52, 35, 29, 5, 8, 22, 37]
[20, 51, 13, 9, 19, 14, 34]
[25, 6, 50, 41, 46, 19, 49]
[4, 43, 45, 26, 46, 20, 40]
[8, 33, 31, 8, 7, 14, 10]
[23, 38, 22, 7, 26, 28, 19]
[24, 29, 37, 6, 34, 21, 44]
[32, 5, 45, 42, 48, 52, 40]
[52, 51, 19, 14, 5, 18, 25]
[17, 30, 31, 28, 39, 37, 47]
[45, 20, 39, 21, 15, 39, 15]
[23, 30, 28, 14, 5, 49, 50]
[10, 39, 40, 21, 8, 52, 19]
[38, 21, 38, 9, 34, 7, 38]
[20, 7, 30, 31, 34, 32, 36]
[28, 35, 37, 26, 51, 35, 15]
[27, 41, 34, 12, 43, 5, 41]
[44, 23, 31, 37, 39, 37, 37]
[8, 47, 33, 33, 9, 36, 5]
[49, 26, 8, 37, 38, 11, 23]
[28, 43, 31, 41, 19, 44, 5]
[38, 17, 23, 36, 47, 51, 45]
[12, 19, 37, 10, 29, 5, 40]
[6, 31, 7, 18, 51, 45, 35]
[44, 52, 11, 27, 47, 4, 19]
[50, 37, 13, 6, 37, 33, 14]
[39, 6, 32, 22, 33, 26, 30]
[42, 44, 14, 40, 23, 51, 17]
[8, 4, 19, 34, 47, 37, 49]
[31, 28, 35, 41, 36, 49, 18]
[14, 22, 19, 12, 28, 27, 51]
[34, 10, 24, 13, 35, 45, 45]
[28, 19, 40, 29, 28, 44, 6]
[29, 13, 28, 51, 14, 49, 52]
[44, 48, 45, 37, 20, 33, 28]
[45, 36, 47, 4, 7, 9, 36]
[18, 18, 52, 13, 12, 33, 40]
[22, 9, 24, 35, 27, 28, 41]
[32, 30, 43, 28, 51, 27, 32]
[49, 28, 39, 16, 44, 27, 27]
[9, 12, 24, 30, 34, 14, 48]
[46, 32, 41, 27, 20, 10, 45]
[11, 8, 27, 6, 37, 34, 10]
[30, 15, 31, 4, 32, 48, 31]
[23, 15, 16, 41, 30, 52, 47]
[38, 27, 8, 4, 12, 47, 28]
[34, 45, 12, 9, 24, 12, 23]
[18, 40, 29, 37, 50, 50, 20]
[34, 10, 25, 50, 46, 10, 8]
[29, 26, 43, 21, 27, 37, 49]
[28, 51, 7, 6, 42, 33, 42]
[6, 37, 48, 9, 24, 51, 41]
[9, 22, 13, 34, 14, 23, 50]
[4, 14, 27, 20, 46, 12, 7]
[52, 38, 29, 37, 46, 43, 26]
[36, 8, 38, 41, 21, 32, 45]
[33, 40, 34, 19, 22, 41, 13]
[25, 33, 32, 7, 6, 38, 27]
[30, 36, 49, 43, 36, 10, 17]
[27, 28, 26, 5, 34, 43, 8]
[6, 36, 37, 14, 32, 4, 50]
[52, 29, 37, 12, 31, 10, 34]
[41, 6, 5, 34, 46, 50, 33]
[8, 29, 9, 38, 36, 46, 9]
[27, 42, 37, 15, 22, 47, 17]
[27, 22, 7, 17, 24, 12, 18]
[38, 36, 46, 20, 27, 31, 25]
[23, 34, 15, 39, 17, 28, 21]
[49, 52, 47, 20, 35, 29, 34]
[52, 23, 17, 26, 13, 47, 39]
[18, 33, 37, 31, 39, 42, 50]
[20, 20, 42, 38, 5, 4, 11]
[5, 33, 37, 20, 30, 17, 21]
[25, 28, 17, 48, 43, 9, 12]
[4, 15, 28, 37, 17, 38, 33]
[34, 29, 32, 4, 48, 20, 34]
[13, 45, 25, 4, 20, 28, 33]
[44, 24, 50, 22, 16, 27, 9]
[4, 7, 32, 23, 18, 28, 30]
[19, 45, 25, 39, 29, 48, 27]
[42, 5, 6, 5, 4, 50, 36]
[22, 33, 22, 48, 14, 7, 44]
[47, 24, 40, 42, 45, 21, 33]
[15, 10, 46, 16, 43, 35, 6]
[10, 28, 48, 24, 28, 42, 40]
[12, 16, 39, 14, 24, 8, 32]
[26, 46, 42, 19, 9, 38, 26]
[20, 36, 8, 31, 51, 6, 11]
[39, 37, 7, 50, 13, 15, 20]
[37, 46, 19, 17, 20, 13, 14]
[41, 49, 32, 8, 37, 22, 4]
[43, 28, 36, 40, 9, 42, 46]
[33, 29, 27, 40, 4, 15, 42]
[41, 36, 13, 8, 13, 39, 40]
[45, 37, 20, 28, 44, 46, 43]
[4, 41, 10, 49, 44, 26, 5]
[33, 38, 13, 8, 27, 12, 50]
[43, 48, 32, 48, 24, 10, 8]
[20, 47, 50, 44, 37, 20, 13]
[48, 37, 11, 52, 24, 13, 5]
[42, 43, 20, 30, 40, 20, 42]
[6, 25, 40, 49, 11, 24, 30]
[10, 45, 48, 47, 49, 30, 28]
[26, 15, 46, 43, 22, 16, 22]
[23, 18, 4, 42, 22, 34, 44]
[31, 18, 26, 40, 52, 16, 43]
[45, 50, 23, 11, 26, 49, 33]
[18, 17, 48, 42, 4, 30, 30]
[18, 49, 14, 44, 49, 25, 9]
[35, 5, 29, 25, 27, 32, 26]
[15, 40, 21, 13, 38, 33, 20]
[36, 14, 16, 49, 37, 41, 45]
[11, 14, 15, 17, 12, 5, 35]
[47, 7, 38, 44, 29, 30, 11]
[31, 41, 41, 21, 5, 29, 8]
[40, 22, 26, 23, 4, 22, 21]
[30, 37, 19, 51, 29, 37, 33]
[29, 31, 18, 40, 50, 26, 24]
[40, 42, 35, 18, 33, 41, 9]
[48, 38, 8, 39, 37, 45, 14]
[32, 47, 50, 23, 38, 33, 25]
[33, 4, 34, 9, 23, 11, 23]
[16, 34, 51, 33, 19, 29, 44]
[19, 37, 15, 14, 40, 42, 51]
[44, 45, 22, 10, 11, 7, 14]
[22, 37, 4, 28, 25, 36, 14]
[22, 30, 50, 49, 5, 51, 10]
[33, 13, 13, 40, 24, 46, 42]
[34, 13, 19, 12, 10, 43, 12]
[49, 31, 24, 13, 36, 5, 44]
[48, 39, 17, 51, 47, 6, 25]
[43, 4, 33, 20, 40, 26, 9]
[33, 18, 5, 8, 52, 26, 35]
[21, 49, 27, 26, 20, 39, 7]
[39, 44, 27, 41, 5, 9, 49]
[34, 11, 20, 5, 28, 14, 15]
[30, 39, 8, 27, 31, 33, 5]
[35, 19, 50, 47, 23, 26, 23]
[6, 35, 32, 9, 22, 10, 37]
[34, 23, 6, 16, 15, 40, 42]
[34, 35, 9, 24, 18, 19, 4]
[7, 18, 37, 52, 31, 17, 19]
[15, 16, 43, 29, 33, 39, 15]
[48, 23, 21, 52, 49, 39, 27]
[52, 31, 20, 14, 24, 22, 27]
[44, 11, 46, 40, 7, 46, 4]
[50, 6, 30, 19, 27, 6, 47]
[39, 20, 36, 11, 12, 21, 26]
[12, 33, 36, 45, 26, 24, 52]
[20, 39, 7, 16, 12, 14, 45]
[14, 21, 43, 16, 9, 5, 7]
[9, 24, 34, 42, 37, 30, 24]
[34, 5, 16, 39, 43, 44, 11]
[25, 52, 5, 23, 15, 28, 47]
[15, 23, 21, 35, 47, 49, 19]
[8, 24, 8, 39, 50, 16, 41]
[23, 32, 11, 36, 41, 5, 52]
[30, 17, 39, 8, 4, 7, 33]
[46, 13, 50, 28, 43, 6, 41]
[36, 47, 25, 6, 5, 37, 20]
[51, 40, 49, 31, 48, 4, 18]
[30, 29, 47, 24, 45, 6, 50]
[12, 18, 42, 30, 47, 17, 14]
[26, 5, 38, 16, 50, 15, 24]
[8, 17, 18, 25, 43, 5, 14]
[18, 48, 40, 37, 32, 30, 42]
[24, 32, 46, 4, 27, 18, 38]
[5, 40, 39, 25, 21, 34, 41]
[49, 52, 44, 28, 27, 8, 40]
[16, 25, 43, 45, 15, 21, 22]
[12, 46, 6, 20, 46, 46, 38]
[30, 48, 35, 36, 45, 42, 34]
[4, 6, 30, 32, 11, 19, 5]
[41, 49, 23, 20, 9, 17, 49]
[51, 17, 29, 11, 7, 50, 19]
[37, 46, 51, 27, 30, 46, 44]
[32, 37, 52, 22, 40, 52, 15]
[30, 24, 42, 32, 39, 40, 20]
[6, 27, 28, 51, 40, 24, 26]
[23, 24, 19, 34, 37, 40, 12]
[52, 52, 20, 20, 34, 36, 45]
[41, 22, 42, 49, 23, 38, 39]
[42, 28, 14, 16, 41, 30, 28]
[4, 14, 42, 11, 50, 16, 43]
[24, 10, 31, 13, 48, 9, 12]
[21, 49, 21, 32, 13, 48, 47]
[47, 52, 46, 14, 4, 6, 5]
[17, 26, 7, 21, 16, 46, 19]
[45, 50, 40, 45, 26, 16, 48]
[31, 28, 36, 44, 9, 52, 29]
[30, 30, 43, 10, 24, 14, 47]
[41, 32, 7, 8, 25, 25, 5]
[4, 37, 39, 20, 48, 30, 19]
[47, 52, 18, 5, 14, 34, 35]
[51, 42, 51, 30, 43, 8, 29]
[50, 18, 45, 42, 15, 15, 50]
[36, 28, 15, 18, 50, 21, 23]
[28, 37, 42, 13, 27, 36, 20]
[33, 11, 26, 38, 26, 11, 28]
[4, 16, 40, 35, 22, 35, 46]
[5, 27, 23, 4, 28, 27, 29]
[16, 39, 42, 25, 48, 16, 19]
[10, 17, 47, 25, 10, 15, 33]
[46, 49, 6, 6, 17, 23, 13]
[28, 5, 32, 20, 42, 36, 22]
[32, 19, 7, 31, 6, 37, 6]
[41, 40, 18, 21, 37, 25, 52]
[17, 37, 32, 51, 13, 16, 24]
[47, 48, 21, 30, 42, 11, 4]
[9, 50, 10, 29, 40, 4, 43]
[5, 30, 16, 52, 11, 17, 50]
[39, 15, 37, 5, 52, 40, 22]
[49, 47, 11, 17, 11, 39, 29]
[29, 33, 10, 47, 22, 25, 50]
[15, 48, 45, 5, 30, 14, 18]
[39, 15, 12, 31, 8, 18, 31]
[12, 21, 42, 11, 30, 8, 5]
[21, 49, 44, 7, 7, 11, 11]
[6, 4, 11, 25, 44, 36, 29]
[38, 32, 12, 38, 12, 49, 6]
[30, 20, 38, 31, 49, 23, 34]
[4, 38, 6, 36, 51, 36, 15]
[31, 34, 45, 29, 30, 9, 41]
[39, 13, 44, 15, 50, 34, 15]
[47, 45, 7, 24, 20, 8, 45]
[15, 31, 9, 27, 8, 26, 24]
[8, 18, 15, 35, 11, 12, 45]
[4, 11, 31, 38, 24, 47, 7]
[6, 12, 41, 16, 12, 18, 12]
[52, 5, 13, 43, 25, 43, 38]
[34, 27, 41, 42, 19, 42, 20]
[20, 39, 19, 40, 12, 29, 9]
[29, 37, 14, 18, 16, 20, 11]
[21, 40, 14, 40, 12, 30, 27]
[52, 52, 37, 47, 52, 43, 13]
[35, 4, 34, 28, 33, 4, 7]
[12, 18, 36, 41, 46, 19, 6]
[15, 15, 43, 37, 20, 20, 16]
[15, 26, 47, 34, 14, 32, 41]
[47, 51, 33, 5, 33, 5, 22]
[32, 16, 40, 36, 36, 9, 43]
[12, 32, 36, 29, 43, 14, 21]
[13, 20, 51, 44, 12, 46, 45]
[50, 5, 30, 31, 18, 15, 32]
[40, 44, 44, 43, 31, 34, 51]
[17, 12, 17, 6, 18, 51, 17]
[46, 26, 39, 24, 6, 51, 33]
[14, 48, 27, 35, 34, 21, 29]
[20, 38, 8, 38, 32, 18, 41]
[19, 12, 51, 41, 45, 44, 12]
[19, 48, 7, 40, 51, 17, 10]
[23, 35, 52, 12, 28, 40, 32]
[48, 45, 42, 5, 35, 23, 18]
[32, 13, 24, 27, 39, 38, 41]
[7, 21, 28, 38, 15, 35, 17]
[17, 14, 29, 30, 11, 32, 45]
[40, 13, 26, 17, 43, 18, 18]
[36, 30, 41, 44, 15, 6, 29]
[44, 47, 28, 17, 6, 22, 18]
[36, 36, 41, 19, 35, 6, 13]
[27, 7, 14, 46, 48, 42, 15]
[14, 31, 6, 22, 7, 35, 41]
[40, 6, 18, 24, 39, 13, 12]
[23, 20, 48, 7, 42, 8, 30]
[14, 10, 4, 10, 27, 6, 23]
[12, 15, 4, 23, 37, 47, 36]
[35, 31, 48, 4, 14, 28, 50]
[27, 7, 35, 35, 44, 16, 41]
[9, 39, 26, 48, 27, 10, 13]
[22, 8, 4, 27, 30, 21, 31]
[19, 14, 33, 37, 13, 14, 10]
[34, 31, 47, 15, 40, 23, 7]
[18, 4, 24, 18, 15, 23, 35]
[51, 18, 11, 17, 19, 13, 10]
[27, 42, 11, 36, 21, 49, 48]
[43, 42, 34, 27, 52, 8, 4]
[40, 31, 37, 24, 31, 10, 42]
[46, 8, 13, 48, 34, 29, 36]
[46, 47, 28, 28, 27, 28, 22]
[17, 11, 4, 52, 13, 35, 4]
[10, 40, 49, 14, 37, 41, 31]
[25, 35, 13, 49, 41, 31, 7]
[4, 47, 5, 29, 31, 38, 39]
[26, 15, 22, 31, 4, 44, 28]
[43, 24, 20, 23, 21, 9, 49]
[19, 44, 36, 44, 23, 42, 34]
[45, 4, 15, 14, 38, 52, 51]
[14, 36, 44, 4, 42, 30, 13]
[27, 37, 30, 37, 17, 29, 47]
[11, 5, 47, 50, 39, 26, 39]
[51, 19, 52, 52, 37, 40, 19]
[42, 8, 15, 32, 29, 5, 38]
[6, 11, 39, 26, 37, 36, 36]
[6, 34, 43, 39, 12, 44, 47]
[8, 51, 45, 13, 31, 5, 46]
[6, 13, 48, 37, 36, 23, 17]
[49, 44, 29, 36, 49, 6, 16]
[37, 45, 30, 7, 13, 32, 12]
[33, 6, 35, 27, 48, 31, 40]
[32, 28, 36, 9, 31, 25, 28]
[48, 19, 39, 31, 46, 31, 29]
[44, 24, 24, 40, 42, 21, 25]
[7, 32, 27, 52, 38, 25, 38]
[27, 19, 46, 29, 24, 28, 15]
[9, 45, 34, 24, 20, 37, 16]
[40, 8, 21, 29, 45, 40, 38]
[27, 5, 10, 23, 52, 5, 47]
[9, 4, 16, 4, 40, 34, 21]
[40, 51, 22, 30, 23, 37, 39]
[32, 15, 49, 37, 27, 26, 20]
[33, 51, 11, 13, 36, 30, 27]
[38, 14, 39, 7, 33, 30, 49]
[23, 9, 6, 39, 13, 32, 46]
[30, 14, 18, 45, 34, 38, 7]
[36, 30, 11, 50, 49, 43, 18]
[37, 49, 42, 26, 49, 5, 20]
[20, 24, 33, 25, 10, 11, 8]
[25, 22, 24, 9, 8, 27, 5]
[47, 44, 20, 13, 43, 43, 31]
[29, 18, 48, 51, 20, 39, 49]
[6, 48, 9, 37, 42, 4, 25]
[11, 28, 15, 16, 7, 20, 41]
[32, 44, 48, 9, 31, 28, 26]
[15, 37, 24, 45, 37, 22, 21]
[8, 11, 36, 11, 10, 22, 11]
[26, 42, 27, 13, 42, 5, 27]
[36, 46, 32, 52, 11, 31, 46]
[5, 45, 8, 18, 32, 46, 6]
[46, 9, 23, 14, 6, 37, 45]
[52, 47, 36, 24, 9, 9, 7]
[45, 10, 9, 26, 39, 23, 40]
[19, 14, 52, 19, 36, 27, 18]
[44, 39, 36, 9, 20, 42, 7]
[44, 31, 22, 48, 46, 16, 51]
[9, 26, 48, 46, 14, 11, 42]
[33, 21, 48, 41, 36, 33, 31]
[50, 9, 33, 46, 16, 14, 51]
[29, 45, 29, 9, 22, 43, 20]
[40, 9, 36, 42, 50, 33, 8]
[39, 34, 31, 22, 18, 15, 45]
[43, 24, 39, 24, 38, 11, 38]
[13, 52, 12, 26, 38, 7, 26]
[48, 28, 30, 50, 25, 6, 46]
[27, 33, 52, 20, 15, 22, 18]
[35, 41, 8, 17, 31, 27, 9]
[4, 39, 6, 25, 43, 18, 22]
[42, 36, 30, 52, 22, 40, 10]
[52, 25, 27, 33, 24, 51, 5]
[24, 35, 50, 43, 30, 12, 46]
[4, 41, 46, 23, 31, 15, 25]
[48, 25, 5, 23, 34, 6, 52]
[45, 36, 15, 47, 38, 24, 44]
[22, 32, 44, 41, 13, 32, 5]
[46, 27, 27, 27, 24, 20, 48]
[8, 49, 35, 34, 15, 12, 44]
[15, 48, 27, 6, 5, 39, 37]
[18, 22, 25, 18, 9, 16, 24]
[16, 8, 8, 20, 22, 50, 35]
[44, 28, 4, 33, 6, 30, 11]
[21, 49, 41, 38, 16, 40, 6]
[37, 38, 14, 5, 12, 4, 11]
[33, 38, 51, 4, 47, 41, 5]
[30, 19, 40, 15, 35, 50, 23]
[49, 44, 48, 12, 10, 39, 22]
[33, 38, 20, 21, 36, 20, 5]
[34, 34, 51, 42, 19, 32, 48]
[17, 28, 5, 37, 10, 44, 17]
[35, 52, 28, 48, 15, 17, 17]
[33, 32, 8, 16, 26, 50, 20]
[27, 45, 41, 15, 10, 14, 10]
[28, 14, 25, 47, 18, 37, 9]
[24, 10, 47, 34, 29, 15, 17]
[46, 35, 41, 11, 52, 30, 30]
[52, 18, 27, 28, 34, 42, 33]
[45, 36, 48, 19, 41, 23, 31]
[34, 13, 23, 38, 51, 23, 39]
[11, 46, 32, 45, 35, 29, 15]
[7, 17, 10, 16, 23, 14, 28]
[37, 5, 12, 33, 10, 45, 10]
[43, 44, 21, 38, 4, 38, 46]
[14, 33, 16, 17, 12, 37, 20]
[9, 33, 13, 46, 23, 32, 39]
[35, 17, 4, 36, 22, 16, 31]
[7, 27, 43, 40, 44, 45, 47]
[6, 13, 15, 22, 45, 41, 27]
[16, 27, 31, 28, 36, 52, 24]
[39, 39, 40, 24, 26, 39, 49]
[25, 12, 52, 15, 40, 43, 4]
[19, 20, 10, 17, 36, 18, 38]
[43, 29, 31, 44, 39, 43, 8]
[10, 45, 12, 37, 35, 42, 17]
[36, 19, 31, 43, 30, 20, 43]
[40, 13, 20, 28, 4, 39, 16]
[14, 19, 10, 31, 52, 26, 37]
[52, 26, 20, 21, 26, 36, 26]
[31, 51, 31, 24, 48, 19, 48]
[14, 15, 35, 10, 13, 41, 39]
[39, 49, 25, 9, 33, 52, 41]
[21, 11, 30, 12, 10, 14, 24]
[22, 42, 29, 46, 12, 31, 19]
[19, 47, 39, 6, 41, 17, 29]
[38, 27, 40, 21, 51, 43, 45]
[13, 17, 43, 37, 14, 25, 51]
[16, 21, 4, 20, 26, 4, 30]
[37, 45, 26, 37, 49, 47, 47]
[6, 29, 5, 38, 4, 10, 41]
[31, 29, 44, 40, 7, 39, 46]
[11, 49, 28, 13, 14, 27, 34]
[18, 21, 46, 30, 40, 45, 22]
[50, 32, 50, 49, 24, 39, 46]
[16, 7, 38, 24, 45, 10, 33]
[25, 25, 26, 36, 43, 48, 26]
[26, 6, 24, 21, 7, 4, 28]
[7, 51, 27, 7, 6, 18, 25]
[31, 15, 18, 19, 22, 43, 33]
[50, 22, 27, 21, 18, 35, 13]
[30, 8, 51, 25, 17, 33, 22]
[21, 41, 29, 7, 29, 45, 28]
[29, 33, 23, 33, 43, 10, 26]
[36, 52, 33, 39, 19, 41, 45]
[35, 21, 14, 38, 32, 37, 42]
[22, 31, 48, 38, 43, 37, 15]
[43, 14, 11, 51, 27, 45, 30]
[23, 8, 9, 8, 5, 20, 40]
[32, 25, 26, 8, 30, 33, 33]
[16, 21, 20, 40, 16, 8, 14]
[16, 34, 36, 25, 6, 16, 13]
[37, 34, 49, 22, 26, 50, 27]
[39, 23, 20, 42, 36, 31, 29]
[17, 44, 10, 34, 33, 35, 28]
[10, 10, 35, 31, 19, 43, 40]
[46, 42, 6, 36, 34, 42, 43]
[15, 37, 50, 28, 24, 34, 18]
[39, 12, 42, 43, 45, 37, 21]
[35, 47, 12, 35, 18, 36, 20]
[17, 27, 7, 32, 14, 25, 14]
[35, 17, 47, 20, 50, 42, 33]
[33, 37, 27, 16, 28, 36, 31]
[22, 25, 47, 9, 21, 8, 33]
[23, 16, 29, 28, 47, 13, 48]
[20, 41, 47, 52, 35, 27, 31]
[12, 13, 17, 19, 29, 51, 14]
[47, 23, 48, 22, 16, 43, 35]
[30, 40, 29, 48, 30, 36, 29]
[47, 26, 33, 15, 45, 31, 29]
[41, 34, 6, 25, 33, 23, 18]
[45, 10, 38, 7, 34, 27, 22]
[16, 27, 6, 26, 12, 20, 22]
[29, 21, 52, 27, 20, 11, 17]
[38, 22, 45, 20, 47, 52, 34]
[36, 11, 18, 14, 20, 7, 14]
[44, 24, 11, 26, 45, 18, 17]
[13, 48, 29, 14, 48, 48, 44]
[42, 38, 43, 51, 20, 4, 24]
[16, 27, 20, 10, 15, 47, 28]
[15, 9, 5, 4, 42, 10, 34]
[8, 7, 37, 42, 38, 12, 46]
[27, 43, 22, 11, 10, 5, 29]
[24, 44, 13, 17, 8, 38, 10]
[46, 7, 16, 50, 10, 20, 34]
[35, 26, 39, 11, 4, 22, 20]
[26, 17, 32, 6, 23, 44, 42]
[11, 5, 51, 33, 17, 17, 21]
[45, 31, 32, 47, 9, 4, 31]
[37, 14, 42, 44, 43, 30, 14]
[9, 41, 47, 17, 40, 19, 32]
[32, 5, 22, 22, 51, 8, 25]
[49, 40, 47, 20, 12, 42, 37]
[40, 44, 46, 26, 33, 38, 17]
[41, 27, 15, 39, 41, 11, 7]
[17, 40, 50, 21, 13, 50, 51]
[42, 18, 48, 15, 44, 49, 51]
[48, 38, 5, 8, 49, 15, 6]
[37, 9, 16, 14, 25, 10, 21]
[23, 36, 40, 44, 18, 23, 25]
[37, 13, 11, 42, 23, 29, 42]
[16, 49, 36, 33, 39, 23, 12]
[30, 24, 51, 50, 31, 17, 13]
[12, 9, 11, 25, 11, 26, 47]
[4, 27, 41, 12, 24, 24, 4]
[26, 25, 14, 12, 48, 10, 24]
[20, 22, 38, 13, 24, 47, 42]
[41, 50, 22, 38, 19, 11, 17]
[23, 30, 37, 10, 44, 44, 52]
[33, 27, 36, 52, 45, 7, 14]
[34, 52, 10, 20, 16, 25, 27]
[32, 39, 4, 9, 7, 42, 40]
[19, 29, 6, 31, 40, 4, 51]
[27, 9, 42, 9, 21, 44, 19]
[8, 47, 32, 43, 40, 24, 24]
[43, 21, 43, 10, 13, 34, 14]
[9, 50, 37, 16, 12, 12, 33]
[41, 47, 46, 17, 10, 14, 19]
[8, 22, 32, 31, 40, 43, 45]
[17, 37, 41, 45, 23, 27, 16]
[29, 51, 36, 51, 23, 49, 32]
[26, 28, 24, 50, 33, 49, 44]
[34, 6, 14, 36, 28, 50, 22]
[40, 24, 41, 6, 29, 4, 14]
[27, 34, 19, 45, 10, 41, 27]
[33, 49, 32, 19, 48, 7, 23]
[50, 25, 42, 39, 41, 42, 15]
[27, 4, 13, 15, 4, 35, 31]
[20, 30, 50, 50, 45, 8, 8]
[46, 16, 15, 39, 51, 40, 10]
[24, 8, 44, 28, 6, 8, 36]
[21, 6, 44, 40, 45, 46, 16]
[44, 43, 40, 23, 9, 18, 17]
[37, 38, 33, 25, 22, 40, 51]
[50, 10, 34, 24, 17, 24, 49]
[15, 34, 20, 44, 27, 24, 15]
[43, 31, 11, 27, 41, 38, 27]
[37, 4, 6, 26, 17, 49, 47]
[12, 30, 42, 29, 34, 14, 42]
[40, 51, 18, 22, 26, 37, 8]
[8, 9, 15, 4, 23, 35, 19]
[49, 41, 30, 49, 51, 4, 26]
[31, 37, 13, 26, 12, 28, 20]
[18, 11, 26, 30, 29, 23, 39]
[5, 25, 34, 48, 18, 6, 51]
[17, 47, 10, 25, 38, 32, 5]
[49, 44, 6, 38, 34, 13, 32]
[40, 25, 23, 32, 4, 18, 48]
[14, 17, 25, 15, 34, 5, 43]
[41, 52, 30, 22, 26, 48, 11]
[32, 21, 47, 14, 41, 11, 35]
[41, 34, 17, 36, 50, 31, 46]
[43, 4, 47, 16, 31, 8, 13]
[20, 39, 42, 49, 5, 29, 4]
[32, 15, 15, 51, 47, 23, 9]
[24, 28, 47, 11, 45, 48, 44]
[34, 46, 51, 7, 25, 48, 34]
[6, 35, 28, 50, 5, 36, 8]
[32, 45, 42, 47, 35, 38, 38]
[31, 47, 23, 31, 24, 29, 19]
[40, 22, 35, 47, 32, 10, 46]
[14, 38, 45, 34, 9, 21, 11]
[47, 42, 25, 9, 44, 17, 10]
[35, 49, 17, 50, 45, 43, 52]
[16, 24, 39, 24, 15, 9, 9]
[47, 17, 8, 13, 47, 27, 31]
[43, 52, 51, 4, 18, 19, 51]
[41, 33, 12, 31, 12, 52, 40]
[13, 5, 12, 6, 48, 43, 25]
[52, 41, 43, 37, 21, 38, 36]
[45, 30, 30, 38, 40, 37, 35]
[41, 12, 6, 42, 25, 13, 16]
[5, 48, 19, 43, 20, 44, 22]
[33, 40, 19, 30, 42, 30, 5]
[47, 35, 27, 8, 16, 47, 37]
[21, 42, 36, 50, 11, 49, 46]
[42, 11, 35, 49, 41, 11, 31]
[36, 41, 22, 44, 10, 24, 22]
[27, 39, 39, 48, 34, 41, 31]
[38, 43, 52, 37, 37, 45, 36]
[8, 36, 32, 52, 21, 50, 5]
[52, 34, 16, 31, 5, 45, 48]
[5, 22, 49, 19, 4, 47, 32]
[47, 37, 45, 18, 40, 52, 47]
[16, 38, 46, 17, 20, 31, 11]
[27, 4, 5, 26, 47, 28, 41]
[38, 37, 40, 24, 19, 14, 16]
[32, 36, 32, 26, 28, 26, 13]
[42, 4, 19, 10, 19, 16, 48]
[42, 37, 5, 19, 14, 48, 28]
[6, 23, 35, 10, 51, 17, 16]
[21, 33, 23, 17, 38, 29, 43]
[43, 46, 46, 24, 5, 52, 4]
[42, 24, 23, 51, 18, 47, 36]
[13, 51, 23, 52, 10, 6, 15]
[51, 6, 14, 43, 16, 24, 27]
[16, 31, 39, 46, 11, 11, 20]
[42, 23, 49, 6, 40, 31, 16]
[11, 13, 48, 14, 4, 32, 9]
[28, 4, 37, 30, 34, 38, 20]
[4, 38, 25, 45, 17, 25, 31]
[34, 45, 25, 21, 43, 44, 22]
[7, 50, 33, 14, 20, 23, 24]
[51, 39, 13, 42, 7, 5, 22]
[42, 34, 49, 8, 18, 6, 24]
[6, 44, 11, 16, 8, 16, 7]
[41, 41, 31, 24, 44, 35, 19]
[11, 38, 17, 11, 28, 35, 51]
[51, 20, 30, 50, 32, 4, 30]
[36, 12, 39, 52, 33, 47, 10]
[26, 28, 40, 35, 6, 8, 48]
[17, 46, 22, 5, 15, 30, 22]
[48, 6, 15, 23, 48, 9, 9]
[20, 30, 35, 6, 33, 9, 41]
[32, 23, 15, 47, 19, 47, 35]
[39, 12, 14, 35, 35, 18, 17]
[14, 41, 51, 34, 26, 26, 18]
[4, 33, 32, 39, 44, 21, 30]
[50, 49, 18, 36, 47, 36, 4]
[6, 4, 8, 52, 48, 26, 15]
[33, 26, 43, 21, 51, 15, 45]
[49, 12, 42, 30, 27, 26, 40]
[44, 6, 43, 52, 41, 37, 52]
[13, 45, 35, 39, 52, 16, 5]
[22, 14, 45, 11, 48, 4, 22]
[36, 28, 12, 35, 11, 24, 6]
[24, 12, 12, 35, 40, 4, 26]
[45, 19, 52, 37, 43, 5, 52]
[45, 50, 6, 11, 38, 12, 11]
[6, 8, 21, 42, 43, 31, 14]
[5, 18, 25, 4, 39, 30, 4]
[31, 29, 7, 44, 6, 34, 45]
[9, 49, 52, 11, 4, 8, 46]
[6, 30, 7, 43, 39, 23, 47]
[39, 25, 5, 50, 47, 39, 19]
[50, 6, 47, 15, 19, 47, 22]
[37, 15, 18, 9, 9, 21, 21]
[7, 44, 42, 33, 50, 16, 52]
[39, 48, 23, 30, 25, 26, 20]
[15, 42, 9, 24, 50, 36, 25]
[47, 11, 37, 10, 44, 47, 10]
[18, 29, 22, 49, 13, 41, 25]
[33, 48, 4, 44, 38, 38, 4]
[14, 42, 52, 47, 21, 51, 50]
[17, 22, 11, 18, 34, 29, 19]
[25, 8, 27, 25, 50, 38, 14]
[40, 38, 26, 35, 51, 50, 21]
[22, 19, 41, 29, 20, 16, 45]
[15, 32, 10, 22, 9, 5, 18]
[28, 7, 27, 26, 23, 36, 24]
[50, 31, 40, 7, 19, 16, 47]
[52, 4, 38, 27, 25, 6, 21]
[27, 50, 8, 44, 7, 31, 5]
[23, 21, 33, 52, 5, 11, 36]
[7, 33, 33, 47, 51, 46, 49]
[31, 24, 46, 16, 51, 15, 45]
[26, 50, 18, 26, 16, 10, 23]
[42, 13, 11, 7, 44, 49, 39]
[13, 37, 4, 40, 19, 46, 21]
[25, 27, 17, 18, 6, 50, 8]
[9, 8, 38, 19, 40, 6, 48]
[43, 27, 46, 33, 39, 20, 49]
[4, 21, 34, 42, 32, 44, 9]
[6, 7, 9, 23, 22, 20, 43]
[25, 52, 51, 33, 5, 28, 35]
[16, 35, 50, 49, 7, 33, 21]
[50, 51, 28, 44, 8, 10, 26]
[5, 6, 41, 40, 34, 37, 17]
[15, 19, 29, 45, 18, 44, 29]
[12, 6, 48, 23, 41, 25, 33]
[37, 23, 18, 51, 28, 5, 5]
[26, 43, 29, 32, 14, 51, 46]
[38, 34, 13, 15, 7, 27, 30]
[13, 48, 24, 14, 28, 18, 43]
[15, 23, 35, 36, 8, 52, 51]
[22, 48, 19, 11, 7, 40, 4]
[10, 42, 44, 37, 11, 11, 23]
[12, 5, 25, 26, 9, 41, 8]
[25, 7, 21, 45, 27, 45, 26]
[35, 26, 51, 41, 32, 22, 51]
[38, 16, 34, 6, 41, 38, 35]
[38, 42, 29, 32, 5, 10, 14]
[48, 36, 36, 39, 41, 8, 47]
[52, 19, 39, 19, 10, 23, 41]
[49, 29, 38, 36, 18, 22, 4]
[45, 37, 39, 29, 33, 36, 9]
[5, 31, 17, 35, 35, 23, 20]
[51, 35, 34, 30, 42, 47, 43]
[32, 24, 46, 37, 44, 32, 17]
[19, 25, 22, 16, 51, 24, 5]
[5, 4, 10, 20, 44, 29, 43]
[41, 5, 21, 35, 34, 12, 21]
[41, 21, 21, 43, 25, 9, 51]
[31, 23, 6, 19, 49, 15, 39]
[41, 52, 33, 51, 33, 17, 29]
[12, 19, 15, 44, 13, 25, 31]
[45, 10, 33, 32, 12, 52, 33]
[31, 33, 5, 9, 12, 4, 51]
[9, 9, 5, 27, 23, 47, 18]
[28, 11, 9, 6, 44, 7, 15]
[52, 26, 29, 4, 44, 44, 23]
[33, 17, 32, 30, 45, 41, 26]
[29, 7, 47, 37, 34, 28, 33]
[39, 33, 28, 30, 46, 34, 7]
[22, 23, 41, 22, 16, 24, 10]
[11, 5, 43, 27, 44, 29, 38]
[42, 20, 4, 25, 31, 29, 45]
[36, 17, 42, 19, 33, 52, 34]
[14, 14, 30, 35, 32, 10, 31]
[51, 39, 36, 47, 4, 25, 40]
[24, 35, 30, 9, 12, 29, 4]
[11, 45, 42, 20, 28, 43, 12]
[51, 39, 33, 5, 17, 40, 25]
[17, 42, 52, 24, 6, 30, 10]
[49, 17, 9, 18, 39, 48, 18]
[27, 47, 23, 44, 13, 12, 49]
[50, 51, 45, 20, 15, 25, 45]
[18, 28, 8, 27, 32, 52, 52]
[38, 38, 17, 23, 38, 31, 9]
[21, 29, 13, 32, 35, 50, 12]
[23, 27, 35, 46, 49, 23, 31]
[40, 35, 34, 6, 26, 31, 39]
[28, 33, 23, 45, 41, 24, 41]
[11, 11, 24, 16, 17, 11, 11]
[43, 20, 47, 21, 37, 19, 20]
[8, 41, 39, 35, 11, 12, 8]
[7, 11, 43, 7, 27, 17, 13]
[49, 24, 27, 30, 22, 16, 46]
[31, 52, 24, 17, 43, 19, 18]
[33, 27, 30, 29, 23, 45, 13]
[8, 8, 21, 42, 6, 4, 13]
[27, 51, 49, 34, 9, 32, 25]
[11, 24, 25, 4, 51, 51, 13]
[51, 16, 48, 4, 51, 37, 35]
[5, 18, 4, 6, 25, 31, 38]
[46, 39, 42, 27, 34, 6, 13]
[43, 52, 45, 22, 41, 40, 30]
[37, 51, 35, 18, 41, 22, 10]
[15, 40, 22, 36, 32, 47, 52]
[46, 18, 8, 29, 6, 19, 31]
[45, 4, 7, 41, 32, 14, 28]
[34, 17, 13, 15, 33, 50, 40]
[28, 49, 4, 28, 28, 5, 7]
[20, 13, 39, 50, 20, 7, 51]
[32, 52, 15, 11, 36, 4, 4]
[4, 51, 51, 40, 11, 14, 35]
[31, 25, 29, 23, 19, 29, 19]
[29, 18, 5, 18, 22, 49, 26]
[34, 41, 34, 9, 46, 48, 26]
[42, 8, 39, 50, 48, 15, 7]
[34, 11, 41, 12, 10, 44, 41]
[38, 23, 22, 30, 52, 48, 12]
[51, 38, 19, 39, 48, 11, 24]
[39, 23, 28, 9, 25, 27, 46]
[51, 10, 17, 27, 21, 27, 45]
[4, 51, 14, 38, 37, 6, 7]
[13, 46, 18, 52, 29, 13, 37]
[5, 45, 23, 34, 16, 8, 22]
[23, 48, 24, 42, 38, 31, 6]
[50, 52, 17, 6, 30, 41, 16]
[23, 11, 15, 26, 5, 8, 39]
[30, 4, 19, 13, 21, 50, 21]
[26, 31, 10, 38, 47, 29, 34]
[47, 47, 19, 46, 23, 19, 24]
[52, 22, 49, 33, 44, 12, 14]
[40, 42, 26, 16, 26, 47, 31]
[38, 23, 6, 51, 43, 29, 21]
[32, 4, 35, 32, 18, 16, 30]
[39, 39, 21, 12, 22, 6, 51]
[36, 15, 10, 40, 47, 16, 34]
[30, 30, 27, 38, 8, 9, 15]
[23, 43, 44, 33, 36, 32, 39]
[51, 22, 9, 14, 8, 46, 27]
[18, 15, 30, 51, 6, 12, 27]
[24, 20, 13, 43, 17, 52, 8]
[7, 8, 26, 30, 42, 12, 24]
[45, 20, 22, 11, 39, 47, 32]
[51, 23, 29, 18, 50, 45, 23]
[45, 32, 18, 45, 39, 50, 38]
[28, 8, 34, 26, 34, 38, 34]
[7, 4, 52, 21, 48, 26, 32]
[13, 7, 8, 34, 30, 45, 12]
[25, 23, 16, 51, 34, 47, 14]
[20, 28, 27, 4, 4, 29, 46]
[42, 12, 33, 36, 36, 19, 26]
[25, 19, 50, 26, 10, 22, 37]
[34, 26, 20, 14, 30, 9, 6]
[37, 20, 35, 4, 15, 50, 27]
[20, 49, 23, 17, 39, 43, 19]
[44, 21, 45, 46, 26, 40, 29]
[25, 5, 27, 14, 23, 13, 7]
[6, 47, 39, 33, 50, 26, 29]
[17, 21, 37, 28, 47, 8, 17]
[52, 43, 48, 30, 42, 51, 13]
[49, 7, 10, 42, 36, 17, 39]
[51, 16, 33, 22, 6, 41, 35]
[35, 51, 39, 24, 42, 27, 48]
[40, 28, 20, 52, 4, 38, 15]
[24, 32, 24, 29, 13, 19, 49]
[23, 46, 16, 10, 4, 36, 50]
[19, 22, 14, 18, 52, 17, 15]
[9, 7, 46, 38, 9, 41, 8]
[10, 46, 5, 12, 5, 10, 35]
[49, 35, 40, 51, 46, 42, 5]
[33, 16, 48, 51, 12, 20, 49]
[29, 48, 46, 33, 43, 46, 38]
[13, 23, 4, 37, 52, 16, 4]
[31, 16, 34, 5, 37, 37, 40]
[5, 29, 32, 12, 11, 18, 43]
[47, 9, 52, 35, 21, 38, 35]
[22, 49, 44, 10, 35, 7, 17]
[9, 11, 32, 38, 26, 46, 9]
[44, 24, 39, 12, 41, 29, 25]
[29, 32, 8, 8, 37, 19, 16]
[32, 47, 40, 24, 7, 17, 20]
[49, 9, 7, 7, 39, 38, 6]
[46, 37, 6, 26, 15, 18, 30]
[4, 47, 25, 46, 10, 7, 28]
[52, 27, 25, 50, 12, 19, 40]
[9, 38, 5, 10, 32, 31, 30]
[10, 9, 35, 20, 11, 24, 35]
[38, 48, 46, 32, 38, 42, 32]
[37, 20, 4, 39, 37, 19, 35]
[51, 11, 31, 51, 32, 15, 20]
[13, 40, 18, 16, 38, 5, 44]
[7, 34, 38, 18, 44, 7, 21]
[38, 22, 31, 51, 5, 40, 26]
[13, 49, 23, 8, 28, 38, 38]
[45, 39, 44, 14, 42, 36, 6]
[29, 19, 10, 37, 31, 15, 31]
[22, 50, 46, 35, 13, 28, 35]
[36, 30, 13, 37, 16, 15, 37]
[33, 25, 30, 7, 47, 40, 38]
[19, 24, 8, 41, 29, 17, 8]
[44, 46, 24, 4, 41, 21, 34]
[22, 9, 35, 41, 35, 50, 6]
[34, 13, 41, 45, 16, 51, 37]
[11, 44, 49, 31, 49, 42, 51]
[21, 31, 47, 45, 23, 43, 33]
[40, 24, 44, 29, 11, 51, 14]
[9, 4, 4, 23, 30, 36, 37]
[27, 52, 22, 36, 52, 50, 26]
[37, 39, 46, 17, 23, 9, 45]
[16, 5, 52, 27, 20, 23, 40]
[5, 44, 45, 41, 44, 28, 20]
[6, 25, 19, 31, 34, 16, 41]
[5, 24, 47, 51, 22, 14, 5]
[50, 17, 21, 37, 19, 22, 23]
[21, 13, 30, 12, 14, 30, 22]
[38, 24, 52, 10, 9, 34, 27]
[14, 10, 25, 19, 19, 44, 46]
[21, 35, 10, 34, 39, 14, 14]
[12, 23, 19, 44, 9, 14, 22]
[28, 42, 4, 47, 10, 20, 48]
[43, 29, 31, 31, 52, 48, 49]
[52, 27, 24, 10, 5, 42, 46]
[46, 49, 31, 14, 5, 46, 28]
[16, 6, 38, 8, 30, 37, 41]
[26, 16, 35, 21, 6, 9, 12]
[40, 36, 33, 32, 48, 22, 48]
[42, 18, 39, 15, 36, 46, 25]
[42, 44, 40, 51, 43, 37, 33]
[13, 34, 17, 48, 39, 49, 48]
[33, 47, 20, 5, 42, 44, 32]
[10, 15, 41, 45, 23, 40, 30]
[12, 36, 52, 12, 7, 35, 15]
[25, 10, 6, 28, 39, 27, 18]
[19, 42, 31, 29, 8, 32, 28]
[45, 44, 15, 30, 35, 28, 28]
[13, 32, 32, 19, 18, 26, 47]
[50, 25, 22, 37, 4, 40, 16]
[14, 18, 12, 39, 31, 46, 26]
[9, 18, 6, 12, 50, 4, 16]
[7, 15, 45, 7, 13, 46, 13]
[35, 16, 45, 46, 51, 31, 35]
[39, 15, 32, 46, 51, 34, 27]
[47, 10, 52, 7, 10, 35, 50]
[13, 43, 48, 8, 49, 27, 13]
[25, 42, 44, 16, 21, 4, 39]
[4, 11, 45, 45, 14, 43, 43]
[39, 51, 32, 32, 24, 37, 25]
[43, 12, 49, 24, 33, 25, 33]
[21, 47, 7, 26, 31, 12, 19]
[18, 35, 9, 51, 27, 17, 28]
[39, 37, 19, 25, 29, 51, 19]
[41, 43, 31, 11, 33, 43, 13]
[26, 38, 7, 50, 10, 29, 41]
[41, 48, 47, 42, 17, 24, 16]
[32, 46, 12, 30, 14, 13, 24]
[9, 24, 12, 42, 27, 6, 32]
[29, 45, 45, 15, 37, 21, 17]
[6, 41, 10, 22, 9, 10, 27]
[38, 31, 28, 22, 35, 10, 36]
[44, 14, 8, 12, 35, 35, 18]
[6, 6, 36, 46, 28, 31, 9]
[26, 32, 29, 23, 44, 8, 50]
[11, 21, 51, 45, 6, 30, 23]
[31, 48, 29, 5, 42, 48, 30]
[49, 13, 13, 24, 23, 34, 19]
[8, 51, 45, 41, 28, 35, 43]
[22, 43, 14, 43, 48, 36, 40]
[9, 44, 9, 41, 44, 34, 36]
[5, 43, 46, 19, 26, 47, 36]
[37, 48, 26, 25, 52, 46, 10]
[31, 48, 17, 29, 30, 50, 16]
[29, 36, 34, 49, 42, 49, 33]
[9, 36, 21, 6, 19, 51, 41]
[20, 21, 7, 48, 7, 16, 50]
[8, 43, 38, 27, 11, 25, 38]
[8, 15, 28, 33, 24, 7, 33]
[14, 35, 6, 32, 26, 12, 40]
[43, 11, 31, 5, 20, 4, 30]
[23, 16, 38, 7, 21, 24, 40]
[38, 16, 9, 31, 17, 44, 17]
[33, 12, 14, 7, 42, 37, 13]
[49, 41, 42, 18, 40, 47, 28]
[14, 35, 11, 36, 41, 50, 26]
[41, 14, 19, 22, 52, 15, 25]
[28, 16, 27, 8, 18, 7, 9]
[28, 13, 28, 26, 51, 39, 32]
[16, 29, 27, 45, 42, 20, 30]
[36, 28, 17, 17, 21, 4, 30]
[50, 23, 27, 6, 19, 44, 41]
[11, 20, 12, 42, 23, 31, 52]
[20, 28, 46, 8, 37, 38, 23]
[31, 25, 50, 18, 50, 30, 21]
[16, 50, 29, 4, 7, 48, 37]
[15, 46, 49, 8, 50, 44, 17]
[24, 15, 45, 50, 25, 33, 25]
[31, 24, 16, 29, 45, 30, 11]
[51, 4, 19, 52, 9, 52, 8]
[20, 29, 51, 16, 38, 27, 26]
[22, 38, 14, 16, 13, 24, 19]
[42, 50, 9, 5, 36, 23, 50]
[41, 20, 34, 24, 37, 52, 36]
[47, 36, 30, 36, 6, 7, 23]
[34, 38, 12, 50, 41, 50, 10]
[42, 19, 15, 47, 44, 47, 43]
[15, 49, 8, 13, 24, 35, 15]
[36, 51, 27, 35, 16, 18, 39]
[40, 49, 9, 43, 15, 27, 44]
[48, 47, 14, 5, 9, 30, 8]
[20, 7, 8, 40, 12, 28, 37]
[14, 35, 42, 11, 40, 14, 4]
[22, 17, 45, 45, 16, 49, 44]
[35, 36, 49, 23, 10, 36, 6]
[9, 39, 6, 41, 45, 41, 44]
[36, 29, 41, 6, 15, 26, 44]
[31, 41, 40, 13, 14, 47, 37]
[46, 19, 5, 20, 42, 14, 39]
[16, 26, 23, 38, 22, 38, 30]
[24, 15, 4, 41, 38, 13, 10]
[42, 13, 5, 43, 42, 17, 50]
[5, 47, 25, 39, 36, 14, 29]
[47, 16, 41, 45, 19, 30, 29]
[22, 16, 51, 46, 31, 40, 48]
[52, 23, 50, 22, 5, 24, 51]
[42, 12, 50, 25, 19, 31, 21]
[19, 45, 5, 32, 18, 50, 28]
[21, 45, 39, 6, 8, 48, 41]
[9, 29, 8, 42, 22, 51, 48]
[27, 40, 29, 27, 8, 14, 25]
[29, 9, 9, 15, 7, 46, 48]
[8, 30, 47, 34, 28, 26, 32]
[14, 52, 26, 49, 40, 4, 32]
[19, 17, 51, 24, 29, 37, 34]
[46, 19, 16, 33, 37, 12, 20]
[38, 19, 13, 41, 13, 13, 35]
[19, 11, 17, 40, 47, 27, 40]
[17, 6, 52, 8, 44, 25, 43]
[10, 7, 21, 35, 50, 4, 7]
[40, 28, 11, 48, 11, 35, 47]
[31, 18, 5, 15, 49, 10, 43]
[13, 46, 13, 10, 25, 37, 48]
[36, 9, 14, 24, 9, 52, 16]
[10, 11, 44, 34, 34, 25, 15]
[25, 46, 9, 9, 52, 35, 33]
[47, 37, 28, 41, 43, 41, 44]
[6, 18, 27, 43, 29, 11, 30]
[20, 10, 22, 28, 42, 32, 14]
[48, 33, 22, 47, 25, 36, 39]
[45, 31, 5, 22, 15, 22, 44]
[19, 6, 50, 9, 31, 44, 19]
[44, 5, 51, 43, 49, 30, 49]
[52, 35, 28, 44, 36, 14, 28]
[7, 28, 35, 47, 26, 28, 43]
[7, 46, 25, 15, 49, 30, 41]
[39, 7, 42, 46, 42, 35, 50]
[31, 7, 30, 32, 46, 31, 32]
[22, 47, 49, 49, 10, 30, 5]
[27, 39, 12, 23, 42, 48, 31]
[19, 28, 7, 38, 48, 38, 17]
[28, 8, 44, 34, 50, 41, 19]
[38, 42, 52, 41, 9, 13, 22]
[12, 43, 43, 43, 17, 40, 19]
[48, 9, 50, 31, 10, 47, 52]
[41, 39, 45, 36, 39, 24, 43]
[19, 50, 27, 20, 37, 49, 10]
[52, 33, 22, 4, 4, 36, 46]
[12, 24, 39, 24, 7, 37, 20]
[40, 8, 4, 10, 18, 27, 18]
[48, 27, 34, 27, 29, 46, 29]
[6, 5, 31, 16, 7, 44, 24]
[25, 14, 41, 5, 51, 22, 21]
[48, 46, 16, 31, 19, 41, 21]
[21, 21, 44, 49, 52, 10, 43]
[38, 31, 25, 48, 47, 38, 28]
[12, 42, 7, 37, 4, 5, 44]
[8, 22, 21, 38, 34, 42, 49]
