[7, 13, 15, 43, 46, 48, 36]
[43, 27, 49, 27, 8, 27, 38]
[16, 43, 9, 18, 24, 46, 50]
[29, 4, 6, 26, 49, 27, 11]
[10, 49, 19, 33, 45, 46, 12]
[31, 48, 6, 24, 41, 45, 17]
[28, 16, 5, 37, 26, 16, 4]
[49, 34, 15, 29, 37, 9, 5]
[31, 20, 33, 35, 32, 26, 41]
[40, 12, 20, 9, 52, 44, 19]
[18, 13, 23, 39, 20, 25, 28]
[12, 19, 47, 22, 43, 42, 44]
[28, 11, 26, 7, 6, 49, 21]
[22, 46, 14, 40, 9, 18, 32]
[47, 14, 25, 26, 52, 13, 4]
[34, 29, 49, 9, 33, 49, 12]
[11, 9, 33, 10, 30, 19, 27]
[41, 20, 19, 38, 44, 17, 25]
[14, 26, 32, 25, 51, 47, 26]
[4, 44, 44, 32, 28, 33, 52]
[28, 45, 19, 15, 48, 44, 29]
[19, 30, 16, 19, 52, 21, 38]
[12, 44, 13, 37, 49, 49, 8]
[38, 19, 25, 31, 22, 26, 10]
[5, 16, 8, 50, 40, 40, 5]
[29, 32, 31, 31, 52, 44, 32]
[14, 40, 14, 4, 48, 21, 24]
[16, 40, 9, 38, 23, 18, 10]
[41, 44, 46, 7, 19, 48, 33]
[12, 26, 4, 42, 16, 36, 47]
[4, 41, 33, 8, 21, 5, 18]
[23, 24, 34, 23, 10, 27, 23]
[7, 7, 14, 26, 31, 11, 28]
[50, 18, 32, 6, 13, 16, 17]
[15, 39, 40, 11, 31, 44, 18]
[21, 33, 27, 16, 15, 18, 31]
[14, 40, 30, 34, 43, 52, 21]
[14, 31, 18, 18, 17, 49, 43]
[24, 14, 31, 15, 10, 20, 16]
[48, 9, 11, 44, 51, 5, 22]
[45, 7, 43, 47, 23, 25, 36]
[13, 7, 47, 22, 11, 38, 50]
[12, 12, 17, 40, 35, 29, 5]
[26, 17, 30, 5, 35, 7, 37]
[47, 24, 50, 47, 33, 18, 45]
[47, 32, 21, 23, 10, 44, 17]
[11, 5, 15, 46, 11, 10, 8]
[30, 47, 4, 48, 26, 48, 50]
[22, 43, 50, 6, 32, 48, 38]
[52, 18, 18, 19, 52, 24, 51]
[33, 5, 43, 9, 27, 29, 52]
[13, 41, 26, 44, 45, 37, 42]
[14, 37, 46, 50, 34, 13, 35]
[46, 22, 4, 24, 49, 27, 29]
[5, 40, 7, 8, 14, 36, 51]
[11, 22, 22, 18, 32, 48, 13]
[52, 38, 34, 11, 27, 39, 35]
[22, 23, 44, 46, 20, 18, 22]
[16, 27, 17, 47, 39, 31, 27]
[20, 5, 23, 25, 19, 21, 10]
[8, 52, 30, 9, 9, 37, 19]
[43, 35, 31, 32, 46, 35, 19]
[40, 4, 8, 46, 12, 25, 13]
[21, 28, 47, 51, 40, 12, 15]
[28, 9, 42, 11, 35, 4, 21]
[45, 7, 12, 47, 5, 33, 18]
[43, 49, 23, 25, 8, 11, 9]
[19, 13, 29, 6, 7, 24, 46]
[4, 17, 40, 45, 5, 22, 17]
[37, 31, 24, 37, 36, 16, 40]
[14, 48, 43, 37, 39, 4, 51]
[13, 30, 14, 39, 35, 11, 9]
[41, 39, 19, 9, 24, 37, 22]
[18, 19, 45, 39, 6, 14, 50]
[18, 41, 5, 7, 5, 7, 16]
[42, 10, 45, 36, 8, 42, 31]
[24, 19, 39, 41, 7, 50, 42]
[16, 24, 6, 46, 28, 9, 32]
[36, 42, 17, 31, 29, 17, 13]
[51, 50, 5, 17, 48, 11, 47]
[41, 8, 49, 27, 42, 31, 34]
[43, 26, 24, 41, 6, 25, 47]
[16, 36, 21, 40, 21, 43, 16]
[40, 34, 23, 31, 44, 24, 16]
[22, 42, 29, 18, 18, 51, 52]
[18, 28, 13, 35, 38, 19, 7]
[13, 11, 51, 15, 16, 40, 18]
[6, 31, 33, 31, 45, 35, 50]
[39, 9, 33, 24, 24, 5, 45]
[29, 30, 15, 29, 49, 31, 43]
[5, 48, 36, 48, 11, 45, 5]
[11, 43, 26, 48, 30, 10, 6]
[35, 46, 39, 34, 42, 10, 40]
[32, 4, 47, 47, 9, 11, 5]
[17, 36, 27, 51, 24, 28, 11]
[9, 19, 34, 24, 29, 30, 38]
[51, 24, 16, 21, 21, 7, 7]
[46, 37, 52, 28, 43, 28, 30]
[34, 12, 33, 48, 9, 44, 40]
[14, 44, 5, 12, 30, 19, 35]
[51, 47, 17, 33, 7, 50, 31]
[50, 8, 40, 41, 12, 4, 33]
[15, 12, 11, 25, 47, 17, 52]
[29, 42, 41, 51, 32, 39, 39]
[51, 14, 24, 10, 5, 31, 38]
[16, 10, 52, 33, 11, 26, 8]
[42, 26, 13, 27, 18, 16, 37]
[41, 26, 32, 43, 46, 51, 31]
[50, 7, 30, 47, 47, 41, 37]
[8, 38, 15, 51, 29, 47, 33]
[37, 49, 5, 19, 22, 23, 50]
[39, 33, 28, 42, 36, 35, 23]
[49, 48, 50, 4, 41, 39, 11]
[42, 32, 47, 47, 12, 47, 33]
[48, 51, 24, 17, 33, 44, 14]
[9, 18, 4, 35, 46, 12, 7]
[24, 35, 17, 5, 6, 15, 39]
[37, 51, 35, 36, 7, 38, 21]
[21, 52, 49, 22, 11, 10, 35]
[4, 26, 38, 15, 26, 48, 31]
[20, 23, 21, 5, 32, 9, 14]
[46, 8, 23, 33, 20, 6, 7]
[18, 21, 8, 39, 24, 40, 5]
[52, 47, 8, 31, 14, 21, 17]
[7, 38, 22, 47, 42, 38, 40]
[52, 46, 10, 24, 41, 5, 43]
[21, 25, 47, 21, 51, 18, 35]
[44, 41, 29, 52, 25, 36, 33]
[21, 19, 31, 8, 6, 8, 21]
[32, 17, 32, 15, 24, 8, 5]
[27, 49, 48, 21, 24, 34, 34]
[25, 28, 30, 7, 4, 29, 37]
[35, 25, 21, 45, 46, 14, 16]
[35, 29, 45, 27, 4, 29, 43]
[26, 21, 7, 21, 49, 26, 51]
[35, 52, 46, 51, 20, 7, 52]
[33, 38, 34, 23, 8, 51, 9]
[44, 37, 32, 29, 18, 22, 23]
[31, 8, 52, 52, 42, 43, 39]
[34, 49, 37, 44, 52, 49, 21]
[5, 41, 48, 43, 23, 31, 26]
[39, 4, 38, 50, 16, 24, 19]
[30, 48, 7, 48, 31, 36, 23]
[13, 38, 7, 35, 10, 41, 4]
[47, 21, 39, 26, 51, 34, 20]
[46, 34, 49, 14, 23, 32, 45]
[13, 45, 22, 5, 37, 14, 32]
[40, 42, 6, 37, 4, 35, 7]
[49, 12, 8, 11, 47, 39, 52]
[36, 44, 32, 39, 39, 10, 4]
[7, 25, 41, 26, 22, 28, 51]
[31, 32, 37, 38, 48, 28, 15]
[51, 4, 45, 46, 43, 12, 41]
[46, 45, 37, 17, 36, 47, 20]
[45, 33, 41, 39, 12, 52, 15]
[18, 29, 23, 41, 37, 7, 33]
[49, 9, 16, 29, 17, 20, 8]
[20, 34, 20, 35, 5, 24, 46]
[43, 25, 47, 39, 26, 33, 47]
[8, 30, 50, 18, 29, 40, 7]
[25, 34, 22, 19, 18, 17, 29]
[35, 30, 6, 25, 22, 19, 45]
[24, 10, 4, 40, 49, 18, 15]
[29, 43, 29, 46, 17, 15, 36]
[11, 41, 39, 32, 37, 4, 23]
[6, 29, 43, 10, 6, 46, 51]
[33, 16, 11, 52, 4, 29, 34]
[42, 27, 21, 26, 14, 33, 11]
[9, 48, 9, 44, 36, 17, 52]
[40, 42, 40, 45, 13, 30, 39]
[37, 47, 52, 25, 23, 19, 52]
[43, 15, 41, 43, 14, 28, 7]
[7, 20, 12, 48, 33, 38, 37]
[22, 31, 33, 26, 47, 49, 49]
[35, 9, 9, 23, 37, 44, 13]
[24, 21, 12, 44, 43, 38, 6]
[38, 17, 19, 10, 34, 14, 37]
[23, 33, 40, 12, 34, 13, 22]
[35, 46, 29, 37, 8, 18, 52]
[48, 5, 15, 9, 21, 45, 38]
[5, 7, 27, 5, 39, 11, 30]
[15, 10, 22, 15, 15, 43, 25]
[27, 42, 20, 33, 23, 4, 30]
[46, 30, 19, 36, 48, 48, 50]
[25, 18, 37, 36, 28, 42, 44]
[27, 4, 27, 20, 29, 10, 18]
[22, 26, 31, 48, 36, 27, 48]
[5, 26, 32, 18, 23, 45, 34]
[10, 20, 6, 49, 23, 8, 8]
[11, 14, 39, 34, 15, 35, 37]
[32, 38, 52, 51, 39, 14, 36]
[47, 32, 46, 35, 30, 30, 38]
[7, 14, 12, 43, 36, 33, 10]
[30, 24, 11, 39, 14, 13, 49]
[34, 34, 52, 22, 41, 19, 44]
[43, 37, 28, 19, 34, 13, 28]
[23, 19, 33, 46, 45, 21, 37]
[29, 52, 24, 16, 4, 44, 45]
[22, 44, 15, 13, 46, 43, 30]
[16, 51, 51, 4, 25, 44, 41]
[26, 11, 19, 29, 52, 19, 29]
[9, 12, 7, 31, 15, 26, 13]
[8, 52, 14, 4, 4, 47, 43]
[29, 23, 23, 25, 23, 41, 28]
[15, 22, 24, 31, 48, 7, 24]
[27, 18, 49, 35, 37, 23, 34]
[27, 20, 27, 45, 32, 32, 29]
[38, 14, 46, 7, 37, 21, 13]
[19, 40, 8, 11, 32, 31, 42]
[38, 21, 35, 13, 10, 15, 19]
[26, 20, 10, 40, 24, 45, 24]
[7, 18, 33, 13, 9, 41, 44]
[25, 26, 39, 36, 13, 35, 27]
[19, 5, 34, 11, 48, 17, 4]
[19, 12, 42, 45, 32, 51, 40]
[18, 52, 13, 51, 29, 40, 18]
[42, 29, 32, 33, 45, 5, 49]
[45, 44, 38, 32, 43, 50, 23]
[13, 22, 27, 22, 48, 18, 5]
[48, 52, 40, 46, 19, 37, 6]
[41, 38, 29, 26, 20, 13, 40]
[48, 32, 18, 50, 25, 23, 12]
[22, 48, 32, 13, 50, 34, 23]
[14, 6, 29, 40, 36, 12, 47]
[11, 30, 45, 52, 17, 11, 27]
[8, 45, 8, 38, 8, 19, 12]
[13, 12, 20, 22, 44, 46, 22]
[10, 51, 34, 9, 48, 16, 32]
[39, 46, 17, 42, 17, 9, 28]
[25, 17, 28, 42, 52, 44, 39]
[28, 27, 20, 20, 31, 11, 16]
[48, 8, 47, 51, 35, 11, 39]
[35, 42, 9, 20, 39, 24, 5]
[42, 36, 29, 41, 18, 26, 28]
[27, 15, 20, 26, 17, 6, 4]
[52, 22, 52, 8, 15, 24, 42]
[18, 18, 24, 43, 34, 22, 42]
[21, 38, 4, 39, 21, 9, 44]
[49, 50, 17, 16, 17, 5, 30]
[9, 17, 29, 27, 52, 29, 31]
[50, 16, 30, 4, 35, 26, 22]
[41, 24, 52, 18, 13, 50, 22]
[47, 43, 32, 49, 24, 49, 16]
[25, 41, 25, 10, 6, 25, 23]
[44, 37, 31, 52, 4, 16, 45]
[26, 46, 28, 52, 50, 42, 40]
[17, 8, 24, 52, 30, 39, 10]
[29, 36, 37, 5, 10, 39, 7]
[6, 11, 44, 27, 40, 42, 4]
[24, 48, 35, 42, 27, 35, 48]
[38, 6, 25, 19, 29, 6, 7]
[4, 29, 35, 30, 22, 35, 47]
[50, 47, 32, 7, 17, 23, 28]
[49, 31, 39, 45, 25, 48, 33]
[20, 49, 27, 12, 17, 19, 44]
[50, 12, 5, 44, 52, 40, 30]
[19, 50, 9, 35, 11, 50, 13]
[52, 13, 35, 35, 21, 24, 23]
[42, 38, 26, 42, 34, 43, 17]
[9, 32, 49, 8, 10, 9, 29]
[44, 26, 14, 19, 4, 30, 6]
[9, 36, 52, 24, 8, 18, 36]
[28, 46, 47, 31, 25, 51, 12]
[38, 44, 30, 4, 40, 41, 43]
[39, 19, 27, 37, 48, 20, 44]
[19, 9, 39, 21, 45, 47, 50]
[37, 31, 38, 49, 25, 16, 26]
[39, 48, 17, 47, 23, 47, 40]
[38, 15, 20, 17, 31, 11, 10]
[31, 10, 37, 47, 26, 48, 48]
[42, 16, 33, 51, 30, 51, 20]
[42, 46, 42, 28, 23, 52, 30]
[17, 40, 22, 39, 26, 27, 11]
[24, 7, 28, 20, 33, 28, 20]
[48, 19, 43, 43, 37, 14, 48]
[21, 31, 31, 52, 34, 50, 38]
[47, 49, 26, 5, 41, 27, 31]
[37, 28, 40, 20, 37, 36, 14]
[9, 25, 24, 44, 14, 22, 14]
[39, 49, 48, 12, 44, 29, 26]
[46, 50, 22, 20, 27, 14, 49]
[26, 12, 33, 51, 51, 43, 4]
[35, 27, 50, 30, 30, 28, 30]
[35, 21, 11, 46, 8, 50, 20]
[41, 42, 49, 7, 51, 11, 16]
[44, 29, 13, 49, 44, 11, 24]
[15, 43, 9, 28, 16, 25, 20]
[16, 30, 31, 34, 26, 29, 17]
[4, 44, 5, 12, 13, 49, 33]
[12, 50, 35, 34, 24, 23, 12]
[38, 47, 49, 38, 35, 45, 27]
[52, 20, 11, 32, 17, 50, 31]
[17, 18, 26, 48, 50, 8, 40]
[51, 46, 34, 19, 16, 47, 14]
[24, 42, 49, 28, 15, 52, 11]
[25, 39, 40, 32, 15, 32, 11]
[38, 12, 11, 5, 46, 29, 50]
[40, 28, 16, 50, 13, 51, 26]
[37, 23, 15, 11, 35, 13, 6]
[44, 37, 44, 40, 7, 26, 14]
[40, 10, 43, 11, 36, 52, 47]
[23, 32, 28, 43, 31, 40, 21]
[45, 36, 15, 9, 14, 4, 36]
[26, 10, 30, 20, 8, 47, 44]
[29, 26, 33, 50, 39, 26, 10]
[22, 52, 48, 20, 43, 36, 28]
[15, 50, 8, 33, 4, 14, 51]
[34, 52, 42, 10, 35, 24, 18]
[27, 10, 28, 23, 12, 38, 11]
[44, 50, 13, 20, 45, 19, 8]
[30, 37, 15, 28, 26, 9, 9]
[21, 33, 9, 31, 42, 5, 39]
[6, 27, 46, 44, 32, 37, 44]
[9, 23, 9, 37, 15, 20, 31]
[37, 7, 15, 34, 8, 45, 26]
[13, 12, 29, 47, 22, 20, 21]
[45, 17, 51, 21, 7, 46, 40]
[38, 20, 17, 43, 47, 37, 6]
[27, 37, 51, 15, 7, 33, 28]
[48, 31, 16, 20, 15, 7, 25]
[52, 8, 4, 28, 33, 16, 18]
[40, 34, 29, 11, 16, 4, 49]
[30, 17, 23, 48, 44, 6, 33]
[14, 40, 42, 31, 40, 13, 42]
[49, 10, 31, 38, 26, 33, 13]
[40, 13, 21, 38, 49, 36, 35]
[19, 47, 42, 37, 51, 29, 6]
[51, 32, 34, 4, 47, 32, 10]
[42, 28, 29, 51, 29, 8, 27]
[31, 52, 15, 41, 49, 27, 51]
[27, 50, 35, 33, 22, 27, 48]
[36, 26, 17, 14, 11, 21, 34]
[15, 39, 15, 21, 28, 16, 25]
[18, 4, 25, 24, 33, 12, 17]
[10, 40, 40, 25, 15, 52, 26]
[17, 47, 51, 13, 38, 4, 48]
[20, 34, 43, 27, 9, 41, 43]
[18, 34, 44, 10, 32, 20, 6]
[41, 43, 27, 38, 42, 24, 42]
[22, 30, 50, 52, 16, 44, 43]
[5, 45, 16, 23, 44, 51, 17]
[23, 35, 5, 10, 16, 13, 7]
[18, 37, 44, 48, 43, 6, 48]
[30, 18, 44, 49, 46, 37, 25]
[10, 36, 39, 32, 22, 26, 30]
[26, 36, 26, 45, 52, 50, 10]
[17, 28, 33, 15, 6, 33, 38]
[27, 19, 52, 13, 19, 7, 13]
[25, 31, 40, 51, 30, 37, 42]
[27, 18, 8, 17, 10, 6, 41]
[16, 49, 16, 41, 17, 46, 28]
[34, 5, 10, 15, 21, 22, 31]
[32, 45, 45, 7, 30, 41, 31]
[52, 40, 23, 47, 5, 42, 44]
[36, 13, 37, 40, 36, 36, 34]
[22, 10, 38, 38, 39, 48, 49]
[13, 25, 21, 50, 17, 18, 14]
[27, 18, 22, 6, 46, 5, 40]
[51, 35, 45, 12, 14, 38, 44]
[45, 12, 39, 48, 23, 46, 24]
[21, 45, 48, 41, 39, 31, 26]
[21, 25, 41, 51, 27, 31, 20]
[14, 41, 47, 19, 38, 6, 25]
[11, 21, 42, 29, 22, 25, 44]
[5, 47, 6, 26, 39, 35, 12]
[29, 52, 40, 7, 49, 24, 37]
[13, 29, 21, 23, 20, 46, 11]
[12, 31, 52, 14, 29, 6, 42]
[17, 9, 11, 38, 34, 40, 17]
[21, 16, 45, 5, 41, 38, 41]
[11, 50, 29, 10, 50, 34, 33]
[50, 27, 41, 37, 47, 15, 11]
[6, 11, 19, 40, 47, 38, 30]
[49, 33, 48, 14, 25, 32, 51]
[36, 50, 17, 43, 51, 43, 23]
[19, 12, 12, 22, 20, 6, 27]
[10, 5, 38, 42, 4, 20, 5]
[5, 36, 36, 20, 29, 32, 32]
[20, 33, 51, 6, 23, 36, 37]
[31, 21, 39, 44, 38, 20, 50]
[32, 12, 22, 12, 12, 22, 40]
[25, 30, 16, 37, 44, 25, 28]
[43, 52, 18, 19, 50, 34, 33]
[37, 37, 51, 45, 47, 34, 19]
[27, 26, 27, 6, 27, 5, 24]
[50, 21, 29, 20, 41, 38, 25]
[26, 47, 16, 16, 27, 37, 47]
[22, 22, 8, 22, 5, 8, 23]
[27, 22, 13, 52, 20, 46, 9]
[6, 17, 24, 33, 41, 17, 35]
[32, 36, 17, 50, 34, 38, 43]
[6, 46, 51, 24, 42, 14, 22]
[38, 19, 39, 35, 36, 7, 26]
[15, 26, 4, 32, 42, 23, 45]
[22, 29, 9, 34, 7, 43, 7]
[22, 52, 9, 33, 47, 51, 21]
[9, 9, 12, 51, 31, 23, 41]
[8, 45, 23, 33, 10, 23, 25]
[17, 16, 14, 28, 41, 8, 4]
[32, 36, 45, 47, 33, 52, 10]
[27, 37, 25, 5, 42, 7, 23]
[11, 15, 28, 7, 29, 25, 38]
[50, 51, 46, 32, 20, 5, 32]
[38, 18, 43, 4, 5, 22, 24]
[42, 49, 12, 39, 31, 7, 49]
[32, 17, 9, 16, 39, 37, 7]
[45, 4, 30, 19, 5, 17, 32]
[33, 32, 39, 19, 50, 19, 15]
[8, 42, 51, 34, 40, 50, 12]
[30, 14, 7, 17, 39, 30, 42]
[45, 26, 47, 46, 34, 42, 48]
[52, 11, 27, 40, 13, 10, 8]
[33, 6, 38, 15, 10, 35, 23]
[44, 51, 50, 13, 27, 12, 13]
[41, 17, 20, 17, 36, 21, 46]
[45, 35, 30, 40, 30, 5, 52]
[48, 39, 20, 5, 37, 39, 18]
[34, 38, 44, 6, 45, 24, 18]
[32, 40, 12, 39, 15, 42, 52]
[10, 7, 30, 15, 28, 27, 49]
[15, 10, 49, 24, 15, 49, 9]
[15, 45, 14, 48, 41, 35, 7]
[22, 44, 41, 45, 45, 19, 21]
[47, 15, 37, 33, 38, 6, 4]
[12, 9, 16, 22, 36, 24, 12]
[47, 6, 21, 26, 19, 48, 30]
[41, 41, 31, 46, 50, 50, 16]
[20, 12, 9, 17, 12, 45, 29]
[39, 15, 6, 25, 7, 51, 46]
[18, 17, 7, 24, 4, 27, 45]
[33, 33, 44, 32, 41, 41, 4]
[41, 43, 37, 45, 50, 46, 44]
[4, 37, 37, 26, 45, 13, 22]
[28, 25, 31, 33, 6, 7, 8]
[11, 26, 17, 18, 15, 26, 29]
[36, 7, 51, 32, 25, 52, 35]
[39, 38, 44, 40, 24, 23, 17]
[23, 38, 17, 49, 6, 50, 19]
[37, 29, 17, 24, 21, 49, 40]
[48, 20, 4, 16, 18, 10, 32]
[44, 35, 23, 31, 18, 45, 37]
[37, 17, 38, 30, 47, 8, 5]
[23, 47, 42, 23, 27, 33, 36]
[46, 35, 7, 37, 20, 7, 10]
[50, 41, 36, 12, 23, 28, 29]
[44, 40, 34, 25, 23, 24, 37]
[23, 30, 27, 7, 48, 28, 18]
[43, 43, 4, 36, 44, 39, 12]
[50, 48, 4, 28, 51, 18, 34]
[39, 52, 35, 31, 40, 17, 33]
[40, 5, 20, 50, 30, 17, 13]
[32, 34, 35, 17, 18, 21, 41]
[17, 46, 19, 6, 37, 22, 44]
[35, 15, 44, 34, 34, 47, 45]
[42, 49, 43, 38, 17, 4, 39]
[47, 11, 30, 18, 36, 34, 37]
[25, 6, 14, 8, 50, 31, 8]
[7, 45, 18, 36, 10, 6, 51]
[44, 21, 10, 48, 25, 32, 39]
[45, 42, 47, 13, 33, 15, 45]
[20, 22, 32, 10, 17, 14, 7]
[46, 33, 36, 10, 13, 16, 50]
[48, 16, 33, 41, 52, 37, 31]
[48, 23, 14, 8, 29, 41, 35]
[26, 15, 28, 19, 26, 9, 25]
[24, 23, 33, 42, 15, 42, 45]
[19, 27, 32, 18, 11, 23, 50]
[27, 27, 6, 48, 6, 8, 15]
[36, 52, 30, 8, 43, 9, 27]
[16, 25, 36, 22, 14, 35, 9]
[30, 44, 16, 30, 47, 41, 20]
[19, 18, 11, 23, 7, 31, 36]
[4, 33, 28, 37, 11, 31, 7]
[8, 24, 45, 28, 10, 32, 20]
[47, 24, 15, 46, 38, 22, 24]
[23, 28, 34, 8, 45, 42, 27]
[39, 44, 11, 21, 29, 34, 6]
[36, 41, 21, 52, 20, 51, 28]
[30, 5, 37, 11, 11, 12, 26]
[20, 14, 25, 43, 47, 29, 39]
[17, 24, 36, 45, 47, 9, 22]
[37, 8, 43, 8, 23, 34, 12]
[32, 12, 45, 4, 25, 34, 18]
[10, 36, 42, 40, 26, 42, 20]
[19, 15, 23, 32, 16, 15, 24]
[52, 23, 42, 40, 40, 13, 46]
[20, 52, 33, 19, 41, 12, 51]
[25, 8, 4, 15, 9, 42, 15]
[42, 45, 46, 47, 19, 12, 9]
[5, 38, 19, 19, 42, 21, 35]
[50, 50, 24, 5, 26, 29, 49]
[14, 48, 26, 33, 20, 10, 9]
[31, 6, 24, 12, 42, 44, 49]
[39, 35, 4, 45, 35, 20, 10]
[34, 50, 10, 51, 20, 14, 20]
[17, 38, 6, 12, 22, 24, 35]
[27, 23, 26, 22, 18, 30, 27]
[49, 11, 45, 49, 44, 14, 13]
[13, 47, 10, 17, 30, 37, 41]
[20, 10, 13, 34, 21, 52, 39]
[36, 50, 52, 11, 5, 45, 32]
[7, 50, 13, 7, 47, 33, 20]
[17, 30, 48, 45, 29, 44, 50]
[37, 18, 9, 6, 19, 40, 5]
[6, 36, 37, 7, 11, 9, 36]
[42, 7, 48, 42, 36, 32, 29]
[44, 39, 15, 50, 47, 25, 36]
[4, 5, 18, 46, 49, 39, 4]
[20, 27, 12, 29, 28, 52, 9]
[46, 5, 14, 49, 52, 47, 51]
[20, 29, 6, 50, 21, 17, 22]
[32, 25, 8, 17, 22, 51, 14]
[20, 41, 46, 14, 51, 8, 44]
[28, 45, 31, 35, 8, 19, 19]
[10, 22, 20, 16, 15, 30, 39]
[15, 51, 9, 30, 10, 39, 31]
[4, 14, 26, 23, 26, 33, 14]
[45, 19, 41, 4, 45, 43, 49]
[39, 25, 15, 8, 40, 30, 18]
[33, 11, 7, 22, 13, 15, 4]
[50, 24, 46, 13, 40, 46, 5]
[31, 43, 33, 26, 33, 42, 17]
[34, 31, 14, 8, 39, 44, 52]
[4, 8, 42, 23, 46, 27, 41]
[32, 27, 47, 10, 31, 40, 8]
[10, 14, 46, 14, 50, 36, 31]
[16, 18, 14, 17, 34, 32, 4]
[38, 35, 48, 33, 17, 30, 45]
[34, 40, 34, 8, 45, 52, 22]
[15, 50, 43, 49, 32, 52, 34]
[8, 16, 12, 52, 10, 11, 36]
[35, 15, 50, 18, 27, 35, 47]
[28, 13, 25, 44, 43, 13, 50]
[29, 39, 25, 34, 23, 33, 12]
[25, 10, 12, 51, 18, 36, 9]
[41, 42, 25, 20, 12, 31, 28]
[25, 34, 49, 28, 43, 18, 37]
[37, 30, 23, 24, 18, 4, 26]
[33, 5, 48, 31, 7, 14, 49]
[34, 49, 15, 41, 10, 49, 9]
[46, 34, 36, 8, 9, 34, 39]
[39, 44, 41, 4, 15, 5, 37]
[19, 8, 47, 23, 34, 11, 7]
[6, 34, 5, 18, 31, 47, 48]
[36, 22, 18, 48, 39, 42, 6]
[38, 41, 21, 13, 37, 23, 46]
[51, 17, 14, 28, 37, 19, 5]
[24, 23, 24, 15, 50, 32, 14]
[33, 45, 31, 15, 26, 52, 25]
[51, 9, 36, 10, 51, 18, 43]
[41, 13, 13, 41, 39, 12, 47]
[49, 25, 38, 12, 35, 37, 40]
[27, 38, 36, 50, 52, 48, 34]
[40, 10, 52, 43, 52, 36, 35]
[19, 22, 6, 41, 24, 44, 15]
[26, 22, 7, 34, 9, 42, 38]
[7, 29, 10, 47, 9, 43, 45]
[30, 15, 38, 22, 28, 43, 28]
[24, 35, 45, 41, 49, 16, 19]
[50, 37, 21, 9, 13, 31, 33]
[7, 43, 46, 52, 27, 45, 43]
[42, 42, 11, 25, 28, 23, 33]
[11, 27, 13, 9, 14, 47, 12]
[41, 40, 11, 29, 29, 15, 38]
[24, 31, 17, 25, 6, 15, 29]
[24, 45, 22, 39, 12, 10, 22]
[5, 46, 31, 21, 42, 21, 37]
[49, 17, 23, 25, 21, 20, 39]
[9, 7, 19, 9, 49, 34, 8]
[45, 28, 48, 44, 40, 16, 15]
[6, 13, 49, 33, 51, 32, 35]
[21, 52, 16, 16, 13, 13, 9]
[21, 20, 28, 15, 21, 5, 19]
[10, 30, 18, 11, 52, 16, 14]
[32, 13, 46, 30, 50, 22, 48]
[5, 48, 18, 30, 37, 46, 47]
[5, 15, 35, 11, 50, 51, 42]
[40, 19, 51, 19, 31, 12, 29]
[33, 45, 18, 32, 7, 26, 51]
[35, 15, 40, 8, 5, 35, 15]
[10, 24, 5, 52, 24, 18, 18]
[45, 34, 34, 25, 13, 35, 30]
[12, 19, 42, 29, 38, 39, 32]
[21, 49, 6, 13, 44, 22, 15]
[32, 51, 32, 46, 50, 15, 9]
[19, 28, 10, 7, 45, 4, 15]
[45, 31, 28, 10, 34, 36, 36]
[21, 10, 27, 38, 31, 31, 12]
[30, 27, 41, 26, 51, 41, 19]
[26, 51, 30, 6, 28, 46, 45]
[8, 51, 44, 6, 5, 39, 18]
[26, 38, 13, 29, 29, 45, 36]
[17, 14, 25, 44, 12, 32, 17]
[17, 21, 22, 46, 21, 20, 37]
[38, 20, 50, 28, 22, 52, 47]
[27, 44, 36, 29, 35, 45, 36]
[16, 31, 27, 34, 42, 48, 19]
[30, 40, 43, 28, 34, 19, 20]
[42, 23, 26, 46, 36, 17, 11]
[25, 33, 49, 52, 22, 44, 23]
[29, 28, 22, 36, 36, 47, 41]
[16, 27, 24, 38, 25, 45, 21]
[46, 20, 26, 52, 25, 33, 17]
[9, 32, 22, 26, 42, 26, 15]
[51, 46, 25, 6, 27, 37, 14]
[10, 15, 34, 6, 28, 17, 25]
[23, 32, 35, 18, 49, 15, 46]
[34, 31, 44, 12, 20, 31, 35]
[17, 20, 25, 14, 48, 48, 20]
[22, 40, 29, 50, 38, 25, 19]
[14, 24, 21, 30, 21, 28, 27]
[34, 6, 5, 27, 46, 52, 31]
[7, 6, 37, 45, 28, 28, 41]
[37, 9, 8, 37, 37, 52, 21]
[45, 41, 4, 49, 31, 35, 46]
[16, 10, 12, 29, 47, 44, 10]
[4, 15, 18, 40, 14, 41, 34]
[42, 25, 33, 21, 41, 22, 8]
[46, 8, 19, 16, 40, 42, 40]
[48, 35, 40, 13, 43, 17, 46]
[36, 18, 48, 44, 22, 6, 8]
[44, 4, 26, 12, 22, 17, 11]
[21, 5, 52, 44, 5, 22, 26]
[15, 33, 12, 21, 17, 19, 43]
[26, 17, 31, 46, 7, 41, 14]
[33, 29, 12, 42, 45, 33, 22]
[19, 25, 50, 41, 27, 5, 34]
[38, 33, 33, 36, 6, 25, 4]
[49, 36, 17, 48, 15, 46, 7]
[38, 16, 14, 26, 34, 33, 31]
[41, 46, 43, 20, 29, 40, 35]
[17, 20, 51, 42, 33, 43, 51]
[49, 13, 23, 51, 25, 7, 24]
[29, 47, 44, 39, 33, 4, 48]
[48, 27, 10, 34, 11, 27, 18]
[34, 49, 25, 24, 19, 30, 32]
[34, 49, 16, 48, 13, 15, 7]
[40, 35, 7, 40, 45, 5, 22]
[6, 31, 40, 5, 45, 14, 25]
[42, 32, 28, 6, 25, 21, 13]
[10, 20, 10, 20, 42, 52, 24]
[16, 21, 49, 21, 31, 17, 46]
[31, 12, 8, 32, 22, 41, 38]
[46, 20, 37, 43, 28, 25, 46]
[5, 18, 38, 44, 28, 46, 12]
[7, 21, 19, 46, 32, 26, 27]
[11, 45, 49, 44, 22, 22, 50]
[4, 47, 15, 4, 11, 46, 29]
[11, 34, 45, 12, 46, 34, 30]
[25, 4, 4, 49, 32, 15, 34]
[15, 11, 23, 26, 8, 23, 34]
[36, 19, 33, 49, 18, 16, 28]
[26, 17, 40, 31, 14, 23, 31]
[25, 26, 19, 22, 36, 44, 24]
[16, 6, 24, 14, 43, 8, 24]
[49, 32, 4, 27, 19, 29, 7]
[6, 14, 12, 15, 52, 17, 25]
[26, 5, 38, 50, 27, 38, 40]
[43, 6, 44, 6, 22, 9, 12]
[28, 48, 28, 24, 39, 41, 22]
[26, 24, 14, 7, 13, 18, 43]
[14, 26, 7, 11, 40, 49, 27]
[14, 52, 50, 42, 19, 28, 35]
[37, 9, 5, 36, 11, 35, 29]
[8, 22, 47, 14, 40, 37, 33]
[48, 15, 48, 41, 10, 36, 37]
[34, 15, 17, 10, 46, 37, 40]
[24, 34, 51, 47, 32, 33, 46]
[50, 40, 18, 43, 35, 4, 42]
[46, 39, 24, 24, 46, 28, 28]
[33, 6, 44, 5, 48, 34, 12]
[29, 8, 51, 12, 15, 15, 23]
[25, 22, 18, 12, 43, 5, 47]
[38, 24, 23, 41, 7, 9, 15]
[10, 11, 51, 43, 48, 9, 42]
[52, 51, 24, 12, 52, 52, 46]
[8, 33, 50, 15, 49, 13, 11]
[13, 49, 45, 31, 5, 42, 14]
[33, 8, 22, 10, 5, 19, 16]
[19, 25, 31, 28, 13, 36, 26]
[30, 36, 30, 21, 37, 9, 41]
[27, 29, 40, 45, 11, 6, 51]
[14, 39, 38, 24, 40, 46, 14]
[12, 21, 5, 17, 20, 32, 44]
[51, 43, 27, 36, 7, 14, 19]
[45, 40, 36, 14, 33, 14, 35]
[19, 9, 49, 29, 43, 4, 52]
[7, 29, 42, 34, 26, 47, 44]
[52, 51, 48, 15, 19, 27, 6]
[36, 48, 35, 20, 15, 9, 17]
[46, 17, 50, 4, 30, 47, 51]
[29, 39, 14, 28, 41, 39, 42]
[43, 31, 19, 49, 5, 48, 16]
[47, 37, 37, 32, 16, 12, 30]
[14, 42, 41, 39, 51, 26, 32]
[12, 10, 6, 7, 50, 40, 21]
[31, 16, 10, 5, 21, 28, 49]
[46, 7, 46, 44, 50, 21, 34]
[51, 42, 16, 18, 41, 15, 12]
[12, 35, 7, 19, 44, 29, 26]
[32, 8, 38, 16, 51, 6, 51]
[28, 6, 12, 35, 8, 4, 47]
[6, 37, 22, 46, 14, 37, 13]
[6, 34, 28, 45, 25, 18, 19]
[12, 31, 40, 38, 46, 31, 21]
[12, 4, 38, 25, 16, 41, 28]
[9, 22, 39, 32, 12, 21, 26]
[31, 13, 19, 36, 14, 30, 12]
[8, 9, 35, 17, 48, 34, 40]
[5, 11, 34, 16, 4, 40, 14]
[5, 18, 41, 40, 17, 40, 32]
[37, 4, 7, 17, 33, 24, 21]
[9, 21, 6, 49, 46, 51, 16]
[28, 21, 35, 43, 18, 20, 21]
[34, 31, 5, 9, 16, 23, 48]
[49, 51, 12, 27, 52, 24, 42]
[49, 45, 16, 20, 28, 10, 44]
[24, 6, 13, 16, 22, 50, 25]
[44, 23, 15, 8, 30, 36, 21]
[7, 51, 4, 32, 16, 7, 17]
[31, 23, 32, 39, 36, 10, 19]
[39, 49, 8, 7, 41, 47, 45]
[40, 17, 42, 12, 29, 52, 5]
[4, 7, 9, 41, 11, 50, 41]
[30, 27, 51, 14, 35, 47, 6]
[19, 41, 10, 23, 9, 13, 41]
[36, 48, 47, 41, 30, 32, 25]
[17, 12, 22, 50, 32, 11, 9]
[52, 51, 38, 36, 44, 36, 4]
[48, 43, 10, 36, 28, 27, 11]
[11, 27, 7, 20, 37, 51, 38]
[11, 44, 47, 23, 44, 14, 43]
[51, 41, 48, 9, 7, 37, 8]
[47, 23, 43, 20, 30, 38, 4]
[31, 6, 50, 18, 12, 46, 30]
[43, 6, 25, 51, 22, 44, 25]
[37, 47, 36, 32, 40, 49, 27]
[10, 39, 44, 25, 43, 43, 48]
[31, 35, 18, 21, 26, 13, 45]
[38, 16, 25, 38, 15, 43, 48]
[5, 48, 10, 52, 17, 27, 6]
[28, 10, 26, 6, 9, 12, 4]
[13, 42, 41, 22, 12, 38, 48]
[37, 49, 16, 49, 21, 40, 8]
[12, 32, 32, 28, 5, 8, 32]
[52, 6, 22, 22, 32, 42, 24]
[43, 7, 40, 12, 24, 31, 14]
[23, 37, 40, 51, 17, 21, 11]
[7, 5, 41, 41, 31, 50, 50]
[42, 47, 46, 43, 4, 36, 47]
[16, 33, 16, 13, 48, 27, 52]
[34, 4, 24, 7, 24, 43, 25]
[32, 48, 45, 13, 24, 30, 46]
[28, 14, 27, 48, 9, 5, 15]
[23, 28, 39, 29, 10, 8, 16]
[7, 51, 26, 18, 41, 10, 35]
[32, 5, 34, 12, 21, 6, 23]
[4, 47, 15, 49, 28, 20, 38]
[7, 14, 20, 19, 4, 39, 8]
[15, 52, 51, 8, 49, 25, 46]
[23, 39, 36, 29, 47, 50, 44]
[23, 37, 48, 31, 16, 50, 49]
[44, 42, 8, 33, 7, 49, 29]
[30, 43, 11, 46, 47, 15, 42]
[43, 13, 10, 11, 25, 5, 6]
[18, 27, 22, 30, 46, 17, 11]
[50, 11, 47, 25, 32, 41, 36]
[47, 51, 51, 27, 41, 36, 13]
[47, 35, 41, 44, 37, 40, 45]
[12, 22, 29, 14, 38, 8, 19]
[18, 15, 13, 30, 24, 34, 5]
[31, 5, 44, 34, 13, 20, 22]
[21, 23, 12, 40, 5, 25, 46]
[18, 24, 44, 49, 40, 10, 5]
[26, 39, 30, 49, 35, 9, 47]
[19, 37, 34, 23, 35, 50, 32]
[51, 14, 5, 22, 48, 26, 27]
[51, 8, 11, 21, 10, 39, 4]
[9, 36, 22, 42, 51, 10, 51]
[41, 47, 11, 26, 19, 14, 45]
[11, 11, 38, 19, 6, 26, 46]
[13, 15, 34, 34, 25, 38, 42]
[41, 42, 10, 35, 42, 7, 33]
[12, 33, 30, 47, 34, 35, 45]
[22, 51, 21, 49, 39, 50, 38]
[24, 39, 23, 45, 34, 34, 15]
[10, 43, 29, 44, 35, 29, 23]
[23, 5, 32, 9, 16, 28, 17]
[48, 13, 18, 4, 14, 39, 34]
[52, 36, 32, 23, 39, 32, 37]
[20, 44, 13, 31, 11, 40, 25]
[21, 35, 32, 24, 30, 51, 29]
[17, 30, 28, 39, 28, 7, 48]
[36, 26, 12, 42, 44, 34, 15]
[50, 9, 49, 30, 50, 27, 44]
[34, 12, 10, 38, 6, 30, 37]
[37, 28, 27, 16, 37, 21, 26]
[26, 18, 39, 44, 11, 4, 47]
[21, 38, 43, 37, 33, 30, 27]
[22, 37, 11, 31, 29, 10, 52]
[29, 18, 10, 37, 38, 11, 50]
[6, 22, 51, 52, 52, 22, 5]
[18, 35, 39, 18, 26, 33, 23]
[36, 46, 13, 16, 49, 17, 10]
[41, 40, 13, 15, 24, 16, 24]
[39, 15, 5, 42, 40, 17, 28]
[49, 50, 10, 49, 43, 10, 13]
[24, 50, 42, 30, 6, 18, 24]
[40, 50, 29, 30, 32, 5, 48]
[18, 11, 18, 21, 44, 15, 9]
[14, 24, 36, 27, 27, 34, 38]
[4, 28, 35, 27, 27, 6, 6]
[25, 17, 20, 48, 16, 43, 10]
[8, 29, 8, 10, 33, 16, 42]
[39, 42, 41, 7, 46, 18, 11]
[30, 19, 30, 18, 16, 43, 14]
[34, 46, 42, 35, 25, 38, 52]
[38, 4, 21, 30, 16, 12, 16]
[15, 21, 36, 28, 4, 8, 23]
[24, 12, 36, 9, 46, 24, 8]
[28, 7, 28, 22, 40, 12, 7]
[41, 15, 43, 27, 12, 23, 45]
[29, 51, 19, 10, 51, 21, 49]
[39, 16, 43, 14, 11, 32, 13]
[29, 8, 48, 52, 36, 45, 35]
[35, 22, 45, 51, 7, 28, 19]
[43, 35, 29, 14, 9, 45, 30]
[13, 35, 37, 30, 39, 24, 47]
[30, 7, 46, 37, 8, 41, 21]
[29, 11, 11, 37, 51, 6, 9]
[15, 45, 42, 29, 18, 47, 9]
[18, 38, 38, 17, 31, 15, 17]
[8, 19, 8, 6, 17, 19, 15]
[35, 22, 41, 45, 4, 39, 19]
[40, 29, 7, 6, 21, 23, 46]
[33, 36, 39, 48, 41, 48, 15]
[30, 6, 26, 24, 44, 43, 24]
[24, 32, 38, 49, 5, 8, 17]
[35, 40, 9, 22, 27, 12, 26]
[49, 21, 28, 29, 28, 33, 23]
[44, 23, 29, 41, 18, 12, 20]
[37, 46, 21, 13, 6, 48, 43]
[50, 8, 41, 13, 23, 26, 36]
[50, 30, 36, 21, 32, 6, 18]
[35, 38, 8, 15, 6, 4, 40]
[4, 49, 7, 10, 31, 8, 27]
[9, 41, 4, 35, 8, 20, 16]
[36, 33, 38, 34, 34, 48, 51]
[46, 16, 8, 50, 30, 35, 15]
[44, 4, 14, 7, 26, 30, 52]
[6, 23, 31, 10, 27, 13, 5]
[35, 4, 20, 14, 38, 20, 18]
[43, 26, 48, 42, 14, 27, 34]
[17, 4, 11, 46, 27, 47, 32]
[11, 46, 30, 36, 12, 27, 6]
[12, 45, 43, 22, 33, 21, 24]
[16, 9, 25, 45, 49, 45, 12]
[13, 16, 6, 18, 27, 23, 41]
[12, 50, 44, 32, 19, 24, 22]
[12, 30, 32, 30, 4, 8, 28]
[20, 45, 41, 37, 25, 5, 21]
[51, 21, 50, 25, 24, 14, 9]
[33, 27, 27, 30, 22, 49, 49]
[29, 30, 11, 9, 34, 7, 10]
[47, 34, 14, 16, 28, 30, 27]
[23, 8, 34, 27, 41, 32, 4]
[9, 33, 28, 37, 46, 20, 17]
[44, 32, 31, 15, 12, 49, 20]
[21, 23, 5, 29, 43, 7, 48]
[7, 39, 20, 29, 20, 12, 22]
[28, 44, 34, 43, 34, 41, 28]
[47, 22, 48, 5, 14, 19, 13]
[8, 7, 50, 42, 46, 46, 35]
[4, 29, 17, 10, 6, 46, 24]
[32, 22, 7, 43, 48, 7, 36]
[49, 28, 37, 6, 5, 39, 34]
[28, 48, 20, 14, 19, 39, 24]
[52, 46, 18, 27, 16, 22, 39]
[7, 43, 47, 36, 27, 16, 47]
[36, 29, 43, 41, 9, 52, 30]
[13, 11, 7, 9, 11, 30, 6]
[23, 32, 37, 13, 4, 34, 42]
[51, 25, 52, 11, 31, 11, 10]
[31, 37, 4, 44, 49, 29, 51]
[9, 19, 35, 5, 13, 41, 14]
[25, 35, 31, 50, 40, 30, 37]
[20, 41, 18, 33, 50, 16, 11]
[35, 39, 26, 47, 19, 31, 32]
[48, 50, 5, 23, 49, 25, 21]
[8, 28, 26, 39, 5, 38, 33]
[5, 11, 21, 13, 38, 20, 20]
[26, 24, 42, 50, 35, 23, 6]
[12, 40, 9, 36, 19, 22, 27]
[15, 9, 19, 35, 35, 46, 27]
[17, 39, 45, 8, 12, 38, 41]
[28, 29, 26, 38, 38, 15, 43]
[9, 13, 35, 29, 50, 43, 42]
[23, 20, 27, 17, 19, 39, 14]
[12, 25, 37, 21, 43, 41, 26]
[16, 24, 52, 29, 31, 16, 12]
[36, 4, 21, 30, 33, 6, 19]
[50, 32, 5, 5, 7, 40, 10]
[51, 51, 15, 12, 7, 48, 22]
[45, 39, 34, 40, 13, 49, 40]
[23, 7, 37, 39, 33, 4, 39]
[22, 36, 6, 23, 37, 49, 34]
[52, 4, 4, 33, 45, 23, 31]
[18, 38, 25, 47, 39, 8, 16]
[33, 41, 35, 28, 14, 26, 25]
[5, 10, 18, 4, 38, 9, 48]
[44, 5, 30, 34, 20, 34, 44]
[49, 14, 49, 4, 8, 4, 31]
[15, 41, 25, 35, 26, 44, 8]
[10, 39, 45, 11, 18, 50, 25]
[20, 13, 13, 34, 48, 20, 46]
[39, 44, 13, 42, 9, 51, 43]
[34, 10, 52, 42, 51, 31, 39]
[5, 23, 23, 11, 30, 33, 30]
[44, 34, 19, 23, 7, 22, 20]
[24, 7, 32, 11, 29, 33, 36]
[42, 19, 46, 26, 32, 45, 43]
[14, 10, 46, 30, 8, 30, 50]
[29, 49, 17, 4, 23, 28, 46]
[5, 43, 12, 28, 13, 17, 41]
[10, 6, 22, 9, 42, 7, 10]
[41, 27, 16, 16, 31, 28, 5]
[40, 19, 16, 42, 18, 25, 46]
[9, 34, 26, 17, 41, 29, 43]
[33, 13, 13, 32, 42, 49, 18]
[31, 23, 46, 5, 42, 25, 41]
[8, 14, 6, 47, 16, 31, 38]
[49, 34, 42, 35, 10, 9, 34]
[10, 48, 7, 8, 12, 4, 6]
[43, 33, 48, 52, 50, 29, 51]
[11, 28, 39, 27, 4, 10, 19]
[31, 21, 19, 35, 21, 38, 26]
[6, 7, 52, 8, 25, 35, 8]
[33, 46, 39, 13, 45, 22, 48]
[6, 32, 29, 7, 8, 36, 41]
[44, 44, 20, 31, 29, 9, 36]
[32, 5, 47, 5, 28, 21, 41]
[43, 13, 40, 39, 44, 20, 39]
[46, 14, 50, 11, 36, 12, 36]
[47, 42, 51, 6, 42, 45, 33]
[52, 51, 17, 4, 38, 28, 29]
[15, 25, 42, 50, 47, 30, 9]
[43, 16, 46, 16, 9, 51, 50]
[16, 46, 10, 24, 37, 40, 17]
[51, 43, 27, 34, 9, 32, 24]
[39, 13, 50, 4, 19, 19, 32]
[10, 24, 35, 23, 13, 37, 16]
[11, 37, 20, 30, 19, 11, 8]
[23, 9, 24, 38, 12, 42, 38]
[40, 9, 50, 28, 14, 15, 38]
[45, 24, 7, 18, 33, 11, 29]
[4, 5, 46, 38, 24, 29, 39]
[22, 49, 16, 50, 43, 22, 52]
[8, 24, 24, 40, 23, 10, 52]
[25, 43, 23, 17, 18, 8, 49]
[18, 43, 36, 19, 20, 6, 33]
[15, 20, 12, 16, 39, 19, 16]
[13, 25, 20, 36, 26, 25, 5]
[17, 27, 39, 14, 10, 13, 27]
[14, 31, 36, 22, 4, 12, 6]
[19, 13, 45, 13, 8, 26, 47]
[47, 41, 52, 37, 19, 29, 20]
[48, 11, 41, 27, 24, 39, 50]
[47, 28, 44, 5, 38, 18, 49]
[6, 30, 22, 16, 21, 45, 49]
[20, 52, 51, 9, 10, 40, 32]
[24, 39, 18, 14, 38, 27, 29]
[33, 25, 36, 17, 51, 5, 29]
[30, 33, 34, 14, 32, 29, 11]
[48, 16, 52, 27, 9, 11, 29]
[8, 4, 20, 38, 44, 28, 20]
[32, 16, 21, 27, 12, 12, 11]
[33, 11, 9, 24, 44, 38, 33]
[27, 44, 43, 45, 45, 25, 22]
[46, 6, 49, 17, 38, 49, 34]
[22, 30, 9, 24, 9, 16, 31]
[6, 28, 49, 20, 17, 14, 26]
[4, 48, 27, 16, 48, 51, 41]
[31, 32, 19, 9, 20, 32, 30]
[45, 28, 21, 35, 20, 49, 13]
[13, 36, 35, 32, 44, 15, 7]
[52, 20, 14, 25, 18, 43, 39]
[14, 19, 41, 33, 38, 32, 15]
[40, 44, 5, 19, 18, 51, 43]
[43, 29, 5, 36, 51, 37, 39]
[7, 6, 11, 4, 35, 48, 49]
[30, 47, 50, 27, 15, 13, 18]
[51, 14, 6, 36, 49, 51, 30]
[35, 17, 6, 39, 19, 37, 16]
[20, 39, 10, 51, 49, 42, 16]
[28, 14, 24, 26, 6, 10, 13]
[46, 20, 25, 21, 8, 10, 32]
[39, 16, 8, 21, 30, 13, 49]
[40, 8, 28, 14, 38, 24, 10]
[36, 16, 37, 25, 12, 21, 52]
[28, 47, 31, 43, 14, 22, 10]
