[15, 36, 46, 52, 29, 25, 22]
[13, 25, 45, 45, 26, 48, 13]
[49, 29, 31, 5, 42, 40, 19]
[41, 20, 24, 7, 49, 12, 33]
[31, 26, 8, 45, 28, 28, 41]
[34, 52, 15, 36, 31, 46, 14]
[41, 42, 15, 28, 16, 45, 27]
[8, 38, 24, 43, 43, 23, 17]
[40, 12, 11, 20, 11, 5, 26]
[16, 46, 35, 22, 4, 34, 20]
[37, 46, 51, 30, 48, 14, 43]
[9, 26, 38, 44, 49, 31, 18]
[32, 19, 19, 49, 50, 7, 39]
[10, 17, 27, 31, 45, 36, 24]
[47, 36, 13, 11, 23, 6, 12]
[48, 23, 35, 21, 13, 39, 16]
[51, 47, 23, 32, 7, 4, 30]
[15, 8, 42, 14, 10, 48, 40]
[27, 29, 44, 34, 27, 21, 30]
[22, 10, 25, 43, 34, 40, 48]
[27, 21, 7, 39, 36, 5, 49]
[22, 46, 30, 28, 39, 29, 5]
[36, 37, 12, 50, 26, 14, 17]
[22, 42, 44, 51, 43, 12, 6]
[40, 9, 46, 41, 45, 5, 12]
[14, 18, 14, 39, 44, 40, 22]
[44, 33, 18, 36, 40, 9, 37]
[20, 7, 25, 22, 27, 47, 16]
[52, 30, 38, 5, 14, 41, 7]
[21, 52, 9, 34, 40, 34, 47]
[23, 41, 17, 16, 37, 51, 39]
[51, 17, 9, 32, 37, 33, 36]
[47, 33, 5, 7, 11, 19, 18]
[21, 50, 39, 24, 14, 22, 45]
[30, 27, 14, 29, 41, 48, 38]
[43, 36, 37, 51, 8, 50, 51]
[19, 52, 16, 32, 52, 50, 10]
[13, 40, 22, 16, 34, 18, 11]
[12, 21, 12, 44, 17, 28, 49]
[29, 51, 46, 4, 14, 22, 8]
[14, 8, 37, 17, 41, 51, 35]
[31, 23, 44, 45, 43, 6, 44]
[36, 34, 26, 24, 17, 24, 51]
[8, 40, 22, 19, 24, 42, 39]
[48, 32, 6, 39, 21, 4, 47]
[38, 37, 5, 20, 24, 18, 18]
[4, 39, 7, 40, 10, 30, 47]
[11, 33, 52, 11, 18, 51, 48]
[6, 14, 33, 12, 23, 18, 45]
[19, 26, 50, 38, 16, 47, 41]
[14, 47, 13, 36, 47, 26, 10]
[37, 5, 4, 40, 50, 10, 26]
[28, 48, 6, 38, 46, 22, 42]
[38, 49, 49, 13, 20, 19, 15]
[46, 43, 20, 26, 10, 20, 46]
[12, 20, 25, 19, 25, 10, 5]
[28, 42, 17, 26, 31, 11, 4]
[33, 23, 4, 6, 18, 51, 25]
[43, 8, 17, 23, 6, 19, 40]
[42, 35, 38, 47, 22, 39, 8]
[28, 39, 11, 5, 38, 24, 14]
[41, 39, 47, 51, 12, 21, 25]
[4, 31, 24, 49, 47, 46, 46]
[23, 6, 33, 17, 26, 26, 23]
[23, 45, 17, 35, 7, 40, 48]
[9, 44, 16, 46, 52, 18, 26]
[10, 44, 10, 10, 41, 38, 44]
[19, 22, 26, 10, 6, 33, 32]
[46, 34, 10, 18, 46, 29, 18]
[13, 22, 20, 15, 6, 17, 12]
[30, 30, 51, 6, 35, 49, 11]
[22, 27, 42, 18, 52, 27, 6]
[50, 44, 16, 4, 17, 27, 46]
[11, 15, 42, 15, 26, 8, 24]
[49, 51, 48, 50, 50, 38, 34]
[14, 46, 41, 46, 51, 14, 28]
[12, 22, 16, 41, 51, 43, 40]
[26, 11, 36, 15, 25, 34, 29]
[10, 4, 24, 9, 29, 37, 4]
[50, 30, 34, 45, 30, 16, 13]
[46, 24, 6, 42, 17, 38, 29]
[19, 50, 5, 37, 9, 23, 16]
[25, 52, 31, 8, 9, 41, 21]
[27, 11, 37, 19, 15, 44, 31]
[32, 36, 34, 42, 5, 31, 39]
[29, 38, 13, 6, 19, 44, 38]
[52, 22, 10, 47, 44, 5, 19]
[39, 7, 28, 13, 25, 11, 11]
[44, 16, 39, 33, 9, 28, 36]
[34, 38, 52, 48, 15, 9, 36]
[38, 51, 43, 31, 9, 52, 35]
[48, 46, 46, 18, 23, 8, 8]
[18, 16, 47, 21, 43, 29, 37]
[34, 28, 22, 11, 27, 31, 49]
[16, 7, 50, 7, 39, 29, 9]
[34, 4, 4, 51, 38, 35, 29]
[17, 28, 45, 46, 8, 25, 23]
[35, 10, 29, 22, 10, 50, 50]
[44, 15, 51, 26, 30, 22, 24]
[42, 6, 22, 47, 32, 17, 47]
[33, 42, 19, 27, 11, 34, 32]
[21, 47, 50, 43, 49, 31, 28]
[24, 17, 21, 52, 41, 46, 25]
[5, 37, 37, 44, 12, 36, 30]
[11, 37, 10, 46, 11, 16, 17]
[48, 19, 43, 15, 50, 39, 52]
[7, 45, 5, 28, 19, 37, 51]
[47, 13, 8, 29, 4, 34, 7]
[45, 43, 39, 30, 22, 32, 52]
[51, 10, 39, 14, 20, 47, 12]
[17, 32, 28, 30, 42, 7, 19]
[35, 13, 14, 37, 22, 35, 46]
[18, 35, 23, 48, 31, 15, 9]
[37, 49, 11, 48, 4, 49, 5]
[16, 26, 51, 14, 19, 36, 21]
[5, 44, 40, 42, 22, 15, 52]
[42, 41, 21, 4, 13, 22, 22]
[26, 35, 4, 44, 46, 10, 41]
[24, 4, 26, 22, 31, 44, 42]
[45, 14, 38, 20, 48, 47, 19]
[45, 41, 46, 10, 28, 19, 52]
[23, 13, 30, 8, 15, 44, 43]
[17, 50, 43, 12, 18, 15, 21]
[35, 11, 27, 23, 28, 32, 9]
[38, 49, 31, 29, 15, 25, 49]
[6, 9, 41, 13, 36, 14, 28]
[26, 8, 33, 33, 44, 48, 26]
[20, 19, 41, 8, 13, 6, 4]
[41, 16, 27, 39, 32, 42, 50]
[7, 40, 29, 8, 38, 13, 14]
[33, 35, 28, 33, 18, 30, 42]
[34, 7, 9, 12, 20, 13, 8]
[46, 16, 31, 16, 28, 9, 15]
[49, 20, 18, 50, 34, 32, 23]
[4, 27, 49, 9, 46, 8, 20]
[16, 51, 10, 22, 27, 4, 34]
[8, 5, 29, 41, 42, 43, 44]
[40, 13, 45, 25, 21, 36, 43]
[47, 12, 15, 49, 37, 11, 15]
[5, 48, 7, 10, 40, 21, 16]
[45, 25, 12, 34, 32, 30, 27]
[39, 10, 48, 23, 34, 32, 48]
[22, 49, 34, 42, 24, 23, 6]
[52, 45, 6, 28, 36, 23, 31]
[43, 6, 49, 17, 42, 42, 38]
[9, 32, 26, 31, 5, 17, 50]
[51, 22, 40, 52, 39, 30, 21]
[18, 47, 23, 47, 37, 52, 46]
[50, 43, 40, 27, 21, 27, 4]
[36, 25, 30, 40, 8, 21, 31]
[6, 23, 22, 14, 10, 11, 15]
[30, 18, 48, 16, 16, 39, 41]
[6, 9, 32, 24, 12, 52, 27]
[4, 40, 32, 26, 51, 20, 38]
[24, 12, 36, 25, 29, 33, 10]
[52, 50, 23, 50, 7, 49, 43]
[15, 15, 18, 18, 23, 41, 34]
[37, 28, 21, 19, 33, 4, 7]
[26, 18, 44, 13, 45, 13, 37]
[32, 11, 14, 21, 30, 10, 42]
[42, 31, 34, 20, 5, 13, 28]
[39, 21, 19, 35, 29, 43, 29]
[29, 41, 45, 29, 51, 12, 35]
[5, 24, 35, 17, 48, 12, 51]
[33, 38, 25, 30, 34, 35, 23]
[12, 43, 32, 31, 38, 28, 30]
[31, 29, 12, 36, 35, 46, 34]
[10, 12, 19, 35, 8, 33, 9]
[9, 33, 33, 9, 33, 35, 10]
[28, 14, 52, 38, 49, 6, 6]
[15, 10, 49, 38, 36, 42, 32]
[40, 6, 50, 6, 13, 24, 33]
[13, 32, 32, 27, 25, 27, 20]
[39, 48, 35, 7, 33, 20, 36]
[36, 27, 9, 35, 44, 24, 32]
[10, 14, 21, 52, 47, 16, 7]
[11, 45, 41, 21, 52, 7, 34]
[49, 39, 42, 4, 46, 20, 44]
[46, 4, 47, 43, 22, 9, 11]
[44, 34, 27, 34, 4, 8, 40]
[8, 30, 28, 37, 40, 17, 13]
[25, 5, 7, 24, 24, 10, 31]
[7, 34, 47, 49, 48, 7, 22]
[35, 21, 20, 11, 12, 26, 33]
[20, 28, 8, 25, 47, 38, 14]
[25, 9, 13, 27, 35, 26, 45]
[32, 24, 15, 37, 45, 43, 45]
[25, 31, 18, 32, 32, 45, 37]
[31, 34, 20, 25, 7, 45, 22]
[7, 20, 29, 23, 30, 15, 50]
[29, 19, 40, 9, 33, 37, 25]
[50, 25, 8, 33, 5, 52, 27]
[30, 17, 52, 48, 14, 37, 20]
[27, 24, 43, 10, 16, 49, 10]
[20, 31, 48, 5, 20, 16, 24]
[21, 18, 36, 40, 39, 50, 13]
[24, 5, 30, 46, 35, 25, 33]
[17, 15, 11, 41, 21, 45, 5]
[43, 29, 36, 12, 19, 41, 35]
[18, 48, 34, 34, 6, 46, 17]
