[21, 12, 18, 41, 21, 22, 12]
[20, 11, 32, 27, 32, 21, 12]
[24, 10, 52, 6, 46, 48, 26]
[50, 15, 37, 28, 25, 33, 37]
[19, 22, 34, 11, 10, 5, 21]
[26, 50, 37, 5, 34, 26, 14]
[14, 6, 21, 18, 12, 40, 27]
[5, 32, 43, 34, 52, 40, 23]
[32, 38, 51, 17, 30, 52, 27]
[46, 28, 33, 30, 37, 17, 47]
[50, 18, 48, 37, 31, 23, 25]
[36, 31, 24, 4, 7, 48, 23]
[35, 6, 9, 33, 48, 27, 42]
[26, 13, 11, 23, 16, 39, 45]
[41, 4, 7, 19, 50, 9, 28]
[44, 41, 10, 14, 19, 12, 47]
[38, 23, 39, 12, 50, 52, 42]
[45, 35, 6, 17, 45, 16, 9]
[46, 34, 24, 46, 17, 51, 20]
[47, 45, 16, 45, 4, 29, 31]
[7, 33, 8, 16, 14, 31, 15]
[44, 28, 16, 52, 38, 9, 11]
[40, 30, 52, 20, 43, 43, 14]
[24, 19, 50, 48, 9, 32, 7]
[9, 45, 13, 18, 33, 50, 18]
[33, 46, 31, 26, 15, 33, 48]
[10, 39, 41, 38, 47, 34, 13]
[22, 34, 50, 9, 12, 37, 39]
[34, 5, 5, 4, 42, 10, 34]
[37, 29, 26, 27, 25, 22, 24]
[31, 49, 21, 5, 36, 46, 40]
[19, 29, 28, 39, 18, 45, 10]
[41, 11, 46, 52, 29, 13, 16]
[8, 31, 36, 31, 40, 44, 39]
[18, 16, 9, 6, 18, 11, 11]
[11, 4, 44, 25, 20, 18, 19]
[30, 49, 12, 23, 51, 23, 5]
[15, 27, 5, 14, 6, 37, 49]
[13, 51, 35, 26, 19, 35, 24]
[11, 20, 7, 22, 37, 11, 8]
[45, 37, 30, 13, 48, 46, 31]
[7, 38, 36, 29, 26, 19, 13]
[48, 22, 22, 15, 24, 45, 32]
[17, 47, 29, 8, 40, 5, 48]
[28, 40, 40, 7, 8, 8, 29]
[39, 51, 51, 11, 21, 44, 30]
[18, 44, 16, 40, 41, 12, 22]
[13, 17, 27, 34, 13, 14, 38]
[15, 48, 47, 39, 44, 41, 30]
[9, 25, 12, 13, 16, 26, 43]
[29, 42, 30, 36, 39, 15, 28]
[49, 36, 15, 37, 26, 30, 16]
[20, 36, 19, 41, 6, 20, 41]
[14, 9, 13, 44, 41, 19, 17]
[52, 25, 34, 12, 15, 7, 19]
[42, 15, 43, 31, 42, 24, 21]
[25, 37, 6, 16, 29, 24, 26]
[33, 43, 32, 42, 16, 4, 17]
[16, 23, 33, 45, 28, 30, 10]
[32, 8, 38, 33, 8, 42, 6]
[21, 44, 10, 28, 39, 21, 4]
[28, 13, 23, 51, 22, 42, 40]
[36, 17, 20, 36, 27, 25, 50]
[22, 14, 14, 43, 33, 35, 25]
[49, 10, 45, 47, 17, 36, 51]
[31, 9, 4, 49, 31, 6, 4]
[40, 40, 41, 8, 22, 16, 41]
[16, 21, 42, 43, 40, 43, 32]
[25, 39, 28, 7, 24, 38, 52]
[6, 32, 20, 21, 27, 49, 9]
[42, 24, 18, 16, 5, 41, 35]
[43, 52, 25, 10, 47, 38, 22]
[29, 21, 14, 38, 28, 17, 43]
[4, 16, 22, 51, 38, 13, 44]
[27, 40, 46, 20, 52, 36, 33]
[6, 19, 11, 49, 35, 14, 40]
[51, 42, 29, 42, 30, 10, 6]
[8, 41, 38, 35, 14, 29, 44]
[10, 20, 15, 46, 20, 25, 45]
[5, 5, 45, 32, 11, 39, 36]
[34, 35, 17, 21, 43, 49, 46]
[39, 43, 35, 9, 23, 6, 18]
[47, 48, 31, 32, 44, 31, 51]
[30, 50, 19, 22, 11, 34, 7]
[12, 16, 44, 44, 23, 47, 37]
[43, 30, 8, 24, 4, 8, 5]
[52, 8, 25, 29, 36, 18, 36]
[23, 18, 23, 19, 49, 40, 49]
[35, 7, 39, 50, 49, 27, 46]
[4, 26, 47, 40, 35, 4, 16]
[12, 33, 4, 35, 34, 28, 34]
[51, 7, 26, 15, 45, 32, 8]
[37, 47, 49, 25, 13, 28, 33]
[16, 26, 40, 30, 7, 16, 20]
[48, 12, 49, 47, 46, 51, 29]
[40, 46, 48, 40, 51, 20, 35]
[23, 24, 17, 10, 32, 7, 38]
[17, 52, 27, 48, 5, 15, 50]
[27, 27, 40, 24, 10, 50, 15]
[38, 14, 42, 50, 9, 47, 52]
