[21, 21, 19, 13, 15, 30, 17]
[33, 35, 19, 32, 32, 7, 21]
[6, 24, 23, 27, 51, 51, 34]
[8, 47, 50, 30, 39, 40, 42]
[51, 15, 38, 7, 26, 34, 36]
[7, 5, 21, 34, 50, 22, 7]
[50, 35, 11, 14, 52, 21, 26]
[17, 43, 4, 5, 36, 36, 34]
[40, 52, 39, 48, 49, 16, 52]
[35, 23, 23, 35, 40, 6, 40]
[27, 20, 52, 22, 41, 39, 36]
[23, 5, 13, 20, 28, 47, 7]
[41, 36, 51, 13, 23, 9, 50]
[29, 7, 47, 50, 6, 11, 21]
[49, 43, 37, 12, 47, 8, 31]
[13, 43, 27, 7, 50, 50, 14]
[36, 6, 38, 40, 47, 48, 26]
[12, 23, 11, 22, 50, 41, 43]
[29, 13, 46, 6, 30, 36, 16]
[43, 4, 5, 11, 4, 25, 34]
[9, 28, 11, 49, 22, 4, 29]
[17, 35, 19, 19, 21, 14, 42]
[18, 21, 16, 42, 44, 49, 27]
[50, 35, 38, 36, 27, 5, 37]
[47, 30, 6, 23, 22, 5, 8]
[16, 16, 45, 5, 52, 4, 44]
[39, 10, 17, 9, 5, 24, 13]
[39, 45, 10, 14, 22, 37, 43]
[50, 25, 9, 32, 42, 31, 15]
[36, 47, 52, 43, 26, 18, 23]
[8, 27, 22, 17, 46, 21, 39]
[7, 50, 18, 36, 47, 42, 34]
[40, 45, 52, 47, 33, 50, 45]
[47, 36, 51, 15, 29, 7, 30]
[52, 18, 31, 22, 23, 34, 42]
[10, 52, 17, 17, 44, 25, 47]
[51, 44, 31, 23, 45, 19, 37]
[24, 7, 29, 10, 36, 16, 51]
[16, 22, 42, 24, 32, 52, 9]
[48, 26, 23, 46, 40, 26, 47]
[4, 16, 20, 4, 42, 26, 19]
[51, 50, 16, 47, 38, 38, 31]
[29, 32, 33, 11, 42, 23, 33]
[48, 47, 6, 23, 6, 8, 49]
[34, 33, 4, 51, 50, 41, 45]
[8, 6, 17, 23, 9, 9, 40]
[50, 7, 18, 8, 35, 4, 28]
[30, 26, 40, 37, 8, 48, 32]
[52, 5, 29, 12, 18, 21, 16]
[38, 51, 19, 24, 30, 51, 17]
[27, 20, 50, 19, 30, 28, 49]
[40, 19, 43, 30, 32, 17, 14]
[18, 43, 11, 28, 36, 11, 37]
[31, 44, 45, 13, 13, 20, 44]
[46, 31, 48, 5, 11, 14, 45]
[34, 32, 28, 23, 41, 39, 14]
[39, 44, 45, 44, 36, 18, 13]
[25, 6, 19, 17, 42, 29, 23]
[17, 40, 34, 47, 46, 15, 26]
[12, 39, 41, 31, 35, 51, 33]
[32, 29, 38, 52, 35, 43, 50]
[27, 33, 23, 14, 22, 42, 48]
[26, 20, 10, 33, 5, 35, 33]
[9, 40, 40, 21, 42, 43, 42]
[36, 6, 27, 16, 34, 13, 35]
[47, 7, 8, 15, 26, 42, 5]
[27, 52, 18, 41, 14, 9, 8]
[52, 17, 14, 50, 35, 6, 14]
[14, 27, 11, 13, 45, 11, 25]
[8, 33, 13, 47, 28, 34, 44]
[6, 39, 46, 8, 20, 31, 13]
[16, 9, 8, 16, 20, 22, 32]
[45, 35, 52, 27, 25, 44, 17]
[7, 4, 46, 35, 11, 10, 37]
[26, 48, 40, 5, 48, 24, 47]
[46, 33, 50, 49, 29, 10, 29]
[31, 16, 8, 28, 27, 49, 27]
[30, 8, 49, 45, 11, 38, 17]
[35, 24, 45, 45, 52, 20, 46]
[38, 26, 42, 36, 52, 49, 23]
[44, 42, 10, 24, 37, 23, 42]
[9, 25, 47, 26, 15, 41, 45]
[37, 16, 43, 40, 20, 24, 21]
[42, 41, 34, 15, 52, 40, 52]
[35, 12, 22, 35, 8, 38, 17]
[10, 36, 24, 31, 26, 24, 13]
[6, 50, 27, 12, 16, 6, 27]
[7, 38, 49, 17, 14, 17, 49]
[25, 38, 51, 17, 49, 32, 45]
[23, 31, 15, 18, 13, 6, 40]
[52, 50, 14, 18, 17, 28, 38]
[34, 18, 37, 31, 42, 44, 31]
[25, 44, 40, 44, 39, 13, 42]
[9, 28, 50, 42, 16, 27, 34]
[33, 6, 7, 21, 30, 4, 27]
[36, 30, 32, 46, 31, 31, 33]
[31, 29, 24, 39, 34, 45, 5]
[15, 22, 10, 41, 10, 19, 4]
[29, 51, 47, 20, 14, 52, 43]
[41, 23, 48, 37, 25, 45, 49]
[12, 49, 18, 29, 11, 31, 5]
[26, 38, 29, 35, 21, 30, 23]
[20, 33, 5, 5, 43, 32, 22]
[40, 35, 6, 50, 21, 44, 7]
[24, 10, 4, 36, 22, 5, 43]
[5, 16, 42, 12, 43, 19, 4]
[31, 32, 25, 16, 44, 12, 36]
[12, 51, 7, 22, 33, 9, 20]
[16, 8, 28, 29, 9, 12, 22]
[27, 5, 12, 11, 22, 52, 10]
[44, 22, 46, 27, 11, 45, 45]
[13, 49, 22, 9, 42, 29, 41]
[30, 11, 30, 25, 48, 42, 8]
[4, 17, 15, 10, 7, 30, 28]
[8, 13, 6, 33, 43, 19, 35]
[11, 47, 35, 38, 5, 50, 49]
[38, 4, 33, 32, 34, 50, 31]
[51, 36, 40, 8, 38, 30, 51]
[35, 45, 48, 7, 15, 6, 45]
[20, 52, 31, 35, 12, 24, 29]
[5, 12, 51, 20, 13, 4, 19]
[46, 22, 37, 43, 26, 46, 20]
[16, 51, 10, 4, 23, 35, 16]
[48, 50, 42, 14, 28, 12, 17]
[28, 24, 12, 33, 13, 32, 23]
[5, 48, 49, 7, 8, 37, 20]
[21, 28, 28, 51, 4, 30, 52]
[23, 13, 44, 42, 10, 16, 30]
[45, 26, 10, 49, 38, 16, 15]
[39, 14, 13, 6, 9, 37, 38]
[45, 15, 28, 23, 41, 20, 45]
[50, 45, 10, 18, 13, 6, 21]
[48, 48, 25, 35, 40, 17, 20]
[27, 48, 44, 29, 21, 33, 36]
[30, 38, 50, 51, 39, 28, 21]
[48, 52, 15, 15, 48, 15, 35]
[26, 29, 5, 33, 29, 49, 11]
[31, 25, 32, 48, 32, 15, 10]
[29, 17, 17, 28, 46, 48, 29]
[14, 51, 51, 39, 48, 15, 43]
[20, 30, 39, 36, 45, 45, 27]
[35, 13, 33, 13, 16, 39, 12]
[9, 9, 32, 32, 17, 15, 36]
[8, 34, 23, 41, 49, 4, 20]
[19, 33, 38, 30, 47, 40, 51]
[47, 14, 17, 13, 6, 26, 34]
[33, 27, 38, 6, 45, 14, 26]
[40, 15, 23, 28, 26, 13, 10]
[40, 23, 31, 44, 49, 47, 30]
[52, 44, 44, 12, 38, 5, 37]
[23, 45, 27, 11, 48, 23, 45]
[34, 22, 10, 32, 32, 51, 50]
[40, 21, 26, 46, 47, 32, 6]
[37, 37, 48, 25, 10, 19, 13]
[45, 17, 34, 26, 19, 8, 17]
[25, 44, 23, 35, 21, 29, 12]
[5, 45, 49, 18, 49, 21, 48]
[44, 22, 52, 11, 12, 7, 46]
[38, 36, 30, 28, 18, 38, 10]
[41, 48, 20, 14, 14, 22, 48]
[9, 40, 20, 11, 41, 10, 40]
[17, 38, 12, 19, 27, 52, 40]
[44, 26, 10, 34, 26, 26, 26]
[7, 27, 8, 35, 14, 39, 47]
[24, 37, 42, 26, 16, 19, 23]
[29, 8, 39, 29, 23, 20, 40]
[42, 47, 15, 50, 41, 18, 21]
[46, 27, 18, 21, 29, 34, 26]
[22, 9, 28, 30, 44, 37, 41]
[17, 11, 32, 25, 18, 13, 37]
[13, 28, 24, 8, 18, 47, 51]
[36, 7, 34, 46, 32, 31, 38]
[37, 11, 37, 40, 51, 8, 35]
[7, 6, 11, 30, 43, 12, 18]
[19, 20, 12, 25, 52, 39, 19]
[18, 5, 45, 30, 11, 42, 15]
[32, 14, 13, 30, 51, 35, 22]
[19, 4, 44, 29, 13, 7, 44]
[49, 27, 20, 36, 18, 14, 29]
[21, 11, 19, 21, 40, 36, 44]
[20, 11, 45, 7, 29, 27, 50]
[51, 5, 16, 14, 13, 33, 7]
[50, 39, 5, 21, 24, 52, 38]
[20, 40, 26, 39, 9, 49, 8]
[48, 43, 31, 50, 44, 50, 11]
[4, 8, 39, 52, 31, 23, 47]
[45, 21, 39, 9, 33, 8, 23]
[17, 52, 27, 49, 15, 7, 51]
[13, 29, 4, 6, 35, 22, 19]
[41, 18, 6, 33, 5, 5, 35]
[14, 46, 11, 19, 21, 50, 6]
[11, 15, 41, 30, 37, 50, 42]
[25, 51, 36, 4, 4, 39, 46]
[22, 25, 9, 26, 7, 29, 25]
[16, 45, 27, 41, 5, 9, 52]
[52, 8, 16, 5, 4, 18, 8]
[18, 43, 35, 15, 27, 34, 50]
[13, 20, 25, 27, 37, 25, 7]
[10, 18, 21, 50, 4, 37, 39]
[38, 49, 11, 21, 31, 23, 28]
[21, 36, 37, 19, 6, 34, 11]
[36, 47, 23, 31, 51, 50, 46]
[40, 12, 52, 25, 31, 49, 15]
[7, 21, 47, 30, 30, 22, 50]
[11, 41, 26, 23, 48, 43, 28]
[47, 29, 30, 50, 22, 39, 26]
[48, 40, 40, 45, 37, 42, 24]
[20, 47, 11, 22, 36, 36, 6]
[43, 46, 34, 20, 8, 45, 50]
[6, 30, 16, 8, 28, 31, 48]
[33, 39, 24, 19, 19, 40, 32]
[51, 41, 45, 43, 30, 40, 24]
[48, 46, 41, 50, 37, 19, 23]
[14, 27, 36, 37, 41, 51, 41]
[48, 28, 48, 20, 9, 21, 4]
[26, 12, 14, 19, 50, 48, 5]
[10, 23, 8, 7, 21, 16, 22]
[8, 41, 41, 37, 19, 18, 51]
[32, 19, 14, 43, 7, 18, 48]
[36, 23, 12, 37, 38, 17, 9]
[49, 45, 33, 32, 25, 10, 11]
[26, 31, 35, 51, 12, 36, 37]
[10, 18, 37, 33, 6, 28, 5]
[37, 51, 50, 25, 25, 10, 28]
[26, 4, 5, 34, 27, 11, 27]
[44, 48, 8, 21, 28, 42, 10]
[39, 24, 24, 4, 17, 18, 17]
[19, 7, 44, 29, 35, 18, 15]
[52, 10, 15, 12, 24, 8, 31]
[7, 32, 14, 38, 47, 26, 12]
[22, 46, 36, 34, 49, 12, 25]
[35, 16, 22, 48, 7, 30, 36]
[22, 17, 21, 5, 29, 28, 6]
[14, 35, 52, 8, 29, 39, 14]
[7, 34, 7, 51, 52, 24, 52]
[28, 13, 20, 44, 33, 21, 41]
[45, 10, 42, 7, 44, 21, 36]
[34, 33, 36, 51, 46, 27, 19]
[9, 43, 6, 22, 39, 16, 21]
[14, 11, 20, 31, 4, 32, 22]
[10, 6, 29, 7, 5, 49, 33]
[30, 41, 35, 16, 21, 9, 22]
[45, 36, 16, 23, 4, 36, 11]
[30, 9, 41, 34, 49, 16, 48]
[28, 8, 33, 10, 33, 5, 30]
[8, 49, 6, 45, 5, 46, 49]
[31, 50, 25, 42, 5, 28, 25]
[6, 30, 21, 23, 50, 51, 50]
[27, 18, 33, 47, 40, 43, 32]
[19, 40, 18, 4, 50, 35, 25]
[37, 49, 9, 50, 10, 29, 22]
[15, 19, 40, 16, 51, 5, 17]
[21, 17, 49, 34, 11, 20, 15]
[44, 29, 48, 13, 17, 11, 39]
[4, 37, 16, 28, 22, 50, 29]
[8, 20, 31, 22, 14, 22, 12]
[41, 36, 44, 25, 19, 47, 35]
[12, 22, 50, 16, 12, 35, 4]
[18, 46, 10, 17, 31, 15, 47]
[5, 42, 40, 36, 14, 22, 4]
[27, 45, 6, 27, 16, 20, 23]
[39, 45, 49, 6, 20, 23, 11]
[28, 37, 33, 38, 12, 44, 13]
[15, 9, 50, 9, 19, 36, 47]
[42, 5, 26, 40, 8, 48, 13]
[4, 8, 26, 20, 39, 45, 50]
[50, 32, 24, 48, 43, 8, 27]
[4, 37, 12, 51, 22, 43, 31]
[5, 4, 23, 45, 8, 48, 14]
[5, 17, 36, 42, 36, 27, 47]
[19, 13, 7, 5, 26, 15, 41]
[12, 35, 32, 45, 20, 7, 34]
[26, 31, 9, 32, 50, 31, 24]
[26, 14, 27, 10, 5, 34, 20]
[42, 40, 51, 43, 15, 32, 19]
[38, 41, 13, 39, 32, 41, 17]
[31, 6, 42, 42, 24, 25, 29]
[9, 44, 11, 32, 14, 26, 40]
[21, 9, 38, 14, 28, 23, 18]
[51, 26, 30, 16, 23, 32, 24]
[19, 19, 44, 37, 34, 7, 32]
[43, 5, 37, 29, 18, 52, 13]
[5, 20, 30, 16, 27, 41, 16]
[11, 50, 46, 5, 34, 34, 44]
[42, 44, 21, 39, 46, 27, 24]
[28, 21, 47, 12, 44, 13, 22]
[42, 19, 26, 10, 23, 38, 18]
[43, 41, 44, 28, 31, 25, 14]
[27, 16, 27, 43, 13, 13, 28]
[21, 10, 39, 21, 47, 47, 35]
[42, 17, 46, 15, 23, 7, 22]
[45, 12, 22, 10, 18, 14, 31]
[21, 19, 32, 13, 48, 42, 6]
[28, 37, 15, 46, 33, 41, 20]
[28, 40, 19, 34, 42, 23, 8]
[4, 32, 7, 52, 10, 19, 38]
[40, 18, 45, 4, 25, 44, 40]
[39, 19, 9, 19, 24, 48, 8]
[10, 43, 27, 18, 25, 12, 48]
[6, 34, 15, 33, 39, 43, 52]
[11, 34, 27, 45, 44, 44, 49]
[36, 9, 19, 51, 10, 33, 41]
[24, 26, 28, 42, 23, 21, 5]
[35, 28, 31, 44, 23, 6, 46]
[15, 24, 30, 4, 8, 4, 16]
[30, 12, 9, 48, 40, 22, 33]
[17, 30, 44, 22, 30, 41, 24]
[6, 40, 42, 26, 45, 35, 25]
[16, 27, 22, 48, 43, 11, 4]
[26, 35, 35, 4, 43, 21, 43]
[38, 6, 47, 42, 37, 35, 30]
[41, 13, 37, 34, 21, 11, 6]
[49, 46, 20, 6, 24, 45, 4]
[33, 32, 43, 49, 27, 22, 33]
[50, 43, 34, 15, 27, 26, 18]
[37, 29, 37, 38, 48, 33, 50]
[30, 49, 50, 24, 30, 38, 9]
[37, 42, 6, 38, 28, 17, 49]
[22, 43, 35, 34, 40, 21, 4]
[16, 48, 29, 13, 45, 38, 52]
[44, 23, 21, 46, 38, 23, 40]
[18, 4, 16, 18, 21, 29, 19]
[13, 33, 18, 24, 15, 38, 20]
[25, 29, 4, 44, 34, 32, 16]
[17, 24, 29, 17, 46, 20, 46]
[42, 31, 5, 27, 11, 27, 39]
[15, 39, 36, 36, 34, 11, 7]
[19, 30, 49, 8, 25, 9, 34]
[29, 25, 16, 10, 43, 31, 28]
[34, 14, 38, 44, 48, 33, 22]
[41, 28, 31, 38, 46, 17, 9]
[12, 46, 35, 40, 42, 5, 35]
[29, 26, 39, 19, 25, 27, 39]
[42, 25, 13, 14, 29, 46, 12]
[19, 8, 26, 35, 47, 16, 33]
[43, 34, 8, 6, 16, 28, 28]
[17, 15, 6, 40, 48, 14, 9]
[41, 14, 4, 52, 19, 41, 47]
[26, 13, 30, 10, 24, 30, 7]
[50, 37, 13, 40, 38, 36, 8]
[43, 12, 26, 32, 50, 6, 35]
[52, 30, 28, 9, 17, 27, 13]
[28, 23, 16, 35, 45, 25, 21]
[9, 41, 6, 48, 32, 48, 14]
[23, 38, 34, 31, 44, 5, 15]
[15, 14, 33, 52, 6, 14, 48]
[20, 39, 49, 17, 13, 26, 29]
[51, 34, 45, 14, 10, 40, 12]
[29, 19, 42, 11, 9, 26, 24]
[32, 9, 21, 46, 38, 25, 8]
[51, 32, 48, 47, 28, 8, 6]
[47, 19, 19, 10, 28, 52, 19]
[37, 42, 32, 27, 51, 20, 12]
[46, 11, 32, 47, 46, 23, 38]
[32, 42, 17, 33, 12, 40, 26]
[45, 46, 16, 37, 20, 8, 16]
[32, 16, 8, 26, 17, 17, 44]
[30, 11, 38, 20, 35, 46, 30]
[11, 48, 39, 21, 15, 16, 24]
[48, 51, 40, 24, 37, 30, 21]
[32, 16, 36, 26, 40, 52, 12]
[39, 28, 12, 43, 4, 48, 32]
[4, 37, 35, 39, 20, 42, 12]
[37, 39, 7, 22, 37, 45, 40]
[34, 12, 13, 48, 34, 26, 10]
[22, 7, 14, 26, 51, 6, 19]
[34, 26, 4, 12, 7, 25, 23]
[10, 37, 25, 41, 6, 27, 37]
[27, 13, 31, 49, 25, 16, 38]
[35, 21, 25, 20, 9, 28, 20]
[22, 11, 35, 41, 39, 6, 9]
[9, 14, 24, 42, 51, 40, 51]
[49, 4, 14, 6, 18, 11, 5]
[14, 11, 47, 51, 16, 6, 32]
[24, 20, 5, 16, 52, 37, 41]
[40, 9, 26, 52, 23, 7, 31]
[14, 5, 8, 45, 36, 35, 11]
[44, 29, 40, 27, 32, 33, 10]
[52, 37, 43, 39, 36, 52, 44]
[24, 35, 42, 48, 47, 22, 39]
[16, 18, 47, 23, 51, 4, 11]
[30, 11, 24, 31, 8, 29, 26]
[15, 47, 36, 27, 34, 12, 28]
[37, 20, 9, 18, 41, 4, 5]
[34, 17, 21, 41, 6, 7, 30]
[12, 19, 7, 19, 26, 46, 32]
[10, 6, 49, 15, 32, 33, 18]
[6, 10, 20, 46, 35, 40, 37]
[5, 21, 18, 14, 49, 31, 15]
[8, 48, 41, 47, 7, 47, 34]
[23, 31, 13, 44, 45, 38, 51]
[50, 23, 41, 47, 38, 20, 47]
[39, 30, 30, 22, 15, 28, 33]
[38, 15, 28, 8, 38, 40, 9]
[44, 14, 40, 30, 45, 10, 49]
[41, 15, 12, 5, 37, 21, 24]
[7, 21, 50, 26, 41, 43, 18]
[46, 25, 41, 7, 31, 43, 41]
[22, 36, 44, 9, 9, 9, 45]
[29, 34, 37, 38, 16, 33, 52]
[24, 34, 13, 33, 39, 45, 46]
[30, 49, 26, 37, 10, 43, 6]
[46, 44, 29, 9, 9, 27, 25]
[15, 24, 12, 49, 24, 31, 26]
[18, 45, 50, 39, 41, 49, 50]
[47, 50, 31, 52, 33, 24, 41]
[13, 16, 43, 29, 46, 10, 30]
[6, 32, 11, 50, 20, 39, 43]
[42, 49, 25, 38, 45, 51, 10]
[28, 49, 47, 8, 22, 46, 25]
[34, 31, 4, 16, 40, 35, 29]
[18, 24, 51, 8, 27, 9, 30]
[32, 8, 43, 39, 10, 33, 39]
[33, 30, 29, 17, 17, 13, 21]
[43, 15, 9, 11, 26, 46, 19]
[38, 34, 4, 46, 30, 46, 42]
[25, 7, 47, 16, 6, 16, 46]
[13, 40, 4, 52, 45, 10, 49]
[22, 31, 19, 34, 52, 34, 29]
[50, 51, 22, 49, 15, 19, 35]
[13, 38, 29, 18, 8, 12, 6]
[11, 17, 18, 4, 35, 11, 42]
[39, 31, 24, 35, 35, 25, 31]
[11, 39, 35, 31, 18, 24, 14]
[25, 10, 28, 9, 6, 18, 7]
[15, 32, 39, 52, 14, 51, 15]
[20, 42, 20, 41, 25, 41, 10]
[38, 25, 33, 40, 31, 4, 30]
[22, 33, 15, 45, 17, 35, 42]
[49, 41, 51, 25, 49, 14, 9]
[23, 10, 12, 31, 49, 10, 9]
[21, 52, 34, 41, 30, 44, 44]
[31, 42, 7, 24, 36, 30, 18]
[40, 18, 7, 52, 51, 37, 16]
[18, 50, 18, 45, 31, 50, 38]
[47, 26, 33, 25, 21, 17, 45]
[23, 52, 9, 46, 4, 39, 36]
[32, 48, 52, 40, 33, 47, 7]
[28, 5, 5, 27, 12, 32, 52]
[36, 41, 29, 33, 24, 42, 36]
[49, 8, 22, 25, 12, 24, 11]
[10, 14, 43, 48, 14, 48, 6]
[21, 26, 9, 40, 16, 12, 18]
[5, 44, 43, 17, 30, 30, 34]
[18, 4, 21, 36, 4, 19, 11]
[20, 24, 25, 9, 19, 40, 20]
[49, 30, 38, 11, 16, 45, 46]
[46, 27, 22, 24, 24, 14, 51]
[23, 25, 46, 24, 50, 13, 8]
[43, 38, 17, 6, 33, 26, 27]
[52, 38, 5, 20, 46, 44, 13]
[16, 49, 32, 6, 15, 29, 16]
[31, 27, 52, 29, 11, 52, 33]
[43, 29, 30, 21, 36, 13, 37]
[24, 21, 51, 44, 50, 51, 27]
[11, 28, 48, 50, 37, 37, 39]
[41, 22, 30, 13, 34, 47, 11]
[14, 22, 26, 51, 7, 50, 5]
[35, 28, 7, 43, 39, 32, 43]
[35, 12, 36, 10, 8, 18, 32]
[46, 51, 15, 15, 17, 8, 4]
[25, 52, 32, 6, 42, 36, 52]
[31, 39, 25, 38, 29, 25, 15]
[21, 20, 30, 37, 28, 41, 40]
[45, 35, 36, 32, 7, 28, 16]
[23, 23, 49, 49, 5, 44, 43]
[24, 36, 21, 31, 17, 43, 18]
[45, 12, 23, 18, 43, 45, 18]
[35, 15, 5, 36, 9, 24, 32]
[12, 50, 45, 41, 13, 15, 12]
[36, 9, 21, 37, 39, 17, 21]
[43, 34, 39, 49, 31, 34, 38]
[16, 52, 28, 43, 52, 11, 28]
[4, 4, 17, 12, 6, 47, 39]
[15, 42, 17, 30, 26, 5, 26]
[19, 47, 45, 15, 24, 13, 16]
[11, 40, 15, 42, 11, 10, 5]
[11, 24, 34, 26, 7, 37, 24]
[24, 10, 46, 26, 18, 36, 7]
[14, 15, 46, 40, 16, 17, 36]
[17, 13, 34, 28, 43, 9, 46]
[25, 47, 41, 18, 47, 46, 35]
[33, 42, 14, 28, 33, 15, 38]
[4, 6, 51, 21, 19, 15, 10]
[33, 7, 46, 29, 12, 12, 43]
[33, 46, 43, 20, 12, 51, 4]
[47, 50, 8, 24, 20, 29, 25]
[20, 22, 43, 12, 27, 49, 41]
[33, 31, 14, 43, 40, 44, 27]
[49, 42, 14, 7, 10, 20, 6]
[47, 7, 24, 28, 20, 33, 51]
[6, 46, 48, 11, 19, 46, 44]
[32, 39, 25, 45, 29, 29, 48]
[51, 38, 22, 38, 44, 35, 30]
[6, 25, 20, 9, 41, 14, 31]
[46, 18, 17, 47, 19, 49, 25]
[44, 16, 52, 4, 11, 38, 14]
[13, 10, 35, 44, 35, 37, 48]
[49, 21, 41, 11, 40, 30, 9]
[12, 33, 48, 39, 7, 47, 39]
