[28, 36, 50, 29, 29, 31, 38]
[47, 44, 30, 4, 20, 27, 8]
[40, 26, 21, 7, 6, 44, 40]
[51, 14, 42, 48, 37, 9, 5]
[50, 25, 41, 30, 51, 52, 16]
[20, 49, 22, 36, 26, 29, 41]
[30, 39, 45, 24, 33, 43, 4]
[38, 29, 13, 20, 24, 49, 17]
[21, 45, 44, 21, 49, 28, 50]
[16, 32, 31, 33, 19, 32, 9]
[27, 21, 48, 19, 38, 25, 42]
[42, 15, 7, 46, 36, 38, 52]
[37, 28, 43, 42, 41, 7, 29]
[45, 8, 11, 17, 46, 48, 20]
[28, 18, 10, 32, 34, 15, 7]
[5, 46, 34, 25, 32, 19, 25]
[6, 4, 51, 38, 45, 36, 12]
[31, 27, 16, 34, 47, 40, 21]
[25, 10, 4, 27, 42, 20, 36]
[49, 24, 35, 23, 50, 46, 45]
[33, 51, 24, 44, 48, 12, 33]
[13, 31, 6, 40, 15, 13, 27]
[19, 38, 49, 11, 30, 14, 32]
[36, 35, 25, 41, 16, 34, 28]
[11, 5, 8, 31, 18, 17, 35]
[15, 23, 17, 8, 35, 26, 11]
[44, 28, 47, 12, 28, 28, 30]
[8, 12, 15, 49, 40, 11, 26]
[7, 48, 27, 9, 22, 35, 13]
[17, 20, 28, 13, 28, 22, 44]
[22, 11, 12, 16, 27, 42, 14]
[43, 33, 23, 45, 44, 47, 15]
[26, 30, 52, 10, 5, 8, 24]
[12, 52, 39, 22, 8, 39, 23]
[23, 47, 46, 47, 25, 41, 46]
[39, 16, 9, 37, 10, 16, 39]
[10, 19, 32, 6, 23, 4, 49]
[46, 13, 29, 52, 13, 5, 18]
[52, 42, 38, 26, 9, 37, 6]
[41, 22, 28, 5, 11, 10, 31]
[4, 7, 5, 51, 52, 6, 43]
[24, 6, 19, 50, 31, 18, 19]
[18, 50, 18, 43, 4, 50, 28]
[29, 43, 33, 15, 7, 23, 37]
[32, 34, 40, 18, 21, 30, 51]
[9, 41, 14, 39, 39, 33, 34]
[14, 37, 26, 28, 43, 24, 48]
[48, 40, 36, 28, 12, 45, 22]
[35, 9, 37, 14, 14, 21, 10]
[34, 17, 20, 35, 17, 51, 47]
