[25, 34]
[27, 31]
[43, 32]
[20, 13]
[16, 7]
[49, 14]
[48, 50]
[35, 36]
[48, 52]
[26, 8]
[44, 47]
[4, 39]
[28, 46]
[6, 12]
[9, 44]
[7, 28]
[8, 27]
[8, 11]
[51, 42]
[16, 49]
[51, 24]
[42, 48]
[40, 17]
[25, 24]
[41, 22]
[19, 39]
[39, 48]
[25, 36]
[19, 10]
[24, 6]
[38, 5]
[24, 27]
[21, 26]
[51, 32]
[5, 43]
[40, 22]
[5, 5]
[50, 52]
[36, 26]
[37, 24]
[49, 10]
[35, 6]
[45, 31]
[27, 21]
[45, 21]
[46, 23]
[11, 35]
[48, 6]
[14, 37]
[19, 8]
[42, 30]
[39, 20]
[37, 6]
[36, 32]
[13, 42]
[12, 45]
[14, 15]
[33, 51]
[5, 11]
[37, 10]
[7, 25]
[35, 52]
[46, 51]
[23, 17]
[41, 9]
[4, 19]
[28, 19]
[29, 21]
[14, 17]
[20, 15]
[11, 43]
[38, 46]
[4, 33]
[8, 47]
[26, 44]
[28, 43]
[42, 44]
[6, 17]
[20, 5]
[50, 16]
[18, 38]
[33, 46]
[21, 12]
[47, 11]
[39, 49]
[30, 23]
[37, 16]
[43, 45]
[27, 28]
[39, 41]
[15, 16]
[9, 4]
[17, 14]
[15, 52]
[22, 13]
[40, 34]
[12, 30]
[32, 22]
[12, 35]
[52, 48]
[11, 29]
[18, 25]
[15, 18]
[49, 28]
[42, 27]
[40, 13]
[26, 49]
[28, 35]
[16, 18]
[21, 43]
[52, 20]
[22, 44]
[45, 50]
[41, 31]
[7, 36]
[34, 4]
[24, 40]
[10, 47]
[33, 11]
[24, 46]
[52, 34]
[45, 41]
[6, 40]
[36, 30]
[44, 4]
[22, 9]
[27, 22]
[14, 33]
[17, 20]
[10, 34]
[34, 40]
[52, 21]
[30, 33]
[51, 38]
[23, 7]
[43, 29]
[44, 30]
[47, 26]
[13, 8]
[36, 23]
[9, 39]
[10, 14]
[4, 41]
[11, 46]
[13, 40]
[49, 8]
[8, 35]
[31, 45]
[47, 23]
[9, 9]
[30, 18]
[44, 51]
[47, 15]
[33, 45]
[48, 51]
[50, 37]
[18, 42]
[7, 25]
[50, 20]
[16, 31]
[38, 49]
[29, 38]
[29, 7]
[19, 13]
[31, 24]
[23, 41]
[31, 33]
[21, 12]
[46, 12]
[18, 4]
[10, 42]
[29, 7]
[43, 37]
[38, 22]
[23, 36]
[30, 27]
[15, 14]
[35, 15]
[34, 32]
[20, 25]
[10, 16]
[32, 9]
[5, 38]
[17, 47]
[17, 19]
[31, 34]
[25, 26]
[26, 10]
[46, 50]
[6, 29]
[34, 39]
[13, 48]
[12, 5]
[32, 18]
[41, 19]
[22, 28]
[32, 10]
[22, 37]
[34, 29]
[46, 50]
