[12, 10]
[5, 44]
[23, 25]
[7, 38]
[33, 30]
[11, 50]
[15, 49]
[14, 4]
[47, 4]
[35, 30]
[50, 33]
[52, 18]
[4, 20]
[12, 23]
[33, 47]
[19, 46]
[10, 13]
[45, 19]
[25, 33]
[9, 51]
[20, 33]
[41, 44]
[15, 33]
[48, 20]
[33, 6]
[41, 38]
[48, 43]
[8, 47]
[10, 36]
[37, 52]
[46, 52]
[31, 9]
[28, 50]
[16, 15]
[6, 6]
[13, 39]
[46, 50]
[5, 8]
[19, 49]
[28, 22]
[42, 42]
[32, 19]
[20, 50]
[21, 21]
[8, 14]
[27, 16]
[4, 11]
[47, 19]
[22, 41]
[29, 6]
[31, 20]
[20, 7]
[4, 32]
[49, 43]
[21, 9]
[21, 51]
[48, 44]
[37, 45]
[7, 43]
[39, 22]
[35, 4]
[9, 10]
[13, 37]
[32, 24]
[13, 18]
[25, 24]
[13, 7]
[9, 6]
[12, 21]
[32, 43]
[34, 29]
[24, 15]
[43, 44]
[8, 22]
[12, 8]
[49, 47]
[26, 8]
[42, 48]
[25, 29]
[38, 47]
[36, 47]
[27, 50]
[15, 39]
[14, 30]
[39, 6]
[5, 50]
[45, 43]
[13, 23]
[29, 6]
[26, 37]
[17, 5]
[29, 20]
[14, 32]
[12, 45]
[24, 38]
[11, 12]
[45, 8]
[18, 19]
[44, 49]
[13, 37]
[14, 22]
[44, 6]
[42, 4]
[29, 48]
[21, 32]
[35, 35]
[20, 19]
[41, 51]
[46, 26]
[48, 34]
[12, 34]
[24, 48]
[29, 38]
[17, 12]
[5, 52]
[46, 48]
[50, 33]
[31, 6]
[12, 21]
[7, 5]
[24, 25]
[23, 18]
[40, 9]
[48, 51]
[10, 4]
[6, 9]
[52, 33]
[45, 37]
[35, 6]
[47, 40]
[6, 25]
[42, 34]
[23, 39]
[14, 9]
[47, 5]
[25, 20]
[13, 38]
[35, 40]
[8, 19]
[29, 10]
[46, 9]
[39, 31]
[52, 40]
[10, 13]
[10, 28]
[40, 17]
[5, 50]
[4, 48]
[46, 41]
[51, 49]
[42, 46]
[31, 48]
[11, 38]
[51, 38]
[31, 46]
[9, 50]
[36, 26]
[22, 28]
[44, 22]
[35, 5]
[13, 11]
[6, 9]
[48, 39]
[6, 26]
[43, 41]
[43, 6]
[43, 48]
[40, 20]
[32, 14]
[44, 40]
[31, 44]
[41, 10]
[12, 11]
[9, 9]
[5, 32]
[49, 35]
[32, 15]
[46, 36]
[38, 36]
[10, 20]
[11, 46]
[29, 47]
[26, 12]
[16, 52]
[34, 51]
[14, 24]
[14, 13]
[24, 22]
[14, 8]
[20, 13]
[47, 8]
[44, 38]
[44, 38]
[34, 50]
[14, 21]
[52, 51]
[26, 15]
[4, 32]
[23, 27]
[45, 36]
[38, 17]
[5, 41]
[5, 21]
[52, 12]
[29, 4]
[43, 49]
[46, 29]
[52, 16]
[6, 18]
[4, 49]
[48, 34]
[29, 10]
[21, 45]
[11, 41]
[21, 26]
[43, 47]
[32, 6]
[6, 19]
[27, 5]
[51, 33]
[46, 17]
[50, 46]
[11, 5]
[34, 23]
[39, 22]
[28, 19]
[4, 52]
[12, 32]
[17, 52]
[37, 31]
[37, 34]
[11, 35]
[17, 41]
[32, 24]
[21, 22]
[33, 30]
[33, 45]
[51, 14]
[52, 29]
[33, 30]
[27, 46]
[39, 5]
[30, 19]
[25, 23]
[22, 36]
[21, 34]
[10, 39]
[33, 40]
[20, 4]
[37, 27]
[50, 44]
[22, 19]
[29, 51]
[9, 39]
[37, 8]
[12, 12]
[18, 46]
[30, 21]
[48, 47]
[45, 36]
[44, 33]
[19, 25]
[18, 33]
[48, 45]
[26, 37]
[14, 33]
[44, 28]
[20, 27]
[10, 19]
[25, 32]
[41, 31]
[34, 51]
[52, 43]
[43, 44]
[18, 7]
[49, 21]
[30, 35]
[14, 24]
[38, 28]
[27, 7]
[4, 9]
[25, 8]
[27, 46]
[33, 26]
[47, 43]
[37, 27]
[28, 42]
[8, 44]
[26, 10]
[29, 52]
[28, 50]
[13, 4]
[6, 24]
[10, 13]
[20, 11]
[15, 20]
[16, 31]
[44, 35]
[51, 47]
[37, 15]
[31, 6]
[33, 25]
[31, 29]
[11, 16]
[19, 19]
[18, 23]
[26, 46]
[10, 30]
[6, 11]
[9, 8]
[46, 9]
[18, 34]
[25, 49]
[14, 5]
[21, 40]
[38, 50]
[27, 9]
[25, 8]
[14, 14]
[49, 13]
[17, 26]
[44, 45]
[49, 38]
[18, 14]
[6, 21]
[51, 24]
[33, 11]
[48, 6]
[8, 32]
[33, 23]
[17, 39]
[47, 47]
[21, 15]
[20, 52]
[6, 15]
[10, 10]
[36, 41]
[31, 30]
[36, 25]
[11, 16]
[21, 29]
[17, 20]
[34, 28]
[20, 47]
[14, 12]
[32, 39]
[32, 37]
[43, 9]
[16, 10]
[18, 49]
[7, 7]
[13, 20]
[25, 50]
[12, 40]
[51, 26]
[36, 20]
[18, 29]
[21, 42]
[51, 29]
[24, 49]
[20, 42]
[41, 31]
[40, 25]
[41, 43]
[51, 22]
[47, 47]
[11, 8]
[5, 34]
[48, 42]
[16, 13]
[30, 37]
[45, 10]
[25, 33]
[49, 35]
[26, 5]
[31, 13]
[37, 20]
[51, 30]
[44, 21]
[9, 45]
[31, 29]
[41, 40]
[45, 26]
[17, 33]
[37, 46]
[43, 7]
[41, 24]
[47, 19]
[44, 36]
[50, 26]
[15, 30]
[33, 49]
[50, 29]
[47, 34]
[17, 46]
[5, 51]
[45, 18]
[28, 49]
[5, 51]
[18, 46]
[29, 17]
[24, 23]
[28, 46]
[22, 28]
[36, 49]
[16, 29]
[51, 17]
[40, 37]
[52, 22]
[47, 13]
[44, 28]
[25, 31]
[10, 32]
[21, 35]
[29, 23]
[22, 8]
[46, 28]
[26, 17]
[45, 49]
[37, 41]
[6, 36]
[27, 18]
[8, 7]
[50, 17]
[44, 25]
[37, 42]
[5, 34]
[26, 47]
[23, 12]
[50, 50]
[38, 52]
[6, 42]
[25, 36]
[49, 39]
[27, 29]
[27, 37]
[42, 27]
[9, 41]
[23, 52]
[51, 48]
[30, 4]
[32, 24]
[30, 10]
[34, 36]
[30, 19]
[46, 17]
[42, 39]
[13, 12]
[7, 9]
[27, 49]
[12, 34]
[17, 8]
[35, 28]
[50, 49]
[50, 36]
[48, 20]
[7, 10]
[11, 23]
[51, 20]
[14, 16]
[34, 42]
[37, 18]
[28, 45]
[22, 21]
[35, 51]
[5, 24]
[38, 38]
[42, 25]
[37, 47]
[24, 42]
[40, 36]
[43, 34]
[40, 46]
[27, 28]
[5, 44]
[40, 30]
[39, 14]
[17, 47]
[23, 13]
[13, 37]
[32, 45]
[18, 48]
[13, 47]
[36, 43]
[10, 28]
[33, 16]
[33, 48]
[35, 35]
[46, 13]
[40, 36]
[45, 10]
[47, 14]
[22, 34]
[18, 17]
[14, 13]
[25, 4]
[32, 4]
[36, 28]
[47, 37]
[35, 38]
[23, 51]
[52, 26]
[14, 45]
[5, 16]
[21, 43]
[22, 15]
[50, 18]
[32, 31]
[18, 48]
[35, 31]
[12, 44]
[11, 51]
[28, 51]
[51, 34]
[34, 45]
[32, 21]
[7, 16]
[33, 23]
[47, 32]
[33, 34]
[4, 22]
[42, 13]
[27, 26]
[19, 52]
[43, 35]
[6, 16]
[51, 19]
[16, 46]
[31, 6]
[14, 15]
[48, 15]
[37, 33]
[24, 47]
[30, 37]
[15, 6]
[23, 40]
[51, 14]
[9, 19]
[36, 39]
[44, 40]
[43, 25]
[7, 36]
[38, 30]
[31, 45]
[44, 46]
[7, 12]
[43, 32]
[11, 39]
[10, 38]
[36, 26]
[9, 43]
[33, 49]
[51, 4]
[15, 45]
[39, 44]
[13, 15]
[40, 43]
[52, 31]
[29, 17]
[50, 10]
[32, 37]
[23, 27]
[44, 37]
[10, 20]
[33, 18]
[40, 13]
[42, 39]
[7, 51]
[22, 17]
[34, 37]
[35, 33]
[33, 25]
[43, 19]
[26, 31]
[31, 52]
[25, 10]
[12, 34]
[27, 52]
[23, 31]
[40, 8]
[23, 28]
[6, 24]
[31, 26]
[21, 42]
[42, 39]
[18, 33]
[13, 16]
[12, 37]
[24, 6]
[18, 22]
[51, 19]
[47, 30]
[28, 48]
[47, 10]
[39, 31]
[35, 36]
[28, 19]
[25, 16]
[35, 17]
[48, 46]
[9, 38]
[18, 52]
[36, 39]
[8, 44]
[25, 16]
[26, 27]
[28, 28]
[23, 22]
[6, 17]
[23, 31]
[23, 51]
[5, 24]
[26, 42]
[46, 15]
[45, 38]
[25, 22]
[20, 39]
[38, 12]
[22, 7]
[22, 46]
[51, 11]
[30, 52]
[16, 18]
[10, 24]
[40, 24]
[7, 11]
[13, 12]
[38, 16]
[37, 6]
[47, 18]
[33, 34]
[5, 44]
[19, 18]
[13, 9]
[5, 22]
[50, 29]
[42, 40]
[20, 35]
[45, 23]
[49, 37]
[27, 41]
[39, 23]
[38, 36]
[52, 31]
[51, 4]
[7, 27]
[25, 41]
[43, 7]
[50, 7]
[24, 4]
[25, 19]
[19, 21]
[8, 20]
[50, 31]
[46, 13]
[17, 9]
[29, 7]
[30, 31]
[4, 15]
[5, 36]
[11, 33]
[21, 52]
[43, 35]
[7, 19]
[19, 38]
[45, 7]
[26, 29]
[48, 52]
[44, 7]
[20, 25]
[21, 12]
[46, 46]
[22, 7]
[23, 25]
[11, 32]
[23, 45]
[43, 5]
[15, 24]
[15, 21]
[36, 46]
[33, 11]
[40, 21]
[29, 18]
[9, 11]
[14, 25]
[38, 30]
[11, 44]
[30, 50]
[16, 31]
[15, 15]
[14, 28]
[50, 37]
[52, 40]
[9, 49]
[44, 18]
[26, 44]
[52, 12]
[6, 50]
[19, 7]
[47, 22]
[39, 47]
[27, 38]
[30, 41]
[18, 22]
[38, 18]
[41, 10]
[42, 37]
[25, 36]
[28, 4]
[9, 17]
[11, 41]
[24, 9]
[6, 8]
[51, 44]
[5, 11]
[5, 35]
[45, 18]
[50, 30]
[49, 8]
[10, 43]
[29, 23]
[8, 45]
[49, 6]
[21, 26]
[28, 30]
[26, 20]
[33, 32]
[32, 22]
[48, 41]
[15, 52]
[27, 12]
[16, 20]
[11, 8]
[12, 42]
[20, 47]
[14, 21]
[16, 25]
[11, 25]
[16, 19]
[15, 41]
[28, 12]
[11, 31]
[22, 14]
[38, 23]
[17, 31]
[19, 24]
[50, 42]
[17, 42]
[6, 41]
[30, 40]
[47, 34]
[19, 46]
[46, 44]
[33, 12]
[9, 41]
[17, 21]
[13, 23]
[46, 11]
[37, 21]
[9, 35]
[31, 21]
[48, 17]
[35, 5]
[31, 5]
[26, 11]
[48, 12]
[29, 8]
[8, 28]
[29, 43]
[4, 15]
[41, 14]
[45, 18]
[7, 27]
[31, 50]
[7, 4]
[44, 15]
[41, 17]
[15, 16]
[25, 52]
[22, 14]
[9, 32]
[17, 40]
[26, 29]
[36, 40]
[32, 50]
[16, 43]
[28, 42]
[40, 33]
[27, 35]
[14, 38]
[34, 26]
[17, 16]
[45, 49]
[15, 44]
[17, 13]
[28, 14]
[42, 44]
[13, 14]
[49, 32]
[15, 35]
[34, 10]
[24, 30]
[43, 19]
[50, 52]
[16, 32]
[37, 46]
[7, 40]
[39, 10]
[34, 50]
[43, 8]
[38, 40]
[38, 41]
[52, 15]
[25, 22]
[50, 27]
[33, 15]
[42, 28]
[44, 16]
[30, 45]
[39, 51]
[39, 6]
[4, 48]
[29, 31]
[25, 14]
[23, 29]
[13, 11]
[4, 30]
[52, 8]
[17, 42]
[30, 9]
[47, 52]
[31, 41]
[5, 52]
[50, 50]
[23, 37]
[21, 16]
[4, 30]
[5, 52]
[32, 46]
[20, 51]
[49, 45]
[14, 10]
[12, 49]
[14, 13]
[24, 45]
[8, 22]
[19, 38]
[35, 7]
[43, 9]
[42, 26]
[44, 42]
[47, 39]
[42, 45]
[22, 20]
[16, 42]
[40, 38]
[22, 17]
[22, 50]
[15, 18]
[17, 24]
[39, 48]
[32, 22]
[46, 40]
[19, 47]
[52, 46]
[6, 46]
[52, 41]
[31, 7]
[34, 51]
[23, 48]
[34, 47]
[45, 7]
[30, 38]
[51, 38]
[7, 40]
[18, 4]
[52, 41]
[10, 16]
[33, 51]
[52, 35]
[23, 35]
[18, 51]
[43, 38]
[20, 43]
[52, 5]
[14, 29]
[33, 32]
[8, 40]
[38, 47]
[32, 14]
[42, 32]
[13, 5]
[34, 39]
[50, 42]
[42, 44]
[9, 24]
[5, 11]
[24, 32]
[24, 43]
[25, 9]
[15, 26]
[52, 24]
[11, 26]
[15, 12]
[51, 14]
[46, 23]
[38, 34]
[29, 22]
[42, 11]
[6, 46]
[50, 40]
[31, 14]
[17, 27]
[5, 47]
[25, 4]
[51, 9]
[8, 26]
[16, 27]
[8, 31]
[7, 28]
[49, 39]
[52, 35]
[9, 33]
[16, 50]
[44, 18]
[39, 8]
[33, 48]
[21, 18]
[15, 48]
[19, 18]
[11, 17]
[35, 40]
[32, 34]
[29, 20]
[10, 43]
[27, 19]
[38, 6]
[9, 12]
[27, 42]
[7, 27]
[19, 47]
[50, 29]
[45, 16]
[45, 40]
[49, 48]
[10, 21]
[34, 44]
[15, 36]
[41, 6]
[12, 41]
[8, 43]
[13, 23]
[41, 34]
[27, 39]
[11, 16]
[18, 4]
[22, 51]
[17, 16]
[27, 5]
[23, 23]
[49, 38]
[25, 15]
[35, 30]
[19, 33]
[32, 30]
[39, 48]
[10, 46]
[48, 6]
[29, 41]
[39, 35]
[25, 6]
[36, 26]
[18, 26]
[17, 48]
[52, 29]
[21, 13]
[45, 27]
[43, 39]
[26, 5]
[26, 24]
[6, 5]
[16, 27]
[30, 48]
[43, 12]
[18, 18]
[41, 21]
[15, 31]
[10, 4]
[47, 47]
[7, 19]
[38, 43]
[45, 25]
[41, 50]
[11, 32]
[7, 15]
[49, 41]
[30, 41]
[32, 31]
[36, 5]
[39, 13]
[14, 48]
[34, 23]
[5, 33]
[51, 30]
[24, 37]
[30, 44]
[8, 18]
[31, 28]
[42, 32]
[39, 52]
[37, 9]
[11, 42]
[50, 27]
[23, 33]
[46, 32]
[32, 16]
[6, 32]
[47, 40]
[30, 34]
[37, 15]
[33, 29]
[16, 17]
[4, 28]
[43, 32]
[7, 29]
[12, 6]
[20, 47]
[45, 39]
[18, 50]
[23, 27]
[26, 44]
[8, 7]
[10, 5]
[49, 34]
[22, 48]
[42, 8]
[29, 4]
[20, 28]
[52, 23]
[16, 25]
[24, 38]
[30, 8]
[17, 29]
[52, 16]
[50, 18]
[19, 26]
[36, 9]
[28, 27]
[47, 47]
[43, 16]
[39, 17]
[22, 42]
[5, 49]
[20, 29]
[39, 46]
[4, 23]
[52, 17]
[48, 30]
[49, 26]
[44, 23]
[9, 26]
[21, 30]
[41, 34]
[39, 33]
[42, 31]
[43, 30]
[20, 35]
[17, 21]
[35, 49]
[19, 43]
[44, 31]
[8, 15]
[41, 32]
[33, 19]
[42, 42]
[18, 6]
[21, 27]
[45, 27]
[15, 6]
[26, 36]
[18, 19]
[41, 42]
[34, 13]
[49, 23]
[44, 44]
[35, 49]
[19, 35]
[8, 52]
[52, 35]
[13, 23]
[28, 24]
[29, 19]
[25, 12]
[50, 43]
[36, 19]
[9, 36]
[27, 11]
[15, 41]
[44, 23]
[39, 15]
[44, 30]
[43, 45]
[5, 44]
[49, 24]
[8, 13]
[39, 41]
[14, 16]
[5, 15]
[14, 48]
[18, 41]
[11, 40]
[33, 24]
[24, 51]
[23, 27]
[41, 23]
[50, 25]
[5, 42]
[7, 39]
[21, 12]
[29, 12]
[49, 34]
[38, 24]
[12, 35]
[4, 19]
[13, 7]
[46, 37]
[24, 27]
[47, 40]
[43, 36]
[45, 19]
[20, 43]
[52, 33]
[8, 12]
[49, 13]
[23, 7]
[37, 16]
[15, 10]
[48, 34]
[35, 23]
[16, 5]
[29, 47]
[49, 52]
[34, 20]
[31, 18]
[52, 7]
[39, 13]
[23, 26]
[29, 4]
[12, 15]
[23, 13]
[4, 50]
[13, 12]
[8, 23]
[28, 37]
[43, 51]
[37, 11]
[10, 25]
[20, 49]
[26, 31]
[23, 26]
[49, 47]
[24, 39]
[41, 29]
[15, 5]
[20, 50]
[49, 40]
[39, 26]
[41, 9]
[34, 45]
[11, 38]
[38, 32]
[23, 42]
[8, 24]
[40, 38]
[43, 27]
[32, 46]
[39, 14]
[50, 8]
[31, 44]
[26, 27]
[28, 39]
[26, 49]
[18, 27]
[10, 20]
[39, 15]
[24, 8]
[19, 50]
[42, 18]
[4, 10]
[24, 44]
[39, 39]
[5, 46]
[19, 25]
[45, 22]
[40, 37]
[27, 14]
[21, 14]
[49, 20]
[29, 4]
[38, 26]
[7, 30]
[21, 4]
[35, 9]
[32, 10]
[20, 42]
[4, 46]
[24, 23]
[8, 19]
[30, 27]
[9, 34]
[51, 39]
[10, 36]
[47, 4]
[31, 43]
[40, 7]
[30, 33]
[24, 38]
[44, 40]
[15, 21]
[36, 18]
[51, 26]
[8, 9]
[6, 50]
[46, 23]
[37, 44]
[6, 8]
[6, 36]
[34, 30]
[47, 21]
[30, 16]
[44, 20]
[16, 17]
[35, 33]
[31, 7]
[36, 35]
[42, 27]
[8, 26]
[31, 13]
[19, 17]
[29, 49]
[37, 34]
[26, 40]
[29, 4]
[20, 29]
[20, 52]
[45, 41]
[15, 38]
[34, 16]
[40, 18]
[42, 26]
[26, 33]
[42, 10]
[15, 21]
[28, 41]
[25, 17]
[44, 38]
[48, 37]
[15, 15]
[14, 38]
[23, 39]
[9, 44]
[35, 10]
[7, 15]
[17, 20]
[18, 27]
[11, 25]
[42, 34]
[4, 9]
[37, 28]
[8, 28]
[24, 19]
[6, 29]
[26, 29]
[37, 5]
[23, 19]
[4, 21]
[52, 40]
[47, 45]
[27, 21]
[46, 49]
[41, 28]
[24, 7]
[51, 5]
[45, 28]
[35, 35]
[27, 30]
[34, 51]
[24, 24]
[41, 24]
[22, 25]
[19, 36]
[36, 48]
[18, 37]
[7, 4]
[48, 49]
[28, 40]
[35, 29]
[22, 24]
[41, 26]
[33, 39]
[23, 46]
[47, 13]
[23, 36]
[28, 25]
[51, 42]
[22, 17]
[9, 12]
[23, 38]
[5, 15]
[19, 20]
[7, 17]
[24, 43]
[50, 45]
[10, 35]
[8, 13]
[12, 31]
[16, 43]
[14, 15]
[17, 31]
[10, 24]
[42, 35]
[51, 22]
[22, 28]
[5, 29]
[7, 27]
[4, 20]
[13, 32]
[4, 19]
[12, 22]
[9, 48]
[35, 14]
[25, 7]
[46, 29]
[16, 14]
[40, 22]
[48, 11]
[28, 48]
[22, 39]
[34, 33]
[52, 27]
[18, 9]
[49, 8]
[20, 40]
[9, 4]
[7, 52]
[30, 50]
[32, 15]
[32, 17]
[49, 49]
[31, 22]
[48, 31]
[39, 6]
[5, 43]
[5, 39]
[20, 25]
[38, 24]
[37, 8]
[41, 13]
[9, 42]
[36, 9]
[49, 9]
[46, 49]
[36, 8]
[10, 33]
[46, 52]
[14, 31]
[39, 4]
[19, 14]
[12, 11]
[12, 47]
[21, 24]
[47, 49]
[27, 15]
[36, 46]
[35, 14]
[30, 14]
[36, 30]
[11, 32]
[52, 5]
[28, 10]
[17, 10]
[17, 34]
[48, 38]
[4, 11]
[49, 44]
[7, 23]
[47, 22]
[32, 27]
[13, 27]
[45, 36]
[15, 45]
[31, 33]
[50, 52]
[43, 36]
[45, 11]
[22, 31]
[26, 15]
[28, 12]
[26, 28]
[26, 36]
[30, 38]
[12, 24]
[16, 9]
[31, 16]
[25, 5]
[18, 24]
[12, 45]
[11, 14]
[7, 28]
[19, 35]
[17, 18]
[33, 17]
[42, 50]
[38, 37]
[26, 8]
[12, 8]
[35, 40]
[48, 33]
[25, 37]
[40, 22]
[6, 14]
[9, 13]
[39, 47]
[10, 44]
[29, 48]
[35, 51]
[46, 43]
[47, 16]
[11, 25]
[35, 20]
[11, 22]
[40, 42]
[15, 37]
[41, 24]
[12, 17]
[34, 43]
[21, 26]
[16, 50]
[18, 10]
[44, 45]
[5, 28]
[51, 16]
[22, 27]
[42, 18]
[34, 8]
[40, 12]
[4, 13]
[29, 48]
[16, 20]
[22, 14]
[20, 30]
[47, 44]
[43, 26]
[45, 51]
[21, 48]
[19, 45]
[16, 23]
[36, 7]
[12, 10]
[27, 48]
[38, 15]
[36, 44]
[48, 44]
[50, 18]
[11, 32]
[19, 40]
[42, 47]
[37, 23]
[14, 29]
[40, 13]
[48, 5]
[43, 29]
[7, 33]
[14, 52]
[30, 47]
[48, 25]
[22, 7]
[23, 18]
[30, 42]
[47, 21]
[24, 24]
[19, 17]
[9, 7]
[4, 47]
[6, 8]
[31, 5]
[28, 7]
[51, 51]
[8, 11]
[4, 49]
[42, 32]
[27, 36]
[51, 23]
[4, 32]
[26, 30]
[49, 45]
[6, 29]
[49, 51]
[30, 45]
[16, 48]
[51, 40]
[27, 31]
[50, 4]
[14, 51]
[41, 35]
[26, 10]
[13, 7]
[45, 17]
[16, 25]
[24, 21]
[47, 25]
[51, 37]
[23, 41]
[27, 52]
[52, 45]
[6, 17]
[48, 33]
[17, 21]
[38, 5]
[46, 33]
[48, 17]
[16, 5]
[8, 43]
[37, 42]
[52, 26]
[19, 35]
[36, 13]
[29, 42]
[36, 12]
[40, 21]
[7, 38]
[8, 36]
[11, 9]
[17, 13]
[21, 37]
[28, 24]
[49, 11]
[28, 16]
[31, 5]
[38, 43]
[41, 31]
[23, 44]
[14, 15]
[31, 37]
[18, 13]
[5, 9]
[40, 10]
[27, 48]
[30, 10]
[44, 16]
[36, 22]
[32, 48]
[17, 42]
[42, 13]
[40, 37]
[15, 19]
[12, 48]
[20, 5]
[13, 47]
[41, 13]
[40, 9]
[35, 19]
[39, 37]
[32, 11]
[18, 11]
[31, 24]
[40, 10]
[47, 5]
[43, 26]
[28, 18]
[44, 35]
[28, 23]
[7, 32]
[34, 50]
[12, 11]
[40, 38]
[45, 5]
[39, 43]
[16, 5]
[21, 36]
[30, 34]
[30, 18]
[34, 41]
[43, 27]
[18, 36]
[4, 51]
[48, 46]
[42, 37]
[41, 35]
[38, 11]
[34, 45]
[41, 50]
[44, 46]
[45, 36]
[9, 6]
[4, 6]
[52, 16]
[50, 8]
[26, 39]
[45, 50]
[19, 31]
[13, 34]
[4, 28]
[27, 46]
[20, 45]
[40, 27]
[26, 21]
[35, 19]
[50, 6]
[44, 31]
[30, 8]
[6, 21]
[21, 11]
[48, 13]
[35, 28]
[19, 19]
[30, 31]
[4, 47]
[10, 17]
[49, 47]
[12, 46]
[39, 43]
[25, 40]
[21, 34]
[43, 41]
[10, 27]
[41, 49]
[9, 49]
[50, 6]
[48, 38]
[50, 25]
[45, 49]
[9, 37]
[35, 20]
[22, 51]
[27, 51]
[34, 49]
[23, 6]
[21, 22]
[47, 36]
[46, 33]
[8, 35]
[32, 25]
[39, 14]
[51, 7]
[19, 12]
[36, 4]
[34, 48]
[46, 26]
[37, 21]
[34, 25]
[7, 45]
[27, 31]
[41, 32]
[4, 29]
[33, 32]
[22, 29]
[34, 15]
[42, 9]
[51, 34]
[36, 43]
[15, 10]
[38, 16]
[23, 52]
[45, 5]
[26, 8]
[26, 26]
[9, 30]
[45, 47]
[13, 21]
[8, 43]
[22, 50]
[40, 20]
[28, 42]
[48, 50]
[12, 15]
[24, 48]
[12, 12]
[33, 4]
[30, 17]
[15, 46]
[19, 45]
[33, 13]
[46, 18]
[50, 40]
[52, 20]
[35, 45]
[51, 4]
[8, 20]
[43, 31]
[34, 14]
[17, 12]
[46, 49]
[18, 29]
[32, 29]
[18, 51]
[5, 46]
[52, 43]
[24, 4]
[12, 24]
[41, 51]
[35, 13]
[37, 38]
[27, 7]
[12, 7]
[32, 40]
[35, 44]
[10, 17]
[10, 35]
[13, 29]
[14, 4]
[33, 37]
[41, 6]
[37, 20]
[15, 43]
[38, 37]
[4, 25]
[18, 28]
[19, 14]
[24, 11]
[6, 8]
[35, 16]
[19, 52]
[10, 22]
[38, 39]
[20, 32]
[35, 4]
[15, 20]
[33, 14]
[21, 35]
[19, 22]
[20, 4]
[25, 25]
[33, 20]
[16, 21]
[9, 10]
[28, 30]
[37, 9]
[15, 5]
[36, 35]
[5, 39]
[30, 43]
[36, 15]
[24, 27]
[10, 5]
[15, 25]
[51, 27]
[10, 41]
[39, 45]
[8, 31]
[38, 14]
[17, 29]
[25, 33]
[28, 11]
[52, 25]
[10, 17]
[25, 52]
[45, 40]
[36, 27]
[51, 30]
[37, 35]
[47, 44]
[17, 23]
[8, 50]
[46, 28]
[40, 37]
[20, 24]
[38, 28]
[17, 27]
[16, 25]
[44, 38]
[49, 22]
[34, 39]
[36, 34]
[29, 40]
[45, 10]
[17, 18]
[33, 52]
[49, 49]
[37, 46]
[4, 14]
[31, 10]
[21, 9]
[37, 10]
[30, 4]
[28, 19]
[35, 22]
[25, 51]
[34, 10]
[15, 5]
[42, 15]
[40, 33]
[28, 35]
[21, 25]
[13, 51]
[8, 6]
[32, 41]
[9, 45]
[6, 39]
[4, 5]
[13, 18]
[13, 43]
[18, 31]
[22, 7]
[43, 21]
[38, 22]
[44, 6]
[15, 20]
[4, 49]
[46, 39]
[25, 12]
[40, 26]
[50, 12]
[38, 9]
[36, 15]
[38, 9]
[6, 41]
[12, 32]
[22, 34]
[29, 49]
[13, 14]
[31, 42]
[31, 28]
[52, 39]
[9, 22]
[15, 10]
[20, 33]
[33, 41]
[20, 52]
[20, 7]
[8, 33]
[41, 26]
[5, 24]
[11, 22]
[28, 16]
[32, 45]
[6, 36]
[11, 50]
[10, 11]
[36, 8]
[24, 30]
[27, 36]
[37, 49]
[7, 47]
[40, 21]
[10, 7]
[30, 12]
[32, 35]
[30, 30]
[9, 49]
[6, 4]
[29, 48]
[47, 43]
[11, 11]
[36, 26]
[48, 47]
[6, 11]
[14, 18]
[43, 6]
[46, 34]
[26, 42]
[52, 51]
[34, 28]
[34, 20]
[16, 5]
[46, 23]
[21, 45]
[14, 20]
[25, 33]
[38, 7]
[49, 5]
[13, 8]
[16, 18]
[20, 14]
[38, 11]
[28, 51]
[6, 32]
[11, 16]
[8, 22]
[13, 52]
[48, 8]
[29, 44]
[18, 11]
[41, 16]
[26, 42]
[7, 47]
[50, 32]
[48, 45]
[7, 52]
[36, 13]
[25, 13]
[37, 41]
[28, 34]
[4, 42]
[40, 4]
[11, 33]
[30, 30]
[11, 23]
[22, 35]
[9, 41]
[29, 30]
[19, 44]
[17, 32]
[9, 6]
[51, 51]
[24, 12]
[21, 18]
[39, 11]
[5, 7]
[42, 28]
[20, 28]
[32, 21]
[16, 11]
[38, 40]
[32, 7]
[13, 9]
[46, 10]
[22, 14]
[40, 48]
[43, 36]
[39, 29]
[46, 9]
[27, 51]
[27, 32]
[29, 38]
[4, 35]
[34, 34]
[13, 48]
[39, 36]
[24, 25]
[44, 48]
[42, 42]
[24, 14]
[40, 50]
[36, 23]
[24, 52]
[7, 23]
[42, 30]
[34, 31]
[20, 50]
[26, 36]
[24, 39]
[27, 12]
[16, 20]
[45, 41]
[14, 11]
[22, 19]
[49, 29]
[47, 42]
[37, 25]
[44, 41]
[19, 52]
[41, 12]
[13, 6]
[16, 46]
[22, 16]
[19, 45]
[22, 6]
[21, 4]
[8, 8]
[31, 12]
[10, 28]
[29, 20]
[41, 28]
[31, 16]
[7, 17]
[11, 34]
[14, 7]
[18, 22]
[22, 37]
[36, 17]
[41, 21]
[4, 12]
[38, 44]
[40, 27]
[48, 18]
[12, 30]
[37, 25]
[37, 21]
[16, 24]
[32, 43]
[43, 21]
[32, 14]
[48, 36]
[27, 9]
[6, 39]
[14, 15]
[46, 32]
[7, 30]
[47, 11]
[49, 34]
[12, 38]
[16, 10]
[21, 50]
[49, 17]
[17, 6]
[19, 14]
[31, 14]
[31, 11]
[46, 37]
