[17, 16]
[28, 23]
[23, 34]
[46, 48]
[18, 33]
[36, 46]
[42, 23]
[13, 8]
[21, 50]
[5, 9]
[37, 7]
[51, 50]
[43, 13]
[47, 10]
[50, 33]
[24, 38]
[44, 22]
[27, 7]
[24, 18]
[13, 18]
[20, 44]
[38, 37]
[19, 7]
[24, 13]
[10, 41]
[49, 43]
[15, 45]
[34, 25]
[40, 14]
[18, 47]
[38, 23]
[49, 42]
[4, 51]
[16, 14]
[45, 33]
[22, 50]
[40, 7]
[28, 6]
[23, 43]
[25, 10]
[37, 50]
[30, 37]
[50, 29]
[21, 41]
[48, 48]
[43, 17]
[16, 51]
[48, 11]
[33, 28]
[21, 5]
[45, 37]
[26, 46]
[29, 10]
[36, 12]
[26, 16]
[39, 6]
[23, 34]
[52, 5]
[50, 5]
[18, 36]
[22, 14]
[36, 23]
[43, 9]
[31, 10]
[51, 33]
[19, 10]
[30, 30]
[40, 29]
[29, 46]
[19, 14]
[52, 6]
[6, 48]
[20, 44]
[27, 14]
[7, 22]
[50, 42]
[33, 34]
[17, 37]
[13, 38]
[52, 36]
[27, 4]
[42, 39]
[40, 11]
[38, 5]
[23, 5]
[25, 35]
[30, 8]
[47, 17]
[4, 36]
[22, 48]
[47, 31]
[4, 35]
[12, 15]
[49, 16]
[10, 52]
[47, 42]
[24, 32]
[25, 45]
[26, 48]
[50, 7]
[22, 31]
[24, 25]
[46, 46]
[35, 47]
[8, 6]
[16, 8]
[44, 44]
[38, 49]
[31, 41]
[43, 28]
[9, 38]
[51, 7]
[5, 30]
[50, 12]
[36, 26]
[39, 22]
[37, 39]
[43, 10]
[5, 30]
[31, 15]
[33, 42]
[49, 5]
[47, 41]
[19, 32]
[42, 45]
[19, 46]
[37, 27]
[35, 50]
[44, 48]
[12, 29]
[8, 6]
[40, 23]
[29, 20]
[22, 26]
[14, 9]
[16, 40]
[4, 23]
[44, 46]
[20, 16]
[41, 8]
[30, 11]
[52, 34]
[30, 25]
[13, 50]
[10, 38]
[12, 13]
[11, 31]
[26, 5]
[11, 38]
[29, 26]
[15, 7]
[49, 19]
[11, 14]
[36, 50]
[8, 49]
[27, 46]
[47, 29]
[29, 5]
[26, 22]
[40, 28]
[40, 9]
[17, 21]
[20, 18]
[48, 30]
[20, 14]
[25, 6]
[34, 35]
[34, 14]
[21, 35]
[40, 48]
[11, 30]
[10, 50]
[17, 8]
[6, 30]
[7, 19]
[12, 18]
[25, 10]
[19, 26]
[25, 4]
[13, 5]
[21, 15]
[29, 31]
[42, 52]
[39, 33]
[25, 25]
[16, 16]
[9, 39]
[49, 49]
[22, 39]
[28, 36]
[34, 41]
[45, 31]
[17, 45]
[14, 15]
[19, 17]
[23, 46]
[52, 51]
[32, 8]
[37, 10]
[33, 31]
[42, 4]
[28, 40]
[33, 19]
[4, 35]
[44, 48]
[27, 19]
[45, 15]
[22, 11]
[18, 34]
[52, 42]
[35, 12]
[7, 40]
[21, 31]
[50, 13]
[32, 22]
[49, 20]
[43, 46]
[12, 44]
[6, 44]
[12, 46]
[48, 40]
[46, 47]
[18, 7]
[12, 11]
[34, 45]
[10, 44]
[46, 48]
[18, 24]
[18, 51]
[11, 36]
[46, 40]
[15, 16]
[52, 9]
[19, 11]
[6, 36]
[9, 35]
[7, 14]
[26, 27]
[24, 44]
[23, 41]
[18, 12]
[6, 46]
[5, 29]
[18, 19]
[43, 34]
[35, 30]
[7, 20]
[44, 38]
[39, 38]
[41, 21]
[45, 34]
[26, 34]
[51, 21]
[23, 15]
[44, 50]
[18, 15]
[31, 48]
[27, 28]
[7, 17]
[41, 40]
[10, 13]
[19, 41]
[41, 41]
[30, 37]
[41, 41]
[46, 23]
[34, 25]
[41, 39]
[30, 28]
[15, 28]
[25, 20]
[4, 35]
[18, 33]
[47, 39]
[22, 20]
[26, 34]
[52, 28]
[48, 34]
[14, 41]
[42, 29]
[28, 42]
[17, 4]
[4, 31]
[26, 49]
[29, 51]
[46, 18]
[35, 42]
[26, 25]
[20, 12]
[23, 5]
[49, 27]
[37, 4]
[33, 45]
[32, 31]
[43, 28]
[13, 36]
[36, 23]
[15, 50]
[23, 15]
[10, 24]
[17, 12]
[38, 22]
[32, 33]
[18, 40]
[4, 27]
[39, 42]
[10, 48]
[4, 47]
[36, 29]
[48, 35]
[14, 14]
[34, 4]
[39, 30]
[14, 45]
[41, 20]
[48, 42]
[5, 47]
[49, 9]
[40, 37]
[46, 38]
[49, 10]
[14, 21]
[24, 28]
[17, 51]
[13, 42]
[38, 51]
[38, 35]
[38, 36]
[38, 5]
[20, 52]
[52, 30]
[14, 6]
[4, 41]
[26, 24]
[15, 22]
[38, 10]
[29, 22]
[52, 47]
[48, 8]
[37, 30]
[11, 19]
[32, 48]
[29, 33]
[34, 40]
[41, 30]
[25, 43]
[34, 39]
[9, 32]
[16, 45]
[21, 43]
[7, 12]
[41, 30]
[16, 52]
[26, 44]
[13, 43]
[30, 42]
[39, 14]
[30, 19]
[16, 29]
[32, 28]
[45, 45]
[45, 26]
[34, 7]
[49, 18]
[7, 19]
[51, 4]
[15, 11]
[43, 25]
[34, 32]
[24, 10]
[45, 34]
[33, 52]
[50, 51]
[5, 51]
[16, 47]
[33, 18]
[40, 37]
[27, 32]
[46, 4]
[32, 40]
[39, 49]
[48, 16]
[44, 24]
[33, 31]
[20, 18]
[13, 26]
[22, 32]
[31, 33]
[21, 22]
[30, 24]
[11, 38]
[27, 39]
[27, 28]
[31, 38]
[32, 46]
[20, 11]
[42, 17]
[40, 49]
[47, 49]
[11, 9]
[36, 13]
[9, 21]
[39, 9]
[23, 38]
[11, 36]
[6, 18]
[7, 46]
[8, 33]
[47, 42]
[31, 35]
[39, 44]
[52, 41]
[35, 47]
[36, 28]
[47, 46]
[7, 34]
[48, 45]
[24, 52]
[15, 18]
[34, 20]
[15, 16]
[42, 4]
[26, 5]
[12, 27]
[46, 23]
[42, 35]
[36, 11]
[16, 29]
[19, 38]
[41, 27]
[12, 39]
[37, 52]
[27, 6]
[23, 33]
[5, 51]
[21, 26]
[5, 20]
[22, 24]
[41, 11]
[39, 52]
[31, 36]
[46, 41]
[7, 27]
[47, 12]
[9, 33]
[11, 28]
[9, 47]
[11, 23]
[39, 15]
[36, 44]
[20, 9]
[8, 44]
[37, 13]
[14, 8]
[52, 37]
[25, 31]
[32, 23]
[25, 16]
[13, 16]
[31, 8]
[37, 4]
[8, 19]
[39, 28]
[6, 27]
[31, 13]
[29, 26]
[14, 38]
[6, 6]
[13, 39]
[11, 50]
[31, 36]
[47, 11]
[17, 45]
[41, 26]
[25, 13]
[28, 20]
[42, 34]
[31, 48]
[16, 21]
[16, 17]
[4, 18]
[43, 19]
[29, 18]
[29, 51]
[38, 10]
[28, 43]
[24, 11]
[36, 7]
[33, 21]
[31, 15]
[42, 36]
[39, 31]
[11, 21]
[43, 23]
[11, 5]
[35, 52]
[25, 46]
[37, 27]
[11, 25]
[33, 41]
[22, 48]
[33, 35]
[23, 51]
[51, 31]
[10, 20]
[51, 42]
[19, 44]
[6, 34]
[47, 20]
[33, 10]
[39, 14]
[11, 18]
[40, 39]
[27, 47]
[35, 19]
[25, 35]
[20, 45]
[10, 46]
[47, 50]
[37, 39]
[24, 25]
[40, 21]
[43, 25]
[48, 7]
[31, 48]
[41, 36]
[8, 33]
[49, 17]
[49, 4]
[44, 32]
[28, 25]
[37, 11]
[24, 35]
[13, 44]
[32, 14]
[28, 51]
[29, 19]
[8, 14]
[36, 5]
[9, 29]
[47, 9]
[7, 17]
[29, 18]
[48, 8]
[28, 29]
[9, 47]
[6, 14]
[33, 38]
[21, 43]
[14, 20]
[8, 39]
[44, 28]
[12, 4]
[26, 26]
[52, 41]
[16, 21]
[9, 52]
[36, 45]
[34, 5]
[30, 30]
[30, 7]
[9, 19]
[22, 37]
[8, 23]
[42, 12]
[16, 52]
[5, 41]
[45, 37]
[18, 32]
[19, 47]
[51, 32]
[28, 52]
[30, 17]
[52, 6]
[47, 24]
[43, 52]
[36, 4]
[44, 16]
[46, 32]
[19, 39]
[27, 51]
[6, 7]
[15, 43]
[7, 23]
[44, 30]
[26, 19]
[50, 50]
[52, 45]
[9, 29]
[45, 16]
[48, 32]
[40, 29]
[4, 24]
[52, 27]
[15, 26]
[13, 10]
[35, 32]
[34, 26]
[42, 21]
[26, 44]
[16, 37]
[9, 25]
[47, 34]
[45, 24]
[17, 42]
[35, 49]
[35, 47]
[14, 41]
[49, 4]
[38, 39]
[10, 45]
[34, 24]
[44, 31]
[19, 20]
[13, 47]
[27, 33]
[28, 37]
[15, 44]
[4, 44]
[17, 5]
[15, 40]
[10, 23]
[32, 20]
[52, 22]
[35, 40]
[28, 24]
[51, 49]
[47, 48]
[22, 28]
[19, 40]
[45, 43]
[41, 13]
[7, 37]
[33, 9]
[32, 24]
[8, 27]
[14, 13]
[22, 37]
[14, 49]
[10, 22]
[27, 11]
[8, 21]
[14, 6]
[14, 51]
[46, 36]
[48, 32]
[49, 10]
[5, 16]
[19, 14]
[5, 51]
[41, 18]
[6, 25]
[32, 25]
[29, 32]
[49, 5]
[23, 7]
[21, 10]
[51, 21]
[50, 43]
[49, 50]
[32, 25]
[17, 14]
[48, 48]
[5, 19]
[4, 24]
[12, 15]
[42, 4]
[51, 49]
[33, 43]
[27, 32]
[24, 29]
[29, 49]
[14, 21]
[48, 20]
[5, 19]
[5, 51]
[8, 42]
[30, 6]
[13, 12]
[28, 14]
[11, 4]
[30, 48]
[24, 8]
[38, 19]
[23, 6]
[50, 18]
[15, 15]
[20, 39]
[30, 13]
[10, 38]
[17, 26]
[48, 49]
[25, 17]
[46, 5]
[8, 17]
[25, 15]
[19, 25]
[39, 34]
[6, 24]
[43, 47]
[12, 47]
[51, 8]
[32, 17]
[41, 6]
[35, 44]
[47, 44]
[21, 22]
[5, 19]
[34, 50]
[51, 22]
[28, 7]
[11, 46]
[9, 50]
[15, 31]
[22, 24]
[19, 26]
[37, 17]
[38, 9]
[17, 17]
[41, 50]
[6, 21]
[23, 35]
[34, 15]
[5, 49]
[5, 43]
[21, 15]
[15, 28]
[37, 40]
[29, 44]
[39, 8]
[34, 43]
[38, 22]
[23, 29]
[42, 11]
[35, 38]
[43, 52]
[13, 49]
[7, 22]
[46, 27]
[28, 32]
[45, 16]
[35, 8]
[29, 33]
[52, 18]
[13, 13]
[24, 32]
[10, 23]
[4, 10]
[44, 39]
[27, 52]
[45, 27]
[34, 33]
[52, 36]
[12, 41]
[17, 48]
[28, 40]
[6, 13]
[20, 43]
[10, 49]
[34, 22]
[44, 28]
[22, 26]
[23, 12]
[16, 15]
[15, 35]
[7, 35]
[22, 29]
[17, 8]
[35, 24]
[8, 50]
[6, 41]
[37, 21]
[8, 6]
[43, 36]
[21, 8]
[49, 26]
[25, 42]
[49, 50]
[7, 34]
[34, 44]
[39, 47]
[17, 45]
[39, 44]
[35, 36]
[8, 47]
[48, 46]
[8, 5]
[42, 13]
[50, 32]
[27, 13]
[24, 34]
[19, 30]
[22, 16]
[32, 11]
[41, 45]
[10, 22]
[19, 12]
[50, 9]
[5, 29]
[43, 47]
[12, 12]
[15, 30]
[27, 43]
[8, 9]
[33, 37]
[46, 35]
[15, 19]
[31, 27]
[44, 45]
[51, 17]
[20, 10]
[16, 42]
[24, 41]
[44, 9]
[51, 6]
[20, 29]
[43, 7]
[20, 4]
[10, 12]
[24, 22]
[18, 24]
[10, 37]
[21, 40]
[4, 13]
[25, 6]
[29, 15]
[20, 39]
[46, 20]
[30, 21]
[13, 9]
[7, 8]
[27, 16]
[51, 23]
[31, 24]
[6, 32]
[40, 32]
[36, 49]
[41, 17]
[9, 49]
[42, 23]
[12, 35]
[9, 19]
[13, 39]
[37, 50]
[44, 37]
[23, 52]
[16, 43]
[44, 15]
[21, 6]
[10, 8]
[9, 15]
[50, 48]
[50, 30]
[51, 7]
[6, 37]
[28, 17]
[50, 6]
[12, 21]
[5, 51]
[21, 52]
[28, 43]
[14, 7]
[6, 33]
[13, 26]
[21, 19]
[22, 30]
[32, 10]
[42, 20]
[12, 49]
[38, 36]
[19, 45]
[35, 39]
[48, 18]
[45, 11]
[45, 31]
[4, 8]
[38, 15]
[18, 27]
[50, 7]
[30, 38]
[31, 4]
[46, 51]
[30, 7]
[17, 17]
[12, 7]
[28, 13]
[4, 27]
[22, 46]
[41, 18]
[36, 23]
[51, 40]
[6, 40]
[37, 31]
[37, 27]
[44, 5]
[15, 45]
[31, 22]
[8, 12]
[24, 20]
[36, 11]
[40, 4]
[30, 42]
[49, 10]
[35, 42]
[20, 20]
[39, 42]
[23, 36]
[49, 24]
[45, 17]
[5, 46]
[47, 51]
[50, 21]
[40, 16]
[27, 29]
[51, 38]
[26, 27]
[41, 25]
[24, 30]
[10, 31]
[9, 25]
[14, 33]
[45, 9]
[4, 12]
[38, 27]
[12, 37]
[7, 12]
[18, 29]
[37, 36]
[25, 39]
[4, 43]
[33, 24]
[20, 21]
[51, 18]
[32, 27]
[24, 14]
[52, 40]
[26, 12]
[36, 17]
[21, 11]
[31, 33]
[37, 20]
[18, 31]
[16, 22]
[21, 13]
[32, 34]
[33, 27]
[45, 40]
[35, 24]
[11, 10]
[12, 43]
[32, 37]
[36, 37]
[11, 25]
[42, 29]
[50, 12]
[40, 43]
[40, 13]
[18, 35]
[26, 26]
[46, 6]
[42, 16]
[29, 49]
[9, 52]
[12, 9]
[22, 38]
[29, 34]
[5, 34]
[27, 11]
[43, 38]
[45, 28]
[17, 23]
[18, 14]
[14, 8]
[51, 47]
[18, 49]
[7, 16]
[43, 17]
[20, 46]
[17, 25]
[38, 33]
[46, 30]
[38, 51]
[14, 15]
[32, 41]
[40, 40]
[7, 52]
[31, 9]
[16, 9]
[9, 32]
[46, 22]
[25, 5]
[44, 28]
[48, 26]
[15, 31]
[23, 52]
[33, 16]
[17, 4]
[50, 12]
[26, 26]
[39, 12]
