[18, 14]
[19, 37]
[42, 22]
[26, 45]
[11, 20]
[17, 17]
[33, 16]
[27, 35]
[44, 33]
[28, 10]
[14, 39]
[34, 42]
[25, 25]
[45, 25]
[31, 8]
[13, 41]
[8, 49]
[6, 13]
[40, 36]
[4, 19]
[37, 20]
[30, 51]
[21, 23]
[8, 27]
[4, 14]
[51, 18]
[31, 50]
[50, 6]
[39, 9]
[15, 30]
[23, 16]
[29, 41]
[5, 38]
[49, 37]
[32, 50]
[35, 40]
[6, 32]
[36, 43]
[50, 44]
[40, 5]
[16, 39]
[49, 42]
[33, 40]
[40, 28]
[39, 7]
[19, 34]
[21, 19]
[48, 52]
[47, 12]
[38, 43]
[29, 4]
[30, 30]
[35, 46]
[41, 29]
[48, 22]
[41, 48]
[28, 31]
[34, 45]
[13, 44]
[7, 46]
[7, 32]
[52, 48]
[16, 23]
[52, 26]
[46, 36]
[44, 9]
[43, 35]
[17, 5]
[38, 28]
[24, 8]
[25, 26]
[10, 17]
[5, 6]
[37, 29]
[22, 4]
[16, 10]
[46, 27]
[18, 15]
[12, 33]
[23, 40]
[51, 34]
[42, 47]
[10, 21]
[20, 49]
[45, 21]
[24, 11]
[9, 7]
[12, 47]
[27, 51]
[9, 15]
[20, 24]
[26, 52]
[43, 31]
[36, 11]
[22, 12]
[32, 38]
[11, 24]
[47, 16]
[15, 13]
[14, 18]
