[11, 19]
[30, 18]
[51, 37]
[21, 15]
[44, 48]
[18, 20]
[42, 5]
[10, 37]
[12, 5]
[36, 17]
[18, 42]
[39, 18]
[52, 42]
[19, 6]
[9, 19]
[28, 26]
[50, 27]
[5, 32]
[32, 42]
[51, 41]
[51, 10]
[29, 22]
[45, 48]
[15, 32]
[50, 41]
[35, 7]
[13, 32]
[11, 50]
[45, 48]
[4, 33]
[26, 11]
[10, 48]
[18, 23]
[46, 46]
[22, 48]
[6, 10]
[22, 25]
[5, 41]
[44, 27]
[50, 30]
[19, 30]
[18, 35]
[47, 39]
[50, 31]
[20, 38]
[6, 5]
[28, 20]
[16, 29]
[13, 18]
[44, 46]
[33, 7]
[5, 51]
[31, 40]
[23, 52]
[11, 45]
[34, 27]
[17, 38]
[8, 16]
[10, 13]
[16, 45]
[22, 6]
[33, 5]
[17, 32]
[45, 8]
[39, 45]
[49, 10]
[45, 48]
[32, 9]
[29, 29]
[26, 26]
[31, 51]
[35, 4]
[11, 6]
[30, 4]
[26, 33]
[44, 31]
[38, 23]
[22, 51]
[23, 10]
[32, 7]
[27, 20]
[39, 22]
[35, 52]
[12, 44]
[51, 35]
[30, 9]
[21, 28]
[38, 12]
[24, 41]
[34, 9]
[12, 10]
[19, 25]
[49, 40]
[10, 36]
[48, 24]
[37, 15]
[51, 50]
[11, 14]
[19, 22]
[37, 17]
[44, 20]
[50, 31]
[52, 52]
[29, 20]
[39, 30]
[37, 35]
[29, 49]
[49, 19]
[36, 13]
[35, 14]
[12, 41]
[38, 11]
[15, 26]
[43, 33]
[29, 9]
[34, 51]
[32, 34]
[16, 39]
[10, 11]
[43, 27]
[46, 35]
[22, 5]
[19, 16]
[40, 21]
[38, 38]
[28, 32]
[9, 22]
[41, 16]
[43, 45]
[15, 33]
[44, 4]
[7, 33]
[17, 48]
[21, 19]
[48, 13]
[11, 4]
[35, 23]
[37, 27]
[4, 42]
[22, 18]
[16, 39]
[40, 10]
[17, 4]
[18, 26]
[13, 52]
[38, 38]
[25, 19]
[30, 12]
[49, 25]
[35, 21]
[38, 7]
[23, 18]
[23, 24]
[23, 24]
[49, 51]
[29, 34]
[45, 52]
[33, 30]
[48, 49]
[43, 25]
[41, 28]
[11, 17]
[28, 47]
[39, 52]
[6, 8]
[13, 34]
[42, 26]
[7, 43]
[29, 36]
[23, 11]
[25, 45]
[8, 32]
[50, 11]
[19, 18]
[46, 30]
[42, 19]
[5, 8]
[40, 15]
[9, 25]
[16, 20]
[16, 50]
[25, 8]
[51, 4]
[27, 12]
[16, 28]
[29, 9]
[9, 46]
[25, 36]
[37, 35]
[21, 50]
[24, 49]
[23, 32]
[49, 5]
[24, 27]
[23, 24]
[43, 15]
[37, 13]
[20, 35]
[49, 7]
[29, 24]
[28, 32]
[31, 12]
[34, 36]
[4, 45]
[14, 45]
[18, 43]
[47, 51]
[40, 5]
[30, 16]
[10, 13]
[4, 44]
[31, 44]
[32, 7]
[6, 19]
[37, 36]
[17, 26]
[45, 17]
[20, 39]
[26, 18]
[50, 42]
[28, 26]
[14, 30]
[17, 47]
[41, 21]
[36, 16]
[30, 49]
[35, 8]
[10, 33]
[27, 8]
[24, 29]
[46, 9]
[20, 21]
[6, 50]
[46, 11]
[23, 31]
[33, 23]
[22, 43]
[28, 28]
[13, 25]
[38, 39]
[37, 38]
[10, 38]
[28, 34]
[40, 49]
[34, 27]
[39, 49]
[27, 11]
[15, 40]
[6, 12]
[47, 44]
[24, 28]
[27, 46]
[52, 35]
[45, 17]
[7, 24]
[42, 45]
[20, 32]
[36, 24]
[34, 46]
[7, 5]
[46, 43]
[25, 41]
[15, 15]
[36, 7]
[33, 18]
[5, 30]
[50, 23]
[30, 37]
[22, 44]
[14, 28]
[41, 29]
[39, 37]
[21, 39]
[8, 49]
[39, 44]
[26, 4]
[19, 34]
[35, 17]
[27, 50]
[23, 8]
[15, 15]
[40, 44]
[38, 16]
[39, 37]
[44, 36]
[26, 36]
[19, 27]
[24, 50]
[11, 51]
[32, 30]
[49, 51]
[36, 42]
[18, 11]
[27, 19]
[50, 35]
[28, 47]
[8, 21]
[52, 43]
[46, 47]
[50, 50]
[26, 13]
[18, 12]
[43, 42]
[31, 17]
[51, 14]
[16, 29]
[47, 14]
[12, 39]
[31, 21]
[9, 41]
[33, 25]
[12, 6]
[10, 17]
[13, 12]
[8, 44]
[22, 14]
[12, 47]
[6, 8]
[51, 28]
[51, 16]
[42, 37]
[13, 36]
[14, 44]
[17, 18]
[14, 26]
[8, 24]
[41, 43]
[35, 4]
[50, 51]
[45, 38]
[34, 34]
[30, 8]
[16, 7]
[8, 16]
[15, 25]
[32, 46]
[7, 12]
[27, 52]
[7, 12]
[7, 49]
[31, 11]
[5, 43]
[4, 47]
[5, 30]
[4, 28]
[9, 22]
[36, 29]
[42, 24]
[47, 36]
[42, 37]
[40, 14]
[36, 16]
[52, 37]
[18, 14]
[17, 23]
[24, 43]
[14, 15]
[48, 19]
[12, 20]
[4, 33]
[15, 20]
[20, 5]
[47, 45]
[46, 40]
[13, 5]
[27, 44]
[14, 48]
[9, 43]
[47, 6]
[14, 36]
[16, 29]
[6, 29]
[46, 23]
[30, 13]
[4, 8]
[6, 6]
[42, 21]
[37, 20]
[17, 10]
[30, 22]
[40, 9]
[30, 4]
[52, 18]
[41, 19]
[15, 25]
[8, 30]
[26, 14]
[33, 31]
[20, 52]
[26, 50]
[48, 24]
[24, 31]
[41, 6]
[13, 33]
[21, 42]
[48, 21]
[14, 40]
[42, 33]
[32, 34]
[20, 27]
[11, 13]
[38, 40]
[15, 26]
[14, 21]
[17, 15]
[25, 17]
[27, 15]
[31, 38]
[29, 11]
[45, 16]
[44, 47]
[43, 40]
[34, 52]
[21, 39]
[8, 31]
[48, 43]
[31, 26]
[42, 31]
[41, 31]
[52, 47]
[48, 47]
[8, 40]
[39, 21]
[52, 49]
[5, 7]
[38, 41]
[41, 6]
[33, 14]
[11, 10]
[22, 6]
[18, 22]
[9, 34]
[25, 34]
[47, 7]
[52, 23]
[40, 30]
[21, 49]
[12, 39]
[48, 15]
[5, 35]
[43, 25]
[44, 9]
[7, 28]
[24, 35]
[11, 6]
[35, 42]
[45, 47]
[47, 52]
[45, 46]
[4, 13]
[20, 37]
[33, 42]
[47, 40]
[7, 22]
[12, 20]
[31, 48]
[44, 28]
[36, 41]
[26, 9]
[51, 26]
[52, 34]
[21, 40]
[13, 41]
[4, 17]
[25, 38]
[28, 10]
[5, 31]
[25, 33]
[9, 21]
[24, 22]
[46, 40]
[43, 38]
[37, 12]
[32, 9]
[19, 45]
[26, 50]
[49, 45]
[21, 22]
[35, 46]
[32, 14]
[19, 23]
[49, 39]
[7, 11]
[6, 29]
[33, 50]
[34, 35]
[41, 37]
[6, 46]
[43, 32]
[40, 51]
[36, 13]
[48, 6]
[25, 16]
[40, 10]
[34, 29]
[10, 27]
[16, 4]
[21, 23]
[20, 46]
[9, 48]
