[18, 30]
[34, 46]
[24, 52]
[22, 48]
[41, 28]
[52, 29]
[17, 44]
[5, 38]
[46, 15]
[11, 19]
[49, 25]
[29, 45]
[34, 7]
[46, 17]
[10, 43]
[51, 18]
[3, 16]
[51, 27]
[12, 14]
[50, 5]
[38, 30]
[36, 9]
[11, 5]
[34, 45]
[11, 23]
[29, 30]
[22, 7]
[32, 45]
[23, 35]
[43, 34]
[29, 30]
[18, 9]
[44, 23]
[6, 27]
[33, 36]
[12, 45]
[18, 26]
[44, 52]
[26, 34]
[12, 34]
[15, 3]
[20, 46]
[19, 48]
[41, 46]
[38, 40]
[7, 35]
[19, 25]
[15, 13]
[41, 11]
[13, 37]
[10, 25]
[9, 21]
[28, 19]
[12, 15]
[32, 43]
[13, 48]
[18, 49]
[8, 24]
[49, 6]
[30, 47]
[38, 12]
[9, 13]
[26, 19]
[3, 34]
[51, 30]
[5, 49]
[8, 38]
[20, 36]
[23, 49]
[31, 34]
[42, 12]
[49, 26]
[19, 20]
[25, 9]
[51, 28]
[36, 51]
[4, 51]
[11, 27]
[17, 18]
[16, 6]
[10, 45]
[26, 39]
[9, 14]
[29, 25]
[30, 29]
[38, 3]
[15, 13]
[12, 45]
[13, 36]
[33, 18]
[38, 3]
[51, 5]
[21, 17]
[20, 25]
[42, 3]
[23, 25]
[44, 31]
[6, 9]
[3, 27]
[38, 10]
[41, 36]
[49, 4]
[30, 23]
[14, 16]
[27, 26]
[34, 16]
[44, 33]
[32, 40]
[7, 18]
[27, 28]
[6, 46]
[45, 40]
[18, 20]
[6, 19]
[13, 21]
[34, 35]
[45, 5]
[20, 48]
[7, 13]
[38, 5]
[32, 40]
[16, 52]
[15, 21]
[12, 17]
[4, 41]
[52, 27]
[11, 52]
[52, 27]
[29, 25]
[31, 39]
[35, 6]
[33, 49]
[4, 47]
[35, 14]
[9, 14]
[45, 6]
[49, 15]
[24, 46]
[5, 44]
[37, 3]
[14, 31]
[46, 15]
[26, 52]
[51, 47]
[37, 15]
[45, 44]
[21, 5]
[52, 17]
[26, 5]
[15, 39]
[22, 45]
[20, 49]
[36, 30]
[7, 16]
[24, 10]
[31, 35]
[49, 45]
[7, 24]
[36, 25]
[14, 43]
[31, 46]
[14, 25]
[40, 48]
[26, 9]
[37, 26]
[45, 50]
[3, 3]
[46, 34]
[48, 9]
[21, 29]
[38, 33]
[48, 26]
[37, 7]
[6, 16]
[33, 5]
[51, 20]
[21, 14]
[45, 11]
[4, 27]
[18, 18]
[39, 21]
[49, 47]
[26, 12]
[22, 6]
[13, 10]
[52, 19]
[13, 27]
[4, 32]
[34, 18]
[31, 46]
[49, 3]
[20, 28]
[28, 40]
[18, 15]
[33, 14]
[27, 39]
[42, 36]
[3, 18]
[3, 7]
[34, 29]
[35, 15]
[12, 36]
[23, 6]
[50, 32]
[24, 8]
[45, 10]
[3, 42]
[28, 39]
[23, 9]
[38, 20]
[33, 41]
[52, 18]
[8, 29]
[23, 11]
[13, 9]
[4, 19]
[3, 17]
[36, 42]
[22, 30]
[35, 35]
[20, 4]
[21, 20]
[15, 38]
[34, 33]
[51, 40]
[44, 26]
[38, 35]
[28, 39]
[21, 31]
[43, 30]
[22, 26]
[33, 48]
[46, 16]
[6, 51]
[22, 30]
[26, 21]
[16, 15]
[34, 13]
[42, 36]
[4, 25]
[14, 28]
[41, 25]
[44, 11]
[34, 5]
[28, 17]
[11, 17]
[9, 24]
[47, 14]
[20, 28]
[52, 5]
[32, 8]
[29, 5]
[15, 49]
[40, 4]
[10, 6]
[12, 11]
[50, 17]
[45, 17]
[31, 51]
[9, 45]
[34, 3]
[29, 17]
[48, 30]
[4, 51]
[4, 23]
[44, 32]
[41, 50]
[5, 38]
[28, 42]
[40, 5]
[33, 13]
[9, 5]
[26, 4]
[46, 38]
[39, 37]
[6, 48]
[29, 8]
[25, 14]
[27, 38]
[18, 29]
[39, 5]
[9, 52]
[13, 3]
[8, 36]
[27, 5]
[46, 17]
[26, 6]
[47, 26]
[35, 17]
[9, 4]
[13, 21]
[48, 35]
[24, 8]
[23, 19]
[42, 49]
[27, 33]
[44, 49]
[49, 48]
[7, 39]
[25, 27]
[12, 35]
[40, 11]
[41, 25]
[25, 23]
[25, 35]
[38, 15]
[51, 36]
[11, 24]
[28, 8]
[31, 49]
[18, 52]
[29, 48]
[52, 50]
[23, 41]
[33, 39]
[15, 52]
[25, 33]
[36, 42]
[42, 49]
[28, 14]
[10, 20]
[11, 52]
[35, 15]
[17, 45]
[16, 49]
[27, 45]
[13, 8]
[52, 44]
[51, 6]
[19, 24]
[18, 6]
[42, 34]
[27, 19]
[15, 9]
[49, 22]
[25, 10]
[9, 14]
[8, 30]
[32, 48]
[34, 46]
[27, 28]
[16, 35]
[17, 29]
[39, 45]
[26, 20]
[10, 43]
[35, 16]
[30, 47]
[51, 34]
[26, 21]
[46, 33]
[37, 10]
[9, 6]
[46, 41]
[6, 5]
[4, 31]
[11, 12]
[11, 28]
[28, 26]
[35, 19]
[39, 44]
[23, 51]
[15, 43]
[18, 39]
[48, 40]
[45, 42]
[18, 34]
[6, 6]
[50, 30]
[42, 5]
[51, 48]
[33, 7]
[40, 3]
[38, 27]
[52, 40]
[44, 20]
[31, 33]
[18, 28]
[13, 19]
[50, 21]
[5, 27]
[28, 10]
[9, 7]
[19, 38]
[24, 44]
[32, 43]
[24, 10]
[28, 44]
[28, 34]
[41, 26]
[52, 16]
[20, 42]
[4, 27]
[50, 5]
[44, 21]
[12, 18]
[49, 46]
[22, 47]
[52, 38]
[11, 35]
[10, 37]
[49, 19]
[49, 42]
[45, 24]
[33, 17]
[48, 32]
[39, 52]
[26, 14]
[6, 27]
[42, 14]
[26, 43]
[10, 47]
[3, 10]
[15, 46]
[20, 3]
[13, 12]
[43, 11]
[41, 45]
[24, 21]
[40, 50]
[14, 3]
[31, 32]
[39, 32]
[4, 50]
[46, 49]
[10, 16]
[17, 41]
[18, 48]
[7, 49]
[12, 42]
[18, 33]
[30, 41]
[16, 31]
[20, 40]
[6, 24]
[6, 36]
[22, 36]
[29, 18]
[25, 37]
[22, 43]
[13, 22]
[16, 39]
[19, 45]
[51, 37]
[35, 33]
[6, 23]
[23, 23]
[49, 32]
[37, 15]
[13, 23]
[28, 42]
[52, 3]
[49, 40]
[46, 41]
[43, 9]
[27, 39]
[51, 51]
[31, 10]
[16, 4]
[38, 43]
[52, 27]
[22, 33]
[42, 35]
[31, 43]
[11, 36]
[46, 8]
[52, 23]
[33, 43]
[22, 31]
[15, 43]
[48, 11]
[17, 4]
[28, 22]
[22, 52]
[50, 50]
[18, 19]
[14, 23]
[31, 20]
[50, 50]
[52, 34]
[27, 49]
[32, 24]
[30, 5]
[33, 40]
[43, 35]
[48, 19]
[9, 37]
[40, 13]
[25, 18]
[44, 24]
[12, 16]
[40, 36]
[35, 17]
[24, 34]
[44, 7]
[30, 6]
[38, 9]
[41, 19]
[37, 25]
[27, 5]
[52, 4]
[17, 42]
[47, 50]
[5, 12]
[20, 33]
[47, 15]
[14, 7]
[14, 10]
[32, 9]
[14, 52]
[8, 24]
[3, 23]
[7, 9]
[25, 21]
[21, 46]
[51, 43]
[47, 49]
[11, 43]
[37, 32]
[36, 52]
[16, 41]
[26, 39]
[42, 48]
[24, 31]
[25, 23]
[23, 39]
[28, 33]
[45, 46]
[30, 6]
[14, 6]
[5, 25]
[41, 47]
[46, 31]
[12, 40]
[35, 29]
[8, 9]
[22, 51]
[19, 23]
[10, 33]
[51, 33]
[3, 48]
[38, 12]
[25, 32]
[31, 6]
[22, 24]
[17, 15]
[13, 43]
[30, 49]
[25, 7]
[20, 44]
[39, 33]
[8, 21]
[24, 50]
[20, 24]
[41, 30]
[36, 33]
[9, 26]
[6, 8]
[46, 35]
[35, 42]
[38, 28]
[39, 4]
[19, 32]
[4, 33]
[35, 49]
[11, 13]
[13, 12]
[4, 35]
[33, 29]
[36, 5]
[36, 10]
[6, 48]
[8, 4]
[11, 39]
[33, 31]
[27, 18]
[46, 25]
[15, 30]
[43, 50]
[28, 38]
[20, 24]
[51, 20]
[40, 50]
[45, 13]
[24, 18]
[21, 15]
[4, 14]
[11, 3]
[44, 7]
[39, 4]
[10, 37]
[19, 21]
[50, 22]
[42, 26]
[36, 46]
[16, 4]
[37, 24]
[15, 10]
[22, 42]
[27, 33]
[36, 3]
[32, 29]
[37, 40]
[41, 24]
[8, 10]
[5, 8]
[28, 35]
[26, 23]
[49, 42]
[34, 22]
[38, 6]
[21, 20]
[14, 21]
[27, 43]
[21, 10]
[11, 35]
[28, 44]
[23, 15]
[30, 5]
[4, 10]
[40, 36]
[50, 8]
[40, 31]
[3, 39]
[26, 40]
[49, 43]
[6, 31]
[24, 36]
[14, 51]
[19, 3]
[32, 26]
[26, 27]
[46, 42]
[5, 3]
[51, 9]
[11, 17]
[14, 11]
[51, 18]
[3, 44]
[4, 42]
[36, 9]
[6, 48]
[15, 52]
[11, 42]
[7, 28]
[4, 28]
[30, 11]
[18, 52]
[46, 37]
[42, 24]
[15, 7]
[7, 46]
[48, 49]
[46, 7]
[35, 44]
[19, 11]
[30, 43]
[9, 11]
[48, 16]
[18, 37]
[40, 9]
[31, 41]
[6, 17]
[5, 23]
[39, 32]
[36, 48]
[9, 20]
[47, 17]
[27, 16]
[21, 43]
[3, 51]
[15, 52]
[31, 5]
[31, 49]
[8, 4]
[13, 23]
[15, 48]
[15, 37]
[34, 7]
[25, 24]
[32, 41]
[46, 4]
[13, 7]
[11, 4]
[50, 27]
[29, 20]
[52, 6]
[50, 51]
[28, 34]
[26, 26]
[23, 6]
[35, 47]
[33, 45]
[32, 24]
[18, 30]
[12, 25]
[52, 31]
[24, 9]
[38, 24]
[20, 13]
[25, 27]
[7, 14]
[37, 37]
[3, 4]
[37, 28]
[40, 25]
[24, 15]
[12, 3]
[23, 44]
[13, 22]
[38, 18]
[26, 18]
[44, 3]
[11, 31]
[38, 45]
[22, 17]
[47, 48]
[29, 7]
[33, 12]
[4, 37]
[40, 36]
[7, 19]
[47, 13]
[7, 34]
[48, 40]
[44, 23]
[14, 5]
[17, 8]
[51, 17]
[18, 31]
[42, 46]
[43, 5]
[9, 10]
[17, 46]
[35, 47]
[23, 36]
[51, 35]
[16, 30]
[4, 23]
[8, 34]
[9, 42]
[28, 13]
[33, 14]
[6, 7]
[38, 16]
[42, 14]
[47, 15]
[5, 25]
[40, 18]
[20, 52]
[52, 19]
[46, 49]
[46, 11]
[25, 47]
[33, 40]
[10, 10]
[36, 20]
[28, 26]
[45, 12]
[31, 9]
[6, 34]
[38, 5]
[22, 38]
[38, 5]
[28, 40]
[31, 20]
[24, 11]
[25, 51]
[51, 34]
[18, 42]
[41, 34]
[20, 13]
[20, 32]
[7, 11]
[28, 52]
[7, 48]
[5, 31]
[27, 44]
[32, 47]
[31, 13]
[9, 39]
[26, 3]
[12, 23]
[4, 8]
[8, 25]
[33, 19]
[31, 36]
[35, 34]
[47, 49]
[22, 7]
[23, 42]
[49, 27]
[3, 41]
[35, 24]
[16, 7]
[19, 24]
[20, 7]
[13, 11]
[48, 7]
[46, 34]
[43, 9]
[12, 12]
[14, 37]
[32, 43]
[34, 13]
[50, 46]
[43, 24]
[44, 43]
[10, 39]
[26, 50]
[47, 23]
[36, 38]
[11, 11]
[28, 49]
[39, 3]
[30, 35]
[20, 15]
[13, 25]
[4, 40]
[47, 49]
[49, 24]
[23, 14]
[10, 34]
[3, 7]
[8, 52]
[41, 4]
[49, 17]
[39, 5]
[45, 14]
[42, 15]
[4, 43]
[27, 28]
[46, 17]
[52, 31]
[27, 48]
[3, 42]
[41, 47]
[10, 36]
[4, 23]
[46, 38]
[36, 36]
[22, 47]
[25, 7]
[47, 38]
[31, 22]
[45, 45]
[22, 5]
[46, 15]
[36, 46]
[30, 8]
[24, 37]
[39, 13]
[12, 8]
[20, 19]
[32, 49]
[48, 33]
[38, 5]
[28, 5]
[3, 9]
[50, 18]
[31, 41]
[52, 41]
[38, 39]
[16, 41]
[24, 11]
[5, 20]
[52, 52]
[44, 9]
[16, 10]
[30, 19]
[26, 39]
[4, 35]
[9, 28]
[8, 38]
[15, 50]
[28, 15]
[28, 22]
[43, 36]
[18, 14]
[35, 20]
[34, 49]
[20, 18]
[37, 33]
[49, 37]
[32, 37]
[23, 16]
[23, 38]
[46, 29]
[3, 35]
[16, 26]
[17, 48]
[33, 19]
[43, 12]
[46, 29]
[49, 10]
[21, 31]
[18, 24]
[17, 44]
[39, 46]
[40, 24]
[26, 49]
[43, 23]
[11, 32]
[23, 5]
[34, 29]
[50, 43]
[50, 13]
[39, 51]
[23, 6]
[3, 31]
[51, 36]
[19, 38]
[26, 30]
[42, 19]
[26, 51]
[17, 19]
[28, 48]
[22, 4]
[34, 15]
[23, 37]
[44, 15]
[21, 11]
[34, 5]
[10, 38]
[48, 44]
[7, 6]
[16, 50]
[51, 27]
[41, 10]
[16, 9]
[43, 23]
[40, 49]
[43, 37]
[17, 19]
[28, 11]
[28, 50]
[21, 27]
[19, 23]
[20, 40]
[28, 7]
[46, 12]
[7, 4]
[38, 28]
[50, 38]
[31, 15]
[21, 8]
[15, 40]
[26, 7]
[32, 17]
[26, 39]
[42, 45]
[24, 42]
[26, 14]
[49, 49]
[37, 17]
[14, 13]
[45, 43]
[8, 29]
[28, 6]
[26, 29]
[11, 14]
[51, 18]
[15, 41]
[50, 7]
[32, 5]
[42, 22]
[31, 39]
[31, 29]
[6, 19]
[17, 4]
[50, 19]
[25, 16]
[18, 33]
[27, 12]
[39, 10]
[36, 6]
[23, 45]
[32, 49]
[51, 29]
[30, 41]
[44, 50]
[8, 8]
[28, 51]
[46, 19]
[41, 4]
[46, 11]
[20, 35]
[36, 18]
[32, 24]
[15, 37]
[30, 39]
[41, 39]
[31, 38]
[19, 47]
[8, 51]
[48, 48]
[27, 21]
[20, 18]
[24, 34]
[8, 43]
[29, 12]
[50, 48]
[52, 24]
[35, 22]
[28, 16]
[21, 26]
[51, 21]
[5, 26]
[25, 12]
[15, 29]
[47, 19]
[22, 5]
[3, 39]
[10, 31]
[35, 18]
[13, 38]
[9, 5]
[42, 37]
[33, 13]
[21, 5]
[35, 26]
[38, 15]
[5, 21]
[3, 9]
[24, 35]
[25, 44]
[4, 25]
[8, 52]
[12, 36]
[22, 45]
[23, 18]
[42, 47]
[23, 46]
[28, 51]
[5, 17]
[6, 8]
[10, 52]
[48, 7]
[4, 51]
[16, 36]
[45, 27]
[20, 52]
[38, 19]
[42, 26]
[43, 5]
[50, 3]
[37, 11]
[38, 18]
[45, 50]
[29, 45]
[50, 24]
[3, 9]
[6, 7]
[7, 17]
[22, 7]
[23, 33]
[39, 23]
[9, 47]
[38, 12]
[26, 48]
[4, 4]
[34, 39]
[30, 13]
[23, 28]
[19, 24]
[43, 22]
[26, 46]
[52, 43]
[7, 12]
[20, 49]
[31, 21]
[35, 39]
[48, 23]
[50, 44]
[39, 46]
[13, 33]
[51, 48]
[12, 27]
[43, 31]
[45, 43]
[11, 37]
[29, 37]
[8, 40]
[36, 18]
[14, 20]
[32, 40]
[41, 45]
[14, 45]
[39, 46]
[17, 38]
[33, 29]
[49, 4]
[9, 37]
[5, 23]
[5, 35]
[44, 27]
[7, 10]
[15, 35]
[26, 8]
[7, 13]
[29, 49]
[4, 11]
[51, 43]
[33, 50]
[39, 5]
[48, 40]
[4, 19]
[39, 10]
[27, 32]
[42, 33]
[10, 24]
[40, 3]
[43, 50]
[22, 11]
[49, 41]
[28, 32]
[48, 11]
[52, 44]
[38, 16]
[9, 50]
[29, 28]
[30, 5]
[50, 43]
[42, 11]
[45, 21]
[5, 6]
[48, 43]
[47, 31]
[32, 30]
[29, 49]
[11, 44]
[44, 35]
[31, 43]
[6, 22]
[14, 52]
[44, 3]
[34, 20]
[38, 24]
[37, 40]
[44, 11]
[52, 39]
[45, 3]
[15, 43]
[44, 52]
[40, 43]
[41, 14]
[39, 5]
[38, 44]
[11, 7]
[4, 40]
[20, 44]
[10, 34]
[9, 41]
[3, 34]
[42, 30]
[27, 17]
[38, 16]
[13, 25]
[13, 32]
[29, 28]
[50, 6]
[17, 51]
[10, 15]
[3, 25]
[36, 22]
[19, 8]
[22, 43]
[20, 29]
[45, 36]
[41, 37]
[21, 15]
[34, 41]
[18, 16]
[41, 29]
[46, 40]
[29, 31]
[42, 20]
[51, 43]
[30, 39]
[25, 40]
[22, 38]
[31, 7]
[43, 33]
[4, 14]
[36, 44]
[3, 38]
[10, 21]
[15, 16]
[36, 23]
[40, 13]
[52, 52]
[10, 13]
[35, 29]
[25, 43]
[13, 20]
[5, 34]
[38, 27]
[30, 51]
[35, 22]
[9, 25]
[23, 10]
[12, 38]
[40, 19]
[29, 35]
[51, 35]
[8, 36]
[14, 46]
[35, 24]
[39, 42]
[49, 47]
[47, 30]
[33, 20]
[16, 12]
[18, 42]
[4, 6]
[10, 40]
[45, 21]
[28, 18]
[6, 43]
[52, 22]
[33, 26]
[17, 45]
[38, 12]
[31, 13]
[35, 22]
[9, 7]
[45, 47]
[20, 21]
[47, 31]
[9, 19]
[38, 18]
[51, 40]
[36, 7]
[51, 51]
[21, 22]
[22, 52]
[41, 4]
[19, 6]
[22, 6]
[23, 23]
[36, 29]
[16, 35]
[25, 45]
[21, 44]
[9, 40]
[22, 8]
[45, 40]
[33, 23]
[45, 19]
[6, 45]
[12, 45]
[21, 21]
[19, 17]
[25, 28]
[32, 38]
[38, 33]
[35, 48]
[41, 17]
[46, 5]
[5, 28]
[41, 12]
[39, 48]
[24, 19]
[13, 38]
[24, 38]
[30, 37]
[17, 28]
[4, 51]
[30, 37]
[19, 50]
[24, 13]
[52, 27]
[43, 18]
[41, 41]
[48, 32]
[51, 23]
[30, 37]
[24, 47]
[13, 6]
[8, 44]
[17, 23]
[39, 45]
[18, 39]
[16, 29]
[5, 38]
[30, 26]
[30, 26]
[3, 30]
[37, 50]
[18, 51]
[31, 52]
[43, 22]
[32, 37]
[41, 6]
[14, 16]
[33, 24]
[10, 6]
[50, 29]
[48, 51]
[41, 28]
[37, 11]
[27, 9]
[5, 27]
[25, 51]
[20, 49]
[39, 16]
[43, 28]
[10, 24]
[48, 15]
[5, 13]
[14, 51]
[34, 34]
[37, 32]
[42, 31]
[40, 24]
[45, 43]
[3, 24]
[51, 47]
[29, 19]
[30, 49]
[41, 34]
[33, 36]
[49, 14]
[10, 48]
[43, 51]
[39, 6]
[37, 26]
[43, 22]
[41, 9]
[43, 19]
[34, 5]
[11, 43]
[37, 14]
[35, 39]
[5, 52]
[50, 42]
[39, 18]
[25, 31]
[3, 38]
[18, 9]
[51, 37]
[9, 8]
[32, 10]
[5, 51]
[26, 52]
[32, 42]
[17, 32]
[16, 4]
[45, 38]
[45, 28]
[52, 17]
[4, 35]
[30, 48]
[25, 12]
[22, 24]
[34, 29]
[35, 10]
[33, 51]
[20, 11]
[48, 23]
[52, 37]
[19, 26]
[22, 11]
[24, 16]
[34, 4]
[13, 38]
[20, 19]
[12, 32]
[26, 17]
[32, 47]
[46, 52]
[26, 17]
[48, 22]
[3, 43]
[41, 15]
[48, 35]
[8, 13]
[15, 8]
[25, 27]
[47, 7]
[21, 45]
[43, 36]
[32, 38]
[20, 26]
[18, 18]
[15, 11]
[39, 32]
[24, 12]
[46, 29]
[52, 25]
[15, 23]
[10, 12]
[12, 36]
[30, 44]
[18, 10]
[7, 36]
[10, 32]
[5, 7]
[15, 29]
[39, 38]
[14, 43]
[29, 20]
[47, 52]
[5, 10]
[3, 50]
[7, 38]
[39, 32]
[4, 42]
[23, 4]
[48, 14]
[31, 40]
[51, 41]
[14, 26]
[21, 35]
[11, 22]
[38, 23]
[30, 30]
[37, 51]
[51, 33]
[3, 41]
[46, 46]
[32, 13]
[18, 49]
[47, 27]
[42, 19]
[7, 39]
[45, 25]
[47, 49]
[49, 8]
[11, 30]
[5, 31]
[48, 51]
[8, 28]
[18, 11]
[52, 23]
[44, 37]
[44, 47]
[25, 10]
[40, 47]
[42, 41]
[3, 41]
[48, 47]
[21, 4]
[20, 29]
[14, 14]
[44, 32]
[23, 36]
[49, 20]
[5, 45]
[3, 25]
[7, 37]
[25, 20]
[36, 51]
[41, 6]
[50, 28]
[24, 48]
[3, 32]
[50, 42]
[48, 8]
[17, 39]
[50, 50]
[14, 7]
[45, 43]
[45, 18]
[8, 48]
[47, 13]
[42, 37]
[33, 16]
[17, 43]
[49, 12]
[5, 18]
[47, 3]
[30, 5]
[15, 30]
[35, 45]
[7, 36]
[17, 31]
[39, 25]
[9, 16]
[42, 39]
[52, 13]
[25, 36]
[33, 52]
[26, 45]
[43, 21]
[6, 20]
[29, 19]
[20, 23]
[38, 37]
[41, 10]
[24, 30]
[36, 16]
[4, 29]
[26, 17]
[48, 35]
[13, 47]
[20, 30]
[50, 51]
[48, 50]
[37, 29]
[44, 26]
[19, 45]
[17, 50]
[24, 52]
[30, 23]
[52, 17]
[27, 41]
[28, 48]
[40, 26]
[15, 37]
[9, 32]
[45, 29]
[5, 42]
[6, 43]
[26, 35]
[25, 36]
[15, 23]
[9, 52]
[14, 6]
[16, 22]
[14, 37]
[34, 12]
[17, 10]
[19, 21]
[11, 4]
[38, 38]
[36, 15]
[26, 31]
[6, 18]
[25, 20]
[41, 49]
[17, 42]
[49, 19]
[40, 17]
[22, 7]
[38, 36]
[28, 31]
[35, 25]
[27, 13]
[42, 44]
[31, 24]
[13, 24]
[8, 28]
[12, 17]
[50, 11]
[37, 30]
[11, 33]
[33, 42]
[3, 33]
[31, 37]
[31, 41]
[19, 14]
[50, 8]
[13, 13]
[37, 22]
[49, 20]
[50, 5]
[15, 7]
[18, 28]
[48, 46]
[10, 38]
[40, 25]
[23, 22]
[41, 27]
[27, 19]
[51, 37]
[35, 13]
[40, 34]
[39, 49]
[40, 46]
[50, 4]
[38, 12]
[42, 31]
[30, 3]
[16, 46]
[22, 26]
[30, 3]
[26, 15]
[43, 14]
[17, 4]
[46, 41]
[8, 39]
[26, 35]
[27, 3]
[6, 36]
[14, 9]
[34, 43]
[35, 51]
[4, 40]
[8, 13]
[18, 11]
[46, 46]
[36, 42]
[6, 41]
[41, 33]
[41, 48]
[30, 5]
[31, 44]
[6, 36]
[4, 19]
[8, 42]
[42, 38]
[46, 17]
[31, 40]
[21, 20]
[8, 5]
[27, 35]
[39, 4]
[21, 38]
[50, 39]
[9, 16]
[5, 8]
[26, 15]
[37, 39]
[15, 9]
[10, 13]
[45, 50]
[50, 52]
[11, 26]
[46, 37]
[27, 4]
[11, 49]
[42, 30]
[34, 50]
[29, 52]
[12, 11]
[23, 27]
[22, 24]
[40, 30]
[12, 13]
[32, 28]
[31, 20]
[46, 12]
[29, 24]
[34, 17]
[33, 16]
[3, 23]
[35, 38]
[38, 51]
[48, 21]
[18, 15]
[4, 50]
[46, 16]
[47, 47]
[44, 41]
[35, 4]
[35, 39]
[46, 27]
[25, 45]
[30, 20]
[51, 22]
[24, 26]
[6, 41]
[20, 8]
[39, 39]
[7, 18]
[21, 17]
[4, 25]
[21, 41]
[20, 8]
[11, 43]
[46, 50]
[28, 5]
[30, 15]
[10, 24]
[17, 32]
[45, 22]
[41, 12]
[27, 47]
[41, 47]
[27, 34]
[9, 8]
[17, 7]
[45, 32]
[39, 19]
[11, 37]
[51, 45]
[23, 50]
[10, 44]
[18, 49]
[6, 4]
[24, 23]
[34, 24]
[7, 14]
[36, 23]
[44, 17]
[32, 12]
[28, 48]
[5, 9]
[9, 45]
[16, 20]
[40, 35]
[27, 4]
[14, 10]
[45, 16]
[29, 41]
[35, 44]
[18, 35]
[8, 50]
[16, 44]
[40, 45]
[42, 36]
[34, 52]
[31, 13]
[35, 15]
[37, 47]
[38, 4]
[4, 25]
[50, 20]
[32, 36]
[51, 44]
[45, 16]
[23, 17]
[46, 21]
[41, 12]
[18, 50]
[43, 35]
[19, 44]
[3, 33]
[31, 3]
[15, 36]
[36, 12]
[34, 21]
[25, 31]
[28, 3]
[22, 12]
[23, 42]
[22, 21]
[17, 25]
[51, 30]
[49, 34]
[25, 28]
[27, 24]
[26, 19]
[21, 39]
[9, 40]
[32, 10]
[39, 41]
[6, 43]
[23, 26]
[23, 10]
[4, 8]
[8, 22]
[43, 17]
[46, 30]
[40, 10]
[26, 27]
[7, 35]
[3, 13]
[51, 42]
[43, 45]
[48, 50]
[16, 51]
[29, 39]
[45, 35]
[51, 6]
[52, 18]
[31, 31]
[40, 19]
[28, 41]
[19, 6]
[29, 46]
[18, 14]
[38, 22]
[44, 42]
[34, 29]
[44, 40]
[27, 49]
[25, 34]
[51, 47]
[50, 41]
[41, 25]
[8, 50]
[3, 14]
[50, 45]
[14, 13]
[23, 7]
[44, 52]
[16, 17]
[23, 12]
[15, 44]
[8, 28]
[38, 19]
[34, 20]
[27, 48]
[42, 37]
[16, 16]
[31, 15]
[30, 36]
[50, 24]
[46, 32]
[52, 19]
[12, 27]
[8, 42]
[31, 11]
[32, 43]
[42, 39]
[5, 30]
[29, 20]
[39, 32]
[29, 15]
[43, 4]
[27, 47]
[22, 8]
[10, 24]
[37, 42]
[34, 6]
[48, 23]
[8, 35]
[21, 9]
[18, 25]
[38, 9]
[46, 22]
[13, 16]
[11, 48]
[25, 33]
[50, 4]
[28, 18]
[36, 48]
[6, 18]
[4, 3]
[30, 17]
[8, 39]
[7, 30]
[34, 47]
[23, 42]
[41, 16]
[4, 9]
[47, 28]
[27, 29]
[7, 9]
[7, 39]
[31, 29]
[14, 26]
[44, 52]
[18, 19]
[15, 47]
[3, 35]
[46, 11]
[10, 27]
[42, 9]
[31, 29]
[5, 51]
[18, 22]
[34, 52]
[26, 11]
[26, 24]
[29, 32]
[22, 46]
[30, 30]
[22, 22]
[8, 4]
[18, 39]
[41, 45]
[4, 12]
[45, 7]
[40, 26]
[42, 49]
[40, 40]
[27, 43]
[45, 48]
[14, 51]
[9, 13]
[44, 21]
[4, 33]
[23, 42]
[5, 47]
[47, 49]
[48, 10]
[27, 32]
[27, 11]
[27, 30]
[10, 19]
[17, 7]
[33, 22]
[11, 45]
[26, 45]
[7, 3]
[26, 34]
[50, 21]
[47, 25]
[36, 47]
[42, 45]
[43, 52]
[51, 46]
[18, 18]
[40, 12]
[37, 31]
[39, 17]
[6, 12]
[27, 42]
[42, 36]
[34, 28]
[13, 31]
[22, 16]
[52, 33]
[25, 30]
[6, 33]
[21, 20]
[47, 24]
[25, 48]
[10, 29]
[21, 38]
[38, 43]
[47, 11]
[15, 14]
[47, 38]
[25, 28]
[6, 17]
[39, 29]
[48, 30]
[14, 9]
[29, 22]
[27, 19]
[14, 20]
[23, 22]
[3, 43]
[25, 35]
[15, 37]
[45, 42]
[25, 24]
[38, 22]
[19, 52]
[43, 21]
[5, 38]
[7, 42]
[40, 13]
[16, 45]
[12, 3]
[22, 34]
[40, 14]
[37, 34]
[7, 36]
[35, 39]
[7, 8]
[9, 17]
[6, 52]
[44, 52]
[50, 22]
[46, 32]
[24, 43]
[41, 25]
[11, 25]
[43, 23]
[27, 29]
[48, 37]
[33, 21]
[8, 43]
[38, 18]
[45, 14]
[34, 43]
[35, 35]
[46, 15]
[19, 13]
[39, 45]
[5, 29]
[19, 15]
[43, 30]
[46, 39]
[44, 39]
[27, 39]
[30, 47]
[16, 46]
[11, 48]
[33, 41]
[29, 26]
[35, 16]
[29, 24]
[35, 46]
[5, 43]
[14, 49]
[43, 21]
[30, 47]
[26, 15]
[46, 26]
[45, 3]
[19, 49]
[12, 52]
[46, 29]
[46, 5]
[43, 25]
[26, 22]
[33, 4]
[45, 14]
[46, 10]
[45, 37]
[4, 5]
[33, 38]
[26, 31]
[37, 14]
[34, 36]
[14, 40]
[12, 8]
[13, 11]
[16, 51]
[35, 44]
[3, 8]
[52, 12]
[7, 33]
[46, 5]
[44, 42]
[12, 23]
[27, 41]
[13, 39]
[31, 36]
[16, 49]
[3, 41]
[14, 31]
[9, 7]
[48, 22]
[27, 12]
[5, 33]
[51, 5]
[36, 35]
[50, 51]
[8, 19]
[32, 26]
[10, 16]
[15, 26]
[39, 49]
[27, 18]
[48, 10]
[8, 18]
[18, 8]
[11, 4]
[37, 16]
[18, 43]
[38, 48]
[19, 48]
[31, 34]
[24, 47]
[46, 14]
[45, 51]
[7, 36]
[3, 6]
[21, 33]
[39, 14]
[14, 23]
[45, 45]
[21, 14]
[29, 13]
[42, 34]
[26, 28]
[29, 27]
[21, 18]
[36, 21]
[50, 34]
[40, 7]
[52, 15]
[37, 51]
[50, 46]
[13, 7]
[24, 46]
[9, 36]
[36, 36]
[31, 34]
[50, 35]
[48, 29]
[4, 15]
[11, 12]
[46, 32]
[23, 41]
[29, 29]
[4, 44]
[33, 23]
[14, 23]
[5, 42]
[36, 31]
[4, 48]
[51, 9]
[48, 31]
[22, 13]
[33, 5]
[5, 17]
[46, 17]
[5, 17]
[51, 44]
[8, 12]
[4, 45]
[37, 44]
[4, 49]
[3, 25]
[32, 30]
[3, 10]
[13, 16]
[50, 42]
[27, 45]
[47, 19]
[34, 11]
[23, 21]
[3, 22]
[28, 46]
[5, 33]
[23, 40]
[8, 47]
[18, 40]
[48, 13]
[22, 31]
[19, 39]
[51, 41]
[9, 51]
[31, 19]
[34, 18]
[25, 13]
[29, 28]
[37, 6]
[33, 51]
[12, 21]
[3, 8]
[14, 25]
[11, 43]
[3, 35]
[47, 37]
[30, 4]
[45, 41]
[4, 31]
[20, 52]
[3, 34]
[3, 25]
[20, 16]
[15, 46]
[29, 30]
[25, 6]
[29, 24]
[6, 47]
[23, 16]
[8, 6]
[42, 38]
[48, 27]
[8, 3]
[41, 40]
[16, 29]
[18, 39]
[30, 13]
[32, 14]
[7, 37]
[12, 17]
[37, 48]
[11, 48]
[35, 36]
[46, 14]
[31, 15]
[51, 28]
[25, 21]
[24, 40]
[38, 5]
[49, 15]
[20, 18]
[41, 4]
[52, 49]
[22, 6]
[29, 20]
[23, 29]
[26, 50]
[14, 8]
[47, 31]
[40, 44]
[24, 52]
[38, 5]
[19, 46]
[38, 32]
[8, 49]
[20, 32]
[8, 43]
[11, 13]
[24, 51]
[45, 44]
[44, 25]
[13, 20]
[27, 21]
[25, 4]
[13, 41]
[46, 27]
[28, 44]
[40, 40]
[50, 52]
[25, 17]
[12, 11]
[49, 22]
[51, 37]
[50, 36]
[50, 52]
[46, 48]
[26, 13]
[12, 26]
[4, 9]
[43, 17]
[5, 8]
[8, 47]
[46, 48]
[33, 17]
[18, 5]
[19, 23]
[3, 6]
[37, 27]
[34, 42]
[38, 50]
[21, 48]
[15, 44]
[39, 40]
[24, 25]
[3, 44]
[27, 7]
[38, 44]
[14, 47]
[16, 10]
[42, 26]
[10, 25]
[9, 28]
[51, 34]
[16, 21]
[9, 27]
[12, 22]
[44, 44]
[22, 33]
[33, 50]
[33, 40]
[27, 3]
[41, 6]
[41, 37]
[38, 12]
[20, 48]
[13, 30]
[37, 21]
[32, 48]
[21, 22]
[43, 9]
[40, 19]
[51, 16]
[41, 41]
[11, 15]
[36, 18]
[43, 6]
[13, 38]
[40, 49]
[46, 16]
[14, 19]
[41, 7]
[44, 8]
[23, 35]
[28, 32]
[19, 34]
[31, 50]
[31, 9]
[48, 45]
[23, 41]
[21, 39]
[35, 15]
[17, 46]
[29, 11]
[34, 29]
[20, 4]
[50, 40]
[47, 6]
[40, 8]
[19, 13]
[33, 12]
[27, 4]
[50, 46]
[11, 41]
[19, 49]
[3, 45]
[30, 34]
[27, 45]
[31, 33]
[17, 23]
[5, 19]
[47, 36]
[7, 7]
[43, 47]
[52, 46]
[38, 20]
[14, 15]
[12, 24]
[13, 7]
[47, 42]
[3, 24]
[38, 11]
[50, 31]
[42, 40]
[30, 5]
[7, 4]
[49, 39]
[37, 12]
[7, 4]
[40, 34]
[7, 18]
[47, 50]
[33, 31]
[8, 8]
[52, 25]
[21, 41]
[36, 49]
[6, 20]
[14, 36]
[8, 49]
[16, 23]
[32, 3]
[33, 5]
[47, 45]
[4, 44]
[16, 44]
[26, 46]
[40, 11]
[21, 45]
[5, 47]
[8, 6]
[5, 18]
[9, 32]
[12, 48]
[19, 29]
[12, 31]
[40, 23]
[29, 37]
[3, 21]
[8, 37]
[32, 51]
[38, 22]
[47, 51]
[36, 14]
[20, 22]
[52, 28]
[12, 49]
[24, 33]
[31, 48]
[52, 8]
[10, 35]
[40, 51]
[32, 26]
[17, 4]
[6, 40]
[35, 37]
[17, 16]
[12, 38]
[33, 31]
[47, 26]
[37, 35]
[48, 17]
[31, 18]
[14, 31]
[11, 9]
[38, 27]
[28, 37]
[4, 24]
[28, 49]
[51, 20]
[31, 18]
[15, 30]
[4, 12]
[5, 46]
[30, 14]
[45, 51]
[7, 8]
[49, 48]
[14, 39]
[16, 8]
[29, 6]
[35, 5]
[8, 17]
[9, 27]
[36, 23]
[48, 10]
[23, 19]
[45, 41]
[11, 32]
[4, 35]
[41, 31]
[27, 37]
[5, 49]
[31, 32]
[52, 33]
[42, 40]
[37, 45]
[51, 26]
[35, 34]
[37, 7]
[37, 11]
[38, 46]
[41, 11]
[24, 19]
[50, 25]
[52, 29]
[40, 50]
[32, 24]
[52, 15]
[36, 13]
[16, 6]
[28, 4]
[13, 48]
[48, 15]
[26, 30]
[39, 17]
[8, 52]
[16, 9]
[32, 29]
[44, 16]
[37, 19]
[47, 26]
[7, 47]
[52, 15]
[47, 9]
[15, 17]
[46, 46]
[45, 22]
[34, 12]
[23, 44]
[13, 6]
[4, 21]
[12, 42]
[22, 24]
[18, 45]
[15, 34]
[37, 50]
[44, 26]
[48, 4]
[16, 39]
[43, 27]
[27, 14]
[41, 9]
[42, 42]
[5, 45]
[4, 51]
[23, 51]
[33, 11]
[22, 35]
[25, 47]
[10, 3]
[43, 44]
[38, 21]
[11, 52]
[35, 28]
[29, 27]
[12, 10]
[17, 45]
[12, 52]
[42, 18]
[20, 47]
[31, 5]
[48, 23]
[49, 50]
[29, 42]
[28, 23]
[45, 3]
[4, 27]
[22, 9]
[16, 49]
[46, 44]
[50, 10]
[47, 17]
[16, 18]
[35, 41]
[42, 32]
[41, 12]
[16, 6]
[10, 4]
[20, 30]
[3, 36]
[8, 11]
[23, 49]
[5, 17]
[22, 47]
[3, 15]
[17, 37]
[40, 14]
[9, 48]
[7, 4]
[10, 49]
[35, 46]
[3, 32]
[40, 30]
[34, 52]
[27, 50]
[32, 7]
[23, 50]
[12, 52]
[30, 25]
[22, 42]
[15, 34]
[6, 49]
[46, 32]
[11, 8]
[35, 28]
[34, 36]
[15, 34]
[20, 30]
[18, 49]
[29, 52]
[17, 42]
[49, 40]
[52, 42]
[47, 26]
[46, 43]
[17, 7]
[25, 43]
[6, 35]
[13, 42]
[28, 8]
[48, 35]
[5, 38]
[25, 41]
[29, 11]
[5, 26]
[14, 29]
[26, 37]
[37, 16]
[44, 29]
[34, 35]
[51, 48]
[21, 11]
[14, 38]
[4, 23]
[35, 51]
[29, 30]
[13, 18]
[5, 5]
[47, 31]
[44, 3]
[11, 15]
[19, 14]
[12, 15]
[17, 17]
[46, 31]
[52, 37]
[47, 3]
[18, 39]
[16, 22]
[50, 49]
[10, 46]
[7, 6]
[34, 15]
[12, 23]
[12, 44]
[5, 10]
[16, 13]
[24, 31]
[16, 15]
[6, 51]
[14, 44]
[14, 11]
[47, 31]
[16, 16]
[7, 9]
[42, 9]
[21, 43]
[13, 12]
[33, 10]
[39, 48]
[23, 13]
[29, 29]
[47, 17]
[20, 19]
[22, 13]
[52, 25]
[42, 21]
[19, 25]
[6, 45]
[14, 47]
[15, 5]
[38, 6]
[26, 36]
[49, 20]
[14, 6]
[49, 8]
[14, 50]
[6, 14]
[47, 52]
[46, 25]
[18, 19]
[43, 20]
[37, 13]
[31, 11]
[45, 18]
[22, 47]
[52, 16]
[37, 14]
[37, 27]
[14, 40]
[14, 29]
[35, 8]
[14, 37]
[49, 41]
[12, 15]
[31, 18]
[39, 48]
[48, 28]
[24, 9]
[40, 31]
[40, 8]
[50, 51]
[32, 19]
[29, 7]
[33, 36]
[9, 26]
[20, 30]
[48, 45]
[9, 44]
[47, 19]
[34, 8]
[44, 22]
[34, 10]
[17, 10]
[20, 20]
[47, 12]
[19, 16]
[50, 15]
[9, 41]
[51, 10]
[18, 31]
[49, 6]
[38, 5]
[32, 12]
[48, 40]
[40, 30]
[10, 16]
[27, 35]
[21, 41]
[50, 7]
[23, 16]
[52, 9]
[17, 32]
[14, 12]
[28, 23]
[21, 44]
[5, 10]
[29, 46]
[29, 15]
[42, 38]
[16, 31]
[23, 29]
[46, 21]
[7, 29]
[11, 11]
[5, 23]
[5, 47]
[49, 44]
[6, 10]
[12, 27]
[18, 10]
[15, 28]
[3, 20]
[12, 30]
[30, 12]
[20, 30]
[30, 4]
[45, 11]
[37, 43]
[31, 31]
[41, 14]
[36, 25]
[50, 12]
[21, 20]
[5, 13]
[25, 15]
[3, 34]
[50, 47]
[39, 5]
[45, 33]
[42, 34]
[7, 6]
[24, 12]
[14, 6]
[36, 8]
[10, 47]
[33, 9]
[19, 9]
[15, 32]
[40, 24]
[48, 36]
[17, 41]
[15, 51]
[45, 14]
[6, 3]
[45, 42]
[47, 20]
[30, 12]
[29, 5]
[23, 45]
[51, 48]
[44, 6]
[37, 45]
[40, 48]
[29, 48]
[21, 22]
[12, 15]
[6, 7]
[50, 36]
[51, 36]
[42, 38]
[52, 38]
[23, 15]
[18, 41]
[36, 33]
[51, 27]
[17, 45]
[3, 35]
[36, 28]
[17, 5]
[16, 16]
[42, 4]
[35, 16]
[23, 35]
[52, 47]
[32, 35]
[14, 5]
[4, 51]
[30, 49]
[43, 35]
[38, 39]
[16, 45]
[5, 41]
[37, 17]
[47, 14]
[47, 47]
[52, 45]
[25, 47]
[34, 28]
[38, 5]
[47, 41]
[34, 42]
[7, 50]
[31, 14]
[52, 40]
[49, 49]
[16, 4]
[27, 5]
[39, 51]
[30, 42]
[4, 8]
[11, 13]
[33, 28]
[19, 52]
[44, 10]
[46, 10]
[13, 27]
[3, 6]
[32, 39]
[12, 17]
[25, 5]
[26, 49]
[5, 31]
[24, 35]
[9, 17]
[24, 18]
[20, 39]
[19, 36]
[13, 46]
[29, 22]
[13, 47]
[48, 21]
[48, 30]
[23, 23]
[33, 42]
[38, 4]
[42, 6]
[9, 20]
[47, 39]
[8, 30]
[46, 47]
[42, 15]
[42, 32]
[24, 9]
[24, 10]
[26, 48]
[21, 52]
[6, 43]
[39, 6]
[31, 44]
[25, 23]
[39, 33]
[3, 15]
[30, 26]
[8, 27]
[44, 37]
[48, 39]
[19, 14]
[5, 25]
[37, 30]
[26, 28]
[48, 52]
[30, 22]
[3, 8]
[31, 11]
[47, 15]
[49, 38]
[39, 47]
[42, 34]
[30, 21]
[15, 26]
[41, 47]
[6, 14]
[43, 6]
[22, 26]
[36, 18]
[6, 24]
[28, 40]
[38, 50]
[47, 11]
[12, 22]
[49, 40]
[29, 5]
[49, 13]
[37, 52]
[21, 39]
[26, 23]
[50, 28]
[23, 22]
[28, 16]
[20, 52]
[51, 49]
[6, 12]
[32, 42]
[31, 27]
[39, 19]
[51, 50]
[41, 3]
[35, 45]
[41, 51]
[7, 38]
[23, 25]
[52, 46]
[6, 33]
[52, 17]
[14, 28]
[3, 30]
[49, 32]
[25, 37]
[29, 46]
[28, 25]
[51, 8]
[36, 30]
[22, 33]
[52, 9]
[35, 11]
[50, 11]
[39, 9]
[26, 40]
[37, 7]
[38, 41]
[6, 20]
[36, 19]
[51, 7]
[49, 26]
[25, 33]
[32, 15]
[24, 16]
[23, 27]
[8, 46]
[50, 15]
[28, 20]
[39, 12]
[3, 15]
[4, 50]
[35, 50]
[11, 48]
[25, 39]
[50, 24]
[7, 48]
[40, 7]
[12, 8]
[39, 40]
[32, 47]
[25, 41]
[37, 8]
[29, 19]
[31, 45]
[40, 3]
[27, 21]
[4, 48]
[35, 39]
[14, 3]
[38, 21]
[4, 22]
[20, 9]
[36, 16]
[19, 41]
[30, 43]
[4, 40]
[47, 35]
[10, 20]
[9, 29]
[11, 14]
[13, 42]
[21, 48]
[42, 14]
[16, 51]
[11, 22]
[25, 10]
[48, 18]
[3, 25]
[4, 26]
[7, 36]
[50, 15]
[3, 33]
[45, 5]
[50, 52]
[43, 43]
[34, 30]
[9, 45]
[13, 34]
[28, 30]
[20, 7]
[37, 14]
[44, 32]
[22, 11]
[29, 35]
[50, 44]
[17, 22]
[9, 44]
[45, 7]
[46, 50]
[19, 37]
[29, 35]
[14, 7]
[34, 30]
[49, 28]
[41, 6]
[4, 46]
[36, 30]
[49, 27]
[4, 9]
[15, 47]
[25, 29]
[3, 49]
[44, 32]
[19, 30]
[13, 32]
[52, 42]
[33, 24]
[52, 26]
[45, 31]
[36, 23]
[45, 4]
[43, 6]
[33, 45]
[45, 18]
[46, 34]
[13, 26]
[10, 38]
[5, 33]
[7, 45]
[17, 42]
[21, 21]
[17, 43]
[43, 4]
[23, 51]
[3, 3]
[21, 49]
[31, 13]
[47, 32]
[24, 25]
[8, 38]
[28, 35]
[13, 39]
[16, 15]
[52, 39]
[13, 22]
[20, 16]
[42, 7]
[40, 42]
[36, 41]
[34, 6]
[32, 10]
[38, 15]
[7, 29]
[45, 20]
[48, 37]
[6, 22]
[19, 7]
[26, 40]
[3, 51]
[16, 38]
[44, 42]
[31, 34]
[11, 49]
[34, 10]
[21, 49]
[23, 46]
[35, 39]
[21, 52]
[7, 24]
[12, 49]
[6, 51]
[5, 31]
[17, 38]
[18, 34]
[40, 41]
[8, 51]
[14, 11]
[51, 33]
[17, 28]
[28, 18]
[20, 45]
[30, 30]
[7, 11]
[9, 46]
[28, 48]
[50, 41]
[14, 42]
[36, 33]
[37, 45]
[30, 21]
[12, 7]
[27, 14]
[51, 47]
[26, 34]
[52, 15]
[47, 8]
[16, 35]
[44, 14]
[33, 48]
[19, 34]
[37, 7]
[37, 29]
[6, 31]
[28, 9]
[12, 47]
[25, 17]
[14, 6]
[4, 32]
[18, 51]
[49, 18]
[41, 48]
[4, 16]
[47, 24]
[21, 50]
[39, 22]
[14, 44]
[46, 35]
[39, 42]
[32, 6]
[45, 31]
[17, 48]
[21, 22]
[4, 51]
[27, 11]
[36, 27]
[5, 26]
[35, 45]
[4, 5]
[19, 41]
[10, 34]
[16, 21]
[52, 17]
[44, 19]
[40, 49]
[31, 23]
[34, 47]
[25, 37]
[43, 39]
[36, 10]
[33, 10]
[7, 26]
[43, 22]
[10, 9]
[42, 3]
[18, 51]
[40, 34]
[20, 18]
[38, 38]
[51, 25]
[44, 52]
[16, 32]
[32, 15]
[41, 17]
[6, 37]
[15, 17]
[13, 3]
[27, 31]
[33, 47]
[13, 42]
[20, 16]
[37, 11]
[14, 46]
[16, 44]
[3, 8]
[24, 20]
[8, 19]
[11, 17]
[33, 12]
[13, 43]
[5, 5]
[45, 23]
[40, 34]
[23, 35]
[40, 38]
[39, 5]
[21, 19]
[14, 20]
[40, 50]
[11, 16]
[41, 32]
[40, 19]
[20, 50]
[16, 45]
[27, 39]
[39, 13]
[31, 20]
[27, 26]
[5, 15]
[33, 44]
[27, 20]
[29, 13]
[44, 28]
[7, 50]
[7, 13]
[7, 14]
[14, 30]
[38, 23]
[52, 38]
[22, 32]
[45, 21]
[31, 51]
[18, 22]
[36, 41]
[45, 48]
[15, 14]
[10, 50]
[38, 31]
[19, 44]
[40, 15]
[29, 52]
[37, 20]
[47, 38]
[46, 17]
[20, 47]
[33, 44]
[35, 27]
[7, 36]
[14, 16]
[5, 24]
[5, 25]
[42, 40]
[13, 4]
[9, 19]
[43, 13]
[7, 43]
[36, 46]
[4, 36]
[21, 11]
[25, 4]
[39, 25]
[15, 43]
[8, 20]
[39, 20]
[24, 14]
[22, 39]
[5, 4]
[40, 31]
[27, 22]
[42, 37]
[18, 9]
[22, 24]
[36, 27]
[45, 48]
[43, 13]
[30, 45]
[5, 45]
[31, 15]
[21, 12]
[36, 5]
[35, 38]
[21, 12]
[29, 50]
[43, 51]
[47, 5]
[17, 34]
[15, 5]
[32, 19]
[13, 23]
[48, 41]
[12, 31]
[18, 3]
[3, 21]
[22, 14]
[36, 13]
[5, 33]
[27, 40]
[7, 35]
[52, 14]
[21, 36]
[5, 36]
[36, 19]
[4, 43]
[38, 14]
[36, 26]
[9, 14]
[40, 29]
[29, 37]
[24, 25]
[16, 34]
[12, 30]
[11, 20]
[30, 7]
[32, 36]
[6, 11]
[6, 50]
[52, 41]
[37, 28]
[22, 39]
[18, 40]
[21, 37]
[22, 24]
[4, 4]
[13, 37]
[34, 35]
[17, 21]
[31, 26]
[51, 36]
[3, 15]
[11, 40]
[24, 37]
[5, 10]
[29, 38]
[13, 34]
[27, 45]
[34, 8]
[45, 24]
[52, 24]
[39, 39]
[30, 32]
[8, 21]
[41, 30]
[33, 6]
[3, 26]
[17, 20]
[26, 41]
[38, 46]
[43, 10]
[37, 19]
[36, 39]
[43, 37]
[23, 7]
[6, 45]
[33, 20]
[21, 19]
[44, 25]
[34, 18]
[49, 5]
[18, 33]
[12, 31]
[24, 6]
[11, 29]
[10, 5]
[27, 13]
[3, 22]
[23, 18]
[14, 39]
[27, 3]
[47, 28]
[49, 21]
[22, 22]
[52, 4]
[3, 9]
[28, 36]
[22, 43]
[33, 4]
[29, 10]
[49, 37]
[10, 9]
[4, 23]
[36, 46]
[47, 16]
[52, 50]
[35, 20]
[36, 37]
[34, 11]
[27, 20]
[12, 29]
[38, 3]
[3, 22]
[23, 31]
[38, 26]
[39, 10]
[46, 12]
[39, 4]
[28, 31]
[38, 50]
[12, 45]
[16, 36]
[38, 41]
[21, 46]
[37, 15]
[49, 20]
[22, 41]
[42, 40]
[40, 5]
[52, 23]
[35, 41]
[36, 39]
[7, 13]
[42, 40]
[10, 27]
[27, 13]
[4, 18]
[38, 23]
[24, 8]
[22, 22]
[51, 32]
[27, 46]
[9, 44]
[38, 11]
[28, 21]
[7, 3]
[47, 22]
[20, 11]
[18, 35]
[49, 15]
[45, 45]
[10, 17]
[17, 11]
[35, 43]
[50, 3]
[29, 13]
[40, 12]
[12, 24]
[52, 33]
[39, 48]
[25, 3]
[39, 31]
[47, 3]
[3, 31]
[35, 8]
[49, 38]
[16, 25]
[41, 38]
[11, 27]
[36, 7]
[42, 11]
[27, 7]
[18, 43]
[35, 9]
[51, 6]
[48, 43]
[27, 51]
[32, 42]
[45, 43]
[17, 5]
[46, 21]
[48, 50]
[11, 24]
[15, 45]
[27, 34]
[41, 32]
[20, 5]
[7, 51]
[18, 16]
[43, 32]
[19, 35]
[30, 18]
[50, 17]
[16, 44]
[44, 27]
[47, 8]
[48, 48]
[27, 27]
[44, 5]
[32, 46]
[11, 29]
[22, 35]
[22, 41]
[20, 18]
[40, 46]
[47, 37]
[30, 21]
[11, 10]
[44, 15]
[18, 44]
[25, 44]
[34, 33]
[6, 25]
[7, 14]
[39, 21]
[41, 31]
[28, 3]
[40, 22]
[52, 7]
[41, 12]
[4, 18]
[21, 51]
[16, 33]
[13, 35]
[17, 34]
[48, 27]
[13, 36]
[31, 8]
[10, 45]
[5, 17]
[22, 29]
[36, 4]
[42, 8]
[21, 40]
[48, 6]
[43, 41]
[28, 20]
[50, 36]
[26, 42]
[34, 31]
[4, 49]
[24, 14]
[36, 18]
[42, 17]
[6, 11]
[5, 17]
[41, 12]
[37, 11]
[16, 8]
[37, 29]
[28, 39]
[49, 12]
[45, 18]
[45, 30]
[49, 7]
[10, 43]
[27, 22]
[9, 43]
[45, 37]
[27, 31]
[47, 6]
[8, 23]
[16, 11]
[41, 52]
[20, 17]
[8, 35]
[13, 42]
[37, 12]
[25, 34]
[41, 27]
[18, 25]
[39, 12]
[47, 40]
[45, 27]
[7, 20]
[12, 52]
[43, 21]
[21, 32]
[17, 33]
[19, 3]
[16, 36]
[6, 45]
[9, 43]
[4, 19]
[23, 4]
[44, 20]
[12, 8]
[45, 36]
[35, 22]
[34, 27]
[28, 24]
[34, 32]
[52, 43]
[26, 27]
[48, 45]
[31, 36]
[49, 44]
[25, 12]
[52, 34]
[37, 22]
[3, 38]
[31, 10]
[50, 28]
[7, 26]
[32, 9]
[14, 47]
[19, 35]
[47, 17]
[11, 38]
[28, 45]
[8, 45]
[12, 4]
[9, 44]
[29, 10]
[10, 10]
[24, 36]
[47, 28]
[49, 6]
[45, 24]
[22, 28]
[39, 43]
[40, 29]
[18, 47]
[35, 24]
[14, 33]
[9, 27]
[38, 49]
[31, 37]
[3, 4]
[44, 50]
[40, 11]
[47, 45]
[48, 30]
[47, 42]
[25, 46]
[50, 41]
[49, 3]
[52, 45]
[37, 35]
[51, 43]
[22, 30]
[7, 20]
[35, 40]
[50, 5]
[11, 15]
[43, 10]
[25, 6]
[38, 24]
[17, 42]
[10, 31]
[23, 36]
[39, 3]
[17, 10]
[18, 20]
[22, 28]
[36, 10]
[43, 49]
[14, 17]
[21, 32]
[8, 15]
[51, 12]
[49, 7]
[47, 34]
[15, 51]
[16, 43]
[17, 18]
[22, 17]
[35, 24]
[41, 24]
[23, 12]
[22, 15]
[37, 50]
[51, 13]
[46, 49]
[12, 35]
[25, 38]
[48, 50]
[5, 34]
[20, 30]
[49, 45]
[3, 16]
[3, 34]
[52, 38]
[49, 38]
[26, 32]
[33, 42]
[31, 51]
[30, 4]
[10, 39]
[33, 27]
[22, 20]
[5, 41]
[21, 43]
[50, 40]
[43, 26]
[45, 18]
[34, 23]
[49, 25]
[31, 46]
[50, 43]
[29, 42]
[30, 25]
[26, 31]
[51, 41]
[47, 46]
[36, 14]
[9, 50]
[38, 16]
[34, 15]
[43, 12]
[40, 4]
[12, 35]
[12, 12]
[42, 13]
[15, 30]
[36, 3]
[33, 26]
[8, 20]
[32, 26]
[12, 36]
[4, 13]
[20, 11]
[36, 12]
[14, 41]
[25, 38]
[39, 52]
[29, 28]
[51, 11]
[21, 20]
[34, 35]
[6, 30]
[12, 31]
[36, 21]
[7, 34]
[44, 13]
[35, 27]
[50, 45]
[50, 32]
[15, 9]
[19, 31]
[19, 45]
[47, 41]
[24, 16]
[14, 7]
[27, 12]
[39, 13]
[21, 34]
[39, 4]
[43, 27]
[37, 39]
[16, 44]
[24, 28]
[37, 29]
[10, 37]
[47, 52]
[47, 33]
[49, 5]
[27, 17]
[18, 52]
[42, 45]
[36, 19]
[50, 39]
[31, 16]
[26, 20]
[4, 15]
[14, 21]
[30, 21]
[43, 48]
[38, 30]
[31, 24]
[40, 22]
[44, 42]
[21, 50]
[47, 3]
[8, 4]
[43, 22]
[43, 52]
[24, 38]
[33, 35]
[6, 27]
[9, 50]
[3, 33]
[3, 51]
[51, 52]
[4, 16]
[38, 17]
[5, 45]
[12, 30]
[51, 13]
[6, 22]
[44, 9]
[27, 19]
[39, 44]
[28, 13]
[32, 7]
[5, 24]
[4, 17]
[28, 14]
[25, 51]
[49, 29]
[26, 18]
[16, 42]
[40, 51]
[17, 42]
[20, 47]
[37, 18]
[15, 29]
[13, 22]
[19, 41]
[43, 44]
[49, 30]
[12, 26]
[8, 23]
[32, 34]
[36, 20]
[5, 10]
[33, 36]
[14, 25]
[18, 37]
[9, 43]
[8, 38]
[51, 6]
[33, 35]
[22, 5]
[9, 41]
[28, 7]
[32, 14]
[50, 7]
[32, 20]
[36, 33]
[27, 50]
[15, 30]
[41, 43]
[36, 15]
[5, 51]
[11, 37]
[7, 27]
[49, 23]
[33, 21]
[7, 42]
[17, 22]
[3, 31]
[52, 24]
[25, 38]
[3, 7]
[26, 50]
[47, 18]
[24, 39]
[51, 38]
[28, 4]
[24, 9]
[46, 18]
[21, 26]
[41, 5]
[32, 22]
[38, 21]
[29, 29]
[25, 43]
[9, 25]
[36, 10]
[28, 41]
[52, 35]
[34, 9]
[10, 30]
[44, 29]
[47, 14]
[47, 36]
[9, 28]
[20, 15]
[40, 10]
[18, 24]
[42, 4]
[5, 45]
[35, 17]
[32, 49]
[17, 44]
[19, 7]
[51, 15]
[26, 38]
[38, 40]
[50, 19]
[15, 26]
[43, 24]
[20, 7]
[48, 31]
[28, 42]
[15, 40]
[50, 51]
[6, 14]
[17, 10]
[19, 43]
[13, 39]
[23, 46]
[10, 43]
[50, 37]
[49, 9]
[9, 42]
[15, 24]
[46, 25]
[31, 8]
[13, 5]
[50, 4]
[6, 35]
[38, 25]
[9, 27]
[25, 19]
[7, 50]
[43, 18]
[5, 10]
[15, 28]
[27, 7]
[31, 13]
[42, 29]
[14, 4]
[39, 50]
[10, 17]
[30, 48]
[43, 20]
[34, 28]
[15, 20]
[14, 44]
[46, 43]
[11, 23]
[33, 23]
[9, 3]
[18, 3]
[37, 31]
[35, 32]
[28, 34]
[48, 33]
[12, 38]
[9, 41]
[43, 49]
[41, 10]
[11, 13]
[14, 31]
[50, 21]
[6, 12]
[11, 4]
[11, 31]
[13, 9]
[8, 7]
[16, 4]
[16, 46]
[31, 17]
[43, 7]
[6, 39]
[28, 47]
[27, 31]
[12, 4]
[31, 27]
[26, 32]
[33, 24]
[25, 38]
[37, 22]
[41, 36]
[14, 17]
[48, 52]
[44, 26]
[52, 3]
[10, 44]
[44, 15]
[30, 29]
[15, 44]
[44, 52]
[15, 17]
[10, 27]
[38, 44]
[39, 35]
[31, 14]
[12, 47]
[37, 7]
[46, 4]
[5, 42]
[50, 31]
[5, 48]
[27, 49]
[50, 45]
[5, 10]
[8, 25]
[38, 11]
[14, 37]
[25, 39]
[25, 14]
[39, 27]
[27, 13]
[32, 30]
[32, 31]
[45, 45]
[39, 12]
[30, 25]
[40, 8]
[31, 42]
[10, 18]
[42, 10]
[10, 42]
[30, 29]
[19, 8]
[30, 8]
[13, 35]
[34, 19]
[37, 19]
[11, 9]
[24, 14]
[5, 48]
[29, 20]
[10, 14]
[22, 14]
[25, 40]
[19, 5]
[49, 52]
[6, 36]
[38, 31]
[13, 20]
[39, 12]
[32, 31]
[52, 52]
[25, 21]
[47, 52]
[11, 10]
[42, 10]
[47, 14]
[51, 22]
[8, 25]
[14, 21]
[17, 39]
[6, 27]
[51, 29]
[36, 33]
[19, 35]
[14, 30]
[20, 7]
[21, 23]
[24, 52]
[44, 42]
[24, 16]
[19, 23]
[26, 4]
[21, 3]
[50, 44]
[5, 3]
[46, 46]
[39, 46]
[37, 51]
[6, 8]
[18, 18]
[9, 50]
[21, 7]
[30, 48]
[42, 41]
[24, 14]
[43, 5]
[32, 40]
[29, 36]
[37, 39]
[25, 30]
[20, 37]
[29, 7]
[14, 9]
[21, 3]
[22, 42]
[11, 47]
[25, 8]
[42, 27]
[11, 41]
[6, 43]
[16, 52]
[46, 3]
[7, 5]
[13, 13]
[33, 46]
[47, 26]
[31, 4]
[6, 11]
[34, 34]
[26, 6]
[15, 20]
[35, 49]
[10, 15]
[29, 30]
[16, 50]
[49, 11]
[52, 7]
[36, 50]
[10, 29]
[40, 13]
[13, 27]
[34, 10]
[33, 32]
[4, 18]
[4, 41]
[15, 18]
[24, 13]
[52, 9]
[23, 44]
[3, 19]
[15, 3]
[41, 28]
[17, 43]
[29, 23]
[5, 28]
[50, 23]
[15, 36]
[20, 3]
[41, 22]
[30, 7]
[31, 21]
[33, 37]
[46, 19]
[11, 51]
[15, 13]
[8, 12]
[17, 27]
[3, 44]
[33, 45]
[9, 42]
[37, 12]
[37, 34]
[15, 19]
[41, 32]
[6, 8]
[13, 32]
[39, 11]
[9, 19]
[22, 24]
[48, 13]
[32, 17]
[50, 26]
[26, 17]
[12, 36]
[48, 6]
[39, 50]
[48, 50]
[39, 20]
[39, 30]
[17, 46]
[37, 40]
[16, 11]
[24, 24]
[12, 26]
[48, 14]
[23, 34]
[7, 40]
[27, 26]
[14, 51]
[30, 50]
[22, 17]
[21, 51]
[19, 13]
[16, 29]
[36, 49]
[49, 27]
[37, 40]
[41, 17]
[15, 46]
[33, 15]
[23, 26]
[9, 39]
[16, 43]
[44, 52]
[27, 24]
[48, 35]
[15, 39]
[32, 19]
[40, 37]
[15, 38]
[5, 10]
[33, 23]
[38, 39]
[8, 17]
[10, 46]
[49, 42]
[11, 48]
[41, 12]
[29, 33]
[27, 33]
[37, 25]
[43, 51]
[44, 19]
[40, 37]
[31, 50]
[45, 20]
[8, 23]
[28, 21]
[36, 40]
[4, 26]
[6, 51]
[35, 7]
[26, 17]
[42, 7]
[43, 20]
[11, 20]
[52, 13]
[51, 20]
[9, 13]
[40, 50]
[12, 12]
[4, 15]
[32, 22]
[33, 33]
[21, 25]
[21, 15]
[34, 26]
[32, 26]
[22, 16]
[51, 17]
[28, 7]
[35, 18]
[49, 22]
[6, 45]
[51, 34]
[37, 47]
[9, 15]
[44, 10]
[17, 50]
[52, 9]
[19, 30]
[45, 6]
[41, 28]
[10, 40]
[34, 17]
[38, 51]
[28, 52]
[40, 36]
[16, 19]
[16, 5]
[9, 34]
[18, 33]
[48, 20]
[37, 6]
[4, 22]
[43, 40]
[21, 16]
[16, 10]
[8, 16]
[45, 49]
[48, 23]
[34, 50]
[20, 7]
[41, 37]
[11, 39]
[33, 5]
[40, 35]
[45, 35]
[29, 19]
[33, 28]
[16, 48]
[24, 49]
[48, 12]
[48, 47]
[27, 8]
[21, 52]
[40, 32]
[52, 5]
[33, 33]
[47, 46]
[38, 41]
[15, 50]
[12, 5]
[8, 24]
[9, 27]
[46, 20]
[46, 10]
[28, 42]
[45, 30]
[47, 34]
[38, 28]
[47, 47]
[25, 46]
[21, 26]
[48, 52]
[37, 44]
[11, 40]
[28, 8]
[22, 21]
[8, 11]
[10, 13]
[4, 50]
[50, 6]
[4, 45]
[23, 23]
[10, 23]
[14, 47]
[43, 9]
[48, 20]
[45, 37]
[48, 15]
[41, 10]
[19, 43]
[41, 30]
[27, 32]
[40, 51]
[48, 38]
[26, 14]
[17, 42]
[7, 19]
[50, 31]
[41, 36]
[38, 18]
[7, 44]
[34, 28]
[46, 9]
[37, 36]
[28, 3]
[29, 50]
[13, 11]
[6, 11]
[25, 8]
[33, 35]
[34, 40]
[26, 13]
[18, 38]
[33, 43]
[9, 11]
[23, 33]
[30, 20]
[20, 38]
[25, 22]
[14, 8]
[29, 23]
[24, 15]
[17, 34]
[12, 31]
[16, 26]
[45, 51]
[20, 31]
[3, 24]
[7, 25]
[29, 42]
[20, 38]
[29, 41]
[13, 16]
[5, 51]
[32, 3]
[17, 49]
[37, 45]
[38, 12]
[45, 37]
[18, 43]
[47, 11]
[34, 9]
[32, 7]
[50, 27]
[27, 12]
[48, 4]
[48, 46]
[51, 43]
[8, 22]
[6, 33]
[52, 51]
[50, 3]
[44, 27]
[7, 47]
[33, 12]
[19, 9]
[35, 31]
[5, 50]
[21, 47]
[23, 4]
[22, 47]
[39, 15]
[15, 10]
[10, 27]
[19, 39]
[21, 42]
[10, 19]
[43, 18]
[22, 41]
[5, 23]
[33, 40]
[44, 45]
[48, 20]
[32, 42]
[32, 36]
[21, 31]
[12, 48]
[26, 40]
[15, 44]
[8, 14]
[7, 41]
[35, 9]
[10, 52]
[17, 43]
[35, 6]
[44, 5]
[7, 21]
[11, 49]
[11, 45]
[48, 42]
[24, 3]
[5, 9]
[11, 16]
[35, 21]
[25, 37]
[40, 28]
[8, 20]
[5, 11]
[51, 16]
[4, 23]
[35, 33]
[23, 22]
[48, 41]
[22, 25]
[41, 3]
[33, 45]
[14, 33]
[17, 43]
[3, 43]
[35, 17]
[36, 39]
[20, 40]
[20, 39]
[29, 4]
[19, 12]
[9, 30]
[32, 50]
[11, 4]
[5, 39]
[52, 38]
[47, 36]
[42, 25]
[46, 13]
[21, 4]
[36, 23]
[17, 18]
[3, 30]
[21, 25]
[19, 10]
[33, 47]
[23, 29]
[23, 37]
[36, 32]
[6, 18]
[26, 31]
[7, 28]
[3, 18]
[44, 29]
[47, 28]
[12, 4]
[47, 38]
[19, 33]
[50, 5]
[41, 22]
[51, 29]
[28, 19]
[41, 21]
[36, 43]
[26, 31]
[4, 39]
[29, 10]
[48, 11]
[32, 52]
[50, 35]
[34, 37]
[22, 44]
[34, 41]
[19, 12]
[33, 40]
[24, 46]
[24, 16]
[17, 31]
[36, 24]
[7, 15]
[30, 46]
[20, 22]
[28, 22]
[8, 50]
[13, 3]
[18, 25]
[8, 14]
[12, 8]
[13, 17]
[47, 47]
[7, 12]
[16, 23]
[50, 23]
[5, 11]
[51, 31]
[44, 18]
[51, 41]
[13, 37]
[7, 41]
[30, 39]
[12, 40]
[16, 31]
[45, 24]
[33, 16]
[4, 10]
[28, 48]
[3, 52]
[28, 45]
[23, 33]
[22, 11]
[52, 7]
[19, 26]
[9, 6]
[46, 44]
[35, 31]
[36, 9]
[45, 34]
[40, 46]
[26, 28]
[5, 50]
[47, 16]
[7, 43]
[13, 23]
[37, 33]
[44, 10]
[39, 13]
[12, 41]
[10, 15]
[4, 10]
[29, 17]
[10, 28]
[25, 44]
[10, 25]
[37, 5]
[35, 19]
[21, 43]
[42, 44]
[14, 38]
[20, 3]
[48, 43]
[34, 52]
[5, 36]
[21, 11]
[9, 44]
[47, 45]
[36, 5]
[16, 35]
[24, 9]
[4, 38]
[16, 21]
[48, 7]
[20, 23]
[40, 29]
[10, 27]
[47, 26]
[12, 3]
[29, 26]
[29, 8]
[40, 17]
[11, 11]
[48, 44]
[9, 28]
[15, 19]
[5, 40]
[28, 12]
[30, 29]
[10, 30]
[36, 11]
[10, 47]
[24, 11]
[5, 21]
[32, 25]
[29, 38]
[19, 11]
[20, 11]
[6, 17]
[28, 36]
[24, 21]
[45, 17]
[51, 40]
[20, 17]
[12, 39]
[15, 40]
[24, 41]
[43, 35]
[14, 42]
[49, 39]
[48, 31]
[36, 11]
[28, 40]
[19, 18]
[46, 28]
[33, 45]
[42, 29]
[37, 24]
[49, 30]
[33, 29]
[42, 26]
[28, 51]
[50, 17]
[11, 4]
[18, 12]
[47, 15]
[10, 35]
[5, 51]
[4, 25]
[42, 41]
[24, 46]
[31, 28]
[8, 3]
[14, 37]
[24, 33]
[39, 49]
[22, 47]
[21, 49]
[26, 50]
[13, 48]
[21, 8]
[27, 38]
[36, 32]
[9, 14]
[33, 8]
[13, 30]
[25, 50]
[39, 20]
[12, 34]
[27, 46]
[47, 18]
[26, 33]
[27, 4]
[22, 27]
[19, 48]
[41, 14]
[33, 42]
[44, 14]
[39, 19]
[15, 10]
[23, 45]
[4, 35]
[35, 37]
[10, 41]
[26, 30]
[46, 10]
[34, 13]
[15, 33]
[44, 33]
[8, 9]
[17, 48]
[43, 39]
[13, 16]
[37, 3]
[40, 5]
[11, 49]
[10, 11]
[8, 12]
[7, 16]
[39, 48]
[31, 45]
[24, 52]
[29, 51]
[33, 24]
[25, 8]
[34, 21]
[38, 43]
[35, 10]
[5, 27]
[5, 7]
[30, 8]
[36, 42]
[42, 29]
[23, 52]
[13, 37]
[25, 39]
[22, 36]
[10, 38]
[8, 30]
[4, 4]
[13, 39]
[8, 14]
[12, 23]
[52, 22]
[35, 18]
[9, 4]
[23, 32]
[39, 14]
[51, 44]
[11, 20]
[50, 30]
[12, 41]
[41, 38]
[47, 20]
[37, 52]
[33, 30]
[22, 27]
[43, 22]
[43, 41]
[13, 30]
[26, 52]
[28, 47]
[42, 39]
[35, 50]
[22, 35]
[15, 23]
[13, 9]
[33, 25]
[34, 18]
[9, 27]
[25, 36]
[30, 8]
[40, 7]
[42, 31]
[34, 17]
[49, 30]
[25, 13]
[35, 29]
[24, 48]
[47, 47]
[6, 51]
[6, 49]
[24, 50]
[37, 4]
[18, 44]
[7, 52]
[30, 11]
[34, 41]
[8, 37]
[34, 35]
[37, 4]
[44, 36]
[17, 41]
[8, 39]
[13, 4]
[18, 7]
[33, 33]
[24, 7]
[20, 35]
[15, 4]
[12, 43]
[39, 19]
[25, 50]
[33, 49]
[46, 32]
[34, 33]
[44, 31]
[30, 5]
[29, 18]
[16, 22]
[31, 31]
[30, 29]
[15, 13]
[39, 16]
[18, 49]
[29, 36]
[12, 26]
[44, 50]
[45, 42]
[24, 35]
[24, 26]
[49, 10]
[42, 42]
[4, 43]
[8, 51]
[3, 3]
[10, 38]
[21, 45]
[20, 35]
[8, 36]
[33, 10]
[17, 34]
[7, 21]
[10, 47]
[10, 26]
[20, 9]
[51, 36]
[30, 51]
[7, 48]
[40, 39]
[34, 39]
[30, 13]
[29, 52]
[3, 36]
[47, 10]
[20, 44]
[43, 39]
[50, 27]
[36, 42]
[4, 12]
[19, 30]
[48, 7]
[50, 46]
[44, 51]
[36, 12]
[7, 12]
[29, 22]
[27, 32]
[20, 43]
[7, 12]
[31, 51]
[9, 40]
[49, 4]
[13, 51]
[38, 32]
[37, 52]
[17, 52]
[42, 5]
[48, 28]
[43, 24]
[8, 14]
[18, 33]
[23, 16]
[37, 31]
[21, 41]
[16, 9]
[50, 19]
[5, 26]
[42, 12]
[3, 33]
[16, 32]
[6, 28]
[12, 15]
[15, 3]
[25, 23]
[28, 7]
[20, 26]
[41, 45]
[41, 7]
[19, 26]
[9, 46]
[29, 8]
[34, 4]
[6, 21]
[48, 36]
[27, 31]
[20, 6]
[7, 7]
[10, 36]
[30, 28]
[42, 51]
[20, 37]
[6, 16]
[21, 35]
[11, 40]
[27, 11]
[28, 26]
[17, 46]
[25, 50]
[22, 8]
[12, 46]
[16, 22]
[13, 52]
[47, 32]
[27, 35]
[28, 10]
[51, 41]
[19, 8]
[12, 6]
[8, 24]
[15, 34]
[13, 15]
[26, 52]
[43, 4]
[26, 45]
[42, 21]
[20, 3]
[51, 46]
[29, 49]
[28, 35]
[40, 7]
[17, 12]
[4, 3]
[4, 4]
[23, 35]
[34, 22]
[42, 38]
[27, 31]
[25, 49]
[50, 27]
[47, 32]
[30, 21]
[37, 13]
[6, 7]
[18, 9]
[25, 9]
[27, 7]
[42, 28]
[10, 40]
[21, 37]
[40, 4]
[22, 21]
[32, 11]
[52, 51]
[31, 4]
[20, 17]
[12, 20]
[17, 33]
[13, 4]
[22, 46]
[51, 19]
[41, 45]
[18, 17]
[46, 6]
[14, 29]
[11, 44]
[43, 7]
[19, 19]
[27, 15]
[19, 30]
[7, 3]
[15, 5]
[46, 17]
[43, 46]
[8, 11]
[11, 23]
[26, 32]
[8, 31]
[16, 49]
[29, 27]
[41, 48]
[41, 50]
[37, 29]
[19, 11]
[26, 49]
[26, 13]
[18, 35]
[42, 47]
[17, 35]
[44, 21]
[44, 12]
[16, 25]
[45, 31]
[7, 8]
[32, 52]
[14, 21]
[30, 13]
[31, 34]
[20, 46]
[46, 44]
[34, 32]
[46, 25]
[47, 38]
[49, 33]
[33, 20]
[7, 28]
[32, 14]
[7, 47]
[30, 18]
[16, 36]
[22, 32]
[18, 38]
[51, 28]
[9, 4]
[34, 27]
[3, 22]
[31, 32]
[47, 29]
[6, 34]
[10, 33]
[33, 37]
[14, 30]
[37, 7]
[11, 9]
[50, 31]
[30, 13]
[23, 22]
[16, 21]
[52, 42]
[48, 3]
[52, 22]
[34, 52]
[4, 17]
[49, 34]
[42, 6]
[44, 37]
[30, 6]
[10, 5]
[17, 35]
[31, 47]
[32, 40]
[43, 24]
[52, 37]
[14, 43]
[45, 44]
[3, 23]
[27, 27]
[44, 14]
[6, 52]
[32, 50]
[19, 33]
[20, 50]
[5, 10]
[23, 35]
[17, 50]
[15, 38]
[4, 29]
[39, 50]
[22, 18]
[9, 46]
[45, 14]
[19, 4]
[7, 52]
[51, 5]
[51, 16]
[4, 17]
[46, 33]
[4, 45]
[21, 49]
[29, 37]
[37, 30]
[30, 3]
[30, 6]
[48, 34]
[45, 28]
[9, 30]
[21, 31]
[15, 27]
[17, 33]
[6, 22]
[3, 29]
[19, 19]
[24, 27]
[10, 39]
[48, 13]
[10, 30]
[5, 31]
[43, 24]
[27, 8]
[37, 28]
[27, 33]
[45, 28]
[35, 3]
[20, 42]
[7, 15]
[33, 3]
[41, 34]
[46, 22]
[27, 3]
[36, 20]
[26, 13]
[40, 39]
[42, 4]
[3, 15]
[50, 50]
[6, 50]
[33, 19]
[14, 21]
[45, 34]
[28, 31]
[25, 15]
[36, 22]
[7, 46]
[23, 3]
[27, 13]
[49, 28]
[26, 35]
[45, 31]
[48, 3]
[5, 22]
[31, 4]
[13, 7]
[35, 32]
[7, 29]
[48, 20]
[26, 24]
[19, 10]
[8, 24]
[6, 8]
[29, 41]
[50, 17]
[37, 26]
[15, 19]
[49, 51]
[22, 46]
[3, 48]
[41, 24]
[47, 7]
[15, 27]
[7, 47]
[22, 10]
[15, 34]
[11, 52]
[52, 48]
[52, 17]
[17, 32]
[23, 40]
[22, 12]
[17, 30]
[48, 26]
[23, 49]
[40, 15]
[21, 33]
[13, 46]
[32, 23]
[43, 34]
[19, 46]
[13, 27]
[10, 50]
[37, 20]
[22, 26]
[21, 3]
[33, 32]
[14, 25]
[33, 3]
[17, 8]
[19, 49]
[45, 47]
[3, 41]
[7, 18]
[33, 49]
[3, 31]
[46, 46]
[12, 15]
[3, 18]
[23, 6]
[20, 16]
[42, 25]
[45, 33]
[27, 28]
[22, 28]
[11, 28]
[18, 19]
[33, 9]
[34, 17]
[15, 9]
[38, 12]
[20, 44]
[28, 41]
[52, 6]
[5, 27]
[37, 10]
[48, 16]
[24, 7]
[32, 38]
[12, 15]
[6, 35]
[42, 3]
[8, 19]
[47, 49]
[50, 34]
[14, 41]
[47, 10]
[49, 43]
[33, 32]
[32, 15]
[4, 47]
[39, 26]
[10, 9]
[8, 25]
[18, 34]
[33, 35]
[41, 6]
[24, 50]
[20, 23]
[42, 3]
[41, 25]
[50, 48]
[31, 48]
[24, 35]
[12, 42]
[42, 12]
[11, 19]
[7, 33]
[26, 16]
[13, 28]
[26, 7]
[4, 47]
[30, 36]
[22, 38]
[19, 3]
[30, 47]
[49, 28]
[46, 24]
[46, 11]
[15, 41]
[39, 15]
[48, 22]
[16, 16]
[25, 32]
[40, 41]
[29, 3]
[41, 20]
[50, 29]
[9, 26]
[40, 41]
[19, 37]
[19, 28]
[6, 13]
[20, 14]
[49, 41]
[5, 8]
[16, 9]
[22, 48]
[13, 35]
[13, 24]
[41, 14]
[7, 33]
[16, 44]
[10, 34]
[42, 11]
[52, 46]
[47, 14]
[41, 29]
[25, 28]
[6, 28]
[46, 13]
[6, 17]
[52, 35]
[3, 36]
[41, 36]
[18, 4]
[42, 44]
[29, 34]
[49, 45]
[32, 16]
[52, 40]
[41, 21]
[50, 22]
[27, 12]
[40, 13]
[9, 24]
[41, 32]
[40, 7]
[44, 22]
[40, 14]
[6, 5]
[6, 38]
[32, 28]
[18, 45]
[8, 19]
[21, 9]
[23, 18]
[40, 7]
[25, 3]
[9, 34]
[47, 7]
[48, 12]
[42, 51]
[5, 15]
[43, 15]
[7, 37]
[7, 4]
[6, 27]
[4, 22]
[31, 45]
[7, 52]
[15, 15]
[5, 7]
[12, 24]
[38, 4]
[17, 17]
[42, 41]
[28, 40]
[48, 47]
[46, 13]
[36, 13]
[3, 27]
[33, 4]
[17, 32]
[10, 28]
[35, 38]
[22, 40]
[49, 52]
[13, 33]
[19, 20]
[30, 19]
[24, 6]
[42, 13]
[20, 29]
[17, 5]
[50, 25]
[20, 13]
[41, 8]
[10, 26]
[16, 48]
[17, 52]
[8, 11]
[39, 48]
[10, 36]
[46, 50]
[15, 14]
[46, 48]
[15, 20]
[18, 24]
[44, 28]
[46, 43]
[41, 19]
[45, 48]
[3, 5]
[46, 5]
[25, 19]
[4, 48]
[49, 36]
[37, 4]
[37, 15]
[6, 40]
[3, 47]
[9, 51]
[6, 49]
[30, 19]
[19, 7]
[40, 11]
[23, 44]
[50, 14]
[26, 5]
[41, 26]
[8, 6]
[21, 10]
[4, 36]
[42, 19]
[20, 17]
[49, 8]
[7, 6]
[32, 51]
[9, 16]
[19, 18]
[15, 11]
[28, 27]
[27, 18]
[38, 39]
[36, 29]
[36, 43]
[16, 4]
[16, 20]
[36, 23]
[17, 35]
[12, 13]
[26, 8]
[46, 47]
[38, 27]
[44, 44]
[21, 27]
[19, 4]
[5, 19]
[25, 26]
[32, 45]
[8, 25]
[6, 42]
[30, 21]
[17, 3]
[26, 25]
[47, 27]
[37, 44]
[51, 42]
[17, 19]
[52, 5]
[24, 47]
[26, 30]
[51, 49]
[21, 31]
[16, 34]
[30, 22]
[42, 42]
[23, 22]
[23, 10]
[51, 32]
[21, 38]
[13, 45]
[42, 18]
[45, 38]
[27, 23]
[22, 47]
[36, 47]
[11, 33]
[4, 38]
[45, 16]
[18, 31]
[10, 25]
[21, 46]
[18, 42]
[32, 13]
[12, 47]
[33, 11]
[36, 33]
[45, 7]
[19, 17]
[14, 44]
[12, 3]
[43, 27]
[34, 36]
[45, 48]
[28, 34]
[26, 41]
[46, 6]
[45, 25]
[7, 49]
[8, 8]
[14, 46]
[15, 34]
[37, 23]
[23, 28]
[20, 29]
[39, 11]
[15, 29]
[40, 15]
[50, 48]
[19, 30]
[37, 42]
[17, 10]
[8, 38]
[35, 51]
[22, 8]
[31, 20]
[26, 13]
[44, 48]
[22, 47]
[31, 14]
[42, 28]
[15, 28]
[47, 21]
[21, 37]
[35, 52]
[30, 21]
[20, 8]
[6, 51]
[19, 15]
[37, 41]
[34, 42]
[35, 31]
[18, 16]
[14, 39]
[51, 21]
[46, 41]
[7, 14]
[28, 28]
[28, 26]
[16, 21]
[40, 49]
[21, 50]
[4, 48]
[9, 22]
[35, 14]
[51, 29]
[43, 19]
[29, 19]
[40, 28]
[38, 38]
[47, 44]
[48, 15]
[5, 12]
[43, 29]
[24, 7]
[23, 11]
[51, 30]
[19, 5]
[51, 50]
[28, 32]
[36, 31]
[12, 44]
[26, 6]
[33, 50]
[43, 27]
[3, 30]
[23, 17]
[23, 31]
[51, 40]
[28, 49]
[38, 33]
[22, 40]
[5, 20]
[33, 46]
[29, 47]
[27, 12]
[31, 36]
[10, 13]
[34, 35]
[3, 29]
[49, 14]
[3, 49]
[5, 33]
[31, 6]
[4, 10]
[29, 41]
[34, 48]
[34, 43]
[11, 17]
[5, 23]
[9, 26]
[46, 6]
[16, 32]
[24, 50]
[24, 47]
[20, 41]
[31, 26]
[42, 43]
[17, 41]
[29, 52]
[43, 42]
[19, 45]
[17, 52]
[8, 13]
[16, 19]
[38, 31]
[47, 24]
[28, 45]
[8, 48]
[37, 48]
[16, 44]
[48, 28]
[47, 23]
[30, 44]
[27, 27]
[50, 10]
[44, 29]
[36, 13]
[46, 15]
[13, 42]
[16, 47]
[33, 52]
[25, 30]
[10, 40]
[8, 3]
[15, 9]
[50, 25]
[17, 42]
[42, 49]
[42, 25]
[11, 51]
[37, 29]
[43, 40]
[52, 47]
[30, 14]
[18, 38]
[9, 20]
[41, 6]
[51, 8]
[34, 21]
[46, 5]
[23, 38]
[35, 30]
[7, 3]
[18, 20]
[7, 22]
[11, 36]
[13, 42]
[16, 32]
[14, 37]
[10, 22]
[17, 32]
[19, 6]
[50, 46]
[50, 15]
[37, 20]
[40, 20]
[21, 29]
[32, 43]
[3, 25]
[38, 19]
[29, 52]
[12, 24]
[21, 31]
[42, 42]
[18, 17]
[3, 34]
[20, 47]
[15, 46]
[6, 46]
[6, 44]
[10, 12]
[26, 39]
[7, 35]
[12, 16]
[8, 22]
[40, 14]
[30, 13]
[19, 42]
[23, 6]
[16, 10]
[31, 18]
[27, 9]
[13, 6]
[20, 17]
[29, 27]
[47, 19]
[38, 39]
[4, 12]
[6, 50]
[44, 6]
[35, 51]
[40, 32]
[51, 26]
[33, 35]
[33, 11]
[32, 10]
[34, 24]
[13, 34]
[16, 23]
[44, 15]
[51, 12]
[24, 19]
[12, 15]
[38, 22]
[28, 34]
[25, 46]
[35, 19]
[23, 46]
[12, 40]
[35, 21]
[16, 48]
[37, 37]
[6, 6]
[48, 34]
[43, 46]
[40, 49]
[10, 45]
[14, 43]
[31, 41]
[24, 37]
[30, 41]
[28, 50]
[33, 28]
[14, 42]
[4, 12]
[24, 21]
[35, 23]
[38, 27]
[33, 34]
[25, 13]
[24, 40]
[18, 34]
[40, 18]
[43, 47]
[42, 45]
[21, 47]
[45, 21]
[23, 23]
[48, 10]
[27, 47]
[3, 20]
[26, 32]
[21, 12]
[7, 40]
[22, 28]
[12, 36]
[18, 10]
[23, 16]
[20, 11]
[11, 51]
[27, 11]
[45, 7]
[41, 51]
[5, 10]
[25, 28]
[26, 52]
[52, 25]
[14, 40]
[29, 32]
[20, 23]
[23, 11]
[26, 26]
[40, 17]
[49, 31]
[17, 6]
[14, 25]
[10, 32]
[32, 24]
[35, 48]
[28, 9]
[20, 8]
[23, 14]
[45, 13]
[13, 45]
[34, 52]
[15, 30]
[36, 21]
[25, 44]
[52, 32]
[24, 14]
[13, 7]
[24, 31]
[44, 23]
[31, 12]
[20, 14]
[23, 51]
[11, 40]
[16, 49]
[18, 20]
[40, 34]
[17, 24]
[5, 13]
[41, 33]
[9, 22]
[27, 17]
[40, 30]
[26, 52]
[47, 15]
[13, 43]
[49, 14]
[31, 44]
[17, 13]
[17, 36]
[37, 21]
[46, 16]
[21, 46]
[34, 26]
[17, 44]
[39, 24]
[15, 26]
[27, 12]
[28, 42]
[23, 51]
[33, 48]
[39, 51]
[36, 19]
[3, 38]
[37, 18]
[36, 11]
[44, 37]
[51, 33]
[41, 45]
[51, 35]
[43, 45]
[31, 13]
[11, 43]
[23, 43]
[12, 5]
[41, 38]
[52, 44]
[4, 39]
[44, 10]
[37, 10]
[48, 8]
[13, 27]
[46, 29]
[25, 21]
[51, 21]
[14, 29]
[40, 42]
[3, 52]
[36, 21]
[31, 27]
[11, 5]
[30, 35]
[47, 18]
[39, 50]
[23, 48]
[48, 33]
[23, 38]
[11, 17]
[11, 42]
[42, 49]
[42, 22]
[41, 24]
[7, 6]
[42, 26]
[48, 18]
[11, 39]
[17, 35]
[19, 52]
[30, 22]
[12, 37]
[16, 37]
[29, 6]
[40, 43]
[22, 50]
[35, 20]
[9, 15]
[28, 18]
[38, 52]
[13, 6]
[5, 4]
[45, 33]
[10, 32]
[47, 41]
[24, 51]
[25, 34]
[6, 50]
[5, 43]
[43, 26]
[19, 44]
[4, 5]
[4, 25]
[48, 25]
[34, 35]
[3, 18]
[8, 18]
[42, 43]
[33, 41]
[35, 48]
[9, 40]
[49, 14]
[21, 38]
[46, 45]
[6, 23]
[12, 32]
[37, 28]
[19, 28]
[7, 39]
[45, 37]
[25, 38]
[34, 41]
[48, 6]
[9, 21]
[15, 30]
[29, 14]
[36, 32]
[35, 6]
[30, 20]
[25, 9]
[29, 28]
[30, 51]
[20, 20]
[29, 17]
[25, 10]
[13, 48]
[20, 10]
[17, 12]
[17, 39]
[42, 35]
[48, 15]
[17, 14]
[35, 16]
[22, 50]
[20, 27]
[14, 8]
[24, 6]
[9, 33]
[4, 39]
[33, 18]
[7, 27]
[33, 41]
[25, 47]
[16, 3]
[41, 11]
[36, 39]
[19, 51]
[4, 45]
[11, 3]
[52, 45]
[29, 49]
[40, 25]
[33, 48]
[44, 20]
[33, 26]
[15, 16]
[41, 47]
[24, 18]
[15, 13]
[18, 28]
[10, 49]
[13, 29]
[30, 38]
[50, 18]
[12, 28]
[35, 32]
[4, 46]
[52, 42]
[37, 46]
[4, 29]
[38, 36]
[41, 8]
[8, 12]
[17, 29]
[26, 34]
[40, 47]
[3, 12]
[44, 47]
[50, 34]
[51, 23]
[5, 35]
[38, 25]
[14, 42]
[32, 46]
[13, 32]
[25, 12]
[12, 40]
[37, 31]
[17, 40]
[31, 5]
[52, 20]
[48, 7]
[41, 51]
[39, 48]
[35, 49]
[22, 7]
[34, 27]
[39, 28]
[23, 9]
[25, 14]
[11, 41]
[40, 52]
[7, 51]
[49, 45]
[21, 35]
[39, 40]
[11, 52]
[36, 5]
[14, 19]
[3, 31]
[12, 24]
[39, 9]
[46, 3]
[30, 16]
[18, 12]
[9, 28]
[3, 16]
[49, 49]
[16, 26]
[4, 10]
[32, 40]
[49, 3]
[27, 46]
[7, 14]
[17, 19]
[48, 21]
[42, 42]
[32, 25]
[11, 25]
[26, 44]
[12, 7]
[9, 18]
[21, 39]
[45, 25]
[42, 8]
[19, 35]
[14, 3]
[35, 18]
[28, 51]
[31, 46]
[41, 20]
[45, 12]
[40, 47]
[50, 17]
[52, 46]
[7, 14]
[41, 43]
[4, 22]
[44, 18]
[52, 20]
[50, 8]
[49, 8]
[48, 21]
[30, 17]
[14, 42]
[17, 42]
[42, 10]
[12, 17]
[3, 47]
[17, 44]
[5, 14]
[44, 27]
[41, 20]
[17, 8]
[38, 6]
[46, 9]
[6, 7]
[30, 7]
[29, 4]
[11, 41]
[13, 38]
[51, 51]
[18, 16]
[19, 34]
[12, 24]
[9, 25]
[9, 26]
[46, 47]
[22, 37]
[30, 32]
[23, 12]
[32, 3]
[40, 33]
[50, 5]
[14, 24]
[28, 17]
[30, 12]
[43, 26]
[40, 17]
[39, 17]
[40, 3]
[14, 31]
[32, 9]
[35, 34]
[39, 34]
[36, 30]
[14, 39]
[18, 21]
[41, 43]
[22, 3]
[29, 39]
[41, 4]
[29, 32]
[31, 31]
[19, 22]
[23, 11]
[38, 16]
[27, 30]
[37, 33]
[26, 14]
[11, 28]
[50, 24]
[17, 20]
[24, 21]
[52, 22]
[38, 11]
[48, 14]
[46, 22]
[51, 11]
[17, 52]
[20, 17]
[48, 38]
[10, 35]
[7, 49]
[15, 23]
[45, 42]
[8, 41]
[51, 39]
[10, 49]
[28, 29]
[31, 38]
[17, 39]
[34, 34]
[22, 35]
[45, 42]
[10, 9]
[3, 15]
[44, 36]
[44, 42]
[22, 45]
[47, 22]
[31, 23]
[43, 9]
[17, 18]
[10, 4]
[9, 8]
[22, 19]
[14, 47]
[6, 30]
[36, 21]
[48, 46]
[20, 32]
[40, 9]
[36, 39]
[8, 16]
[50, 38]
[30, 18]
[44, 28]
[29, 49]
[33, 41]
[44, 29]
[14, 34]
[27, 23]
[6, 33]
[11, 8]
[52, 46]
[42, 14]
[20, 36]
[16, 3]
[49, 7]
[10, 20]
[16, 15]
[31, 51]
[18, 48]
[25, 46]
[20, 44]
[23, 29]
[47, 20]
[4, 5]
[16, 26]
[46, 24]
[8, 15]
[15, 48]
[48, 33]
[41, 42]
[10, 44]
[33, 29]
[6, 36]
[35, 30]
[46, 50]
[4, 23]
[42, 9]
[17, 46]
[25, 42]
[50, 33]
[18, 23]
[17, 25]
[43, 24]
[34, 49]
[26, 16]
[21, 30]
[21, 5]
[49, 51]
[32, 39]
[7, 15]
[40, 20]
[28, 4]
[39, 36]
[50, 24]
[23, 46]
[19, 41]
[49, 34]
[37, 52]
[18, 23]
[27, 12]
[20, 22]
[49, 24]
[50, 7]
[51, 28]
[19, 8]
[51, 14]
[22, 8]
[27, 8]
[8, 20]
[13, 6]
[40, 34]
[23, 29]
[28, 33]
[47, 40]
[9, 4]
[18, 33]
[10, 15]
[41, 25]
[35, 28]
[29, 47]
[7, 33]
[29, 25]
[34, 48]
[6, 9]
[45, 40]
[47, 11]
[24, 27]
[34, 48]
[24, 50]
[38, 5]
[41, 9]
[17, 29]
[32, 13]
[38, 31]
[18, 3]
[16, 49]
[22, 38]
[43, 45]
[9, 30]
[8, 20]
[11, 7]
[41, 23]
[36, 50]
[23, 19]
[26, 22]
[39, 49]
[37, 47]
[17, 3]
[16, 28]
[14, 41]
[52, 5]
[30, 14]
[44, 49]
[5, 3]
[6, 46]
[18, 11]
[42, 9]
[19, 3]
[4, 16]
[44, 26]
[4, 34]
[47, 17]
[28, 13]
[43, 5]
[12, 16]
[21, 35]
[9, 26]
[35, 29]
[21, 48]
[33, 34]
[16, 49]
[33, 10]
[37, 20]
[22, 33]
[31, 8]
[12, 22]
[6, 37]
[51, 26]
[24, 41]
[44, 50]
[9, 42]
[16, 4]
[21, 17]
[45, 44]
[33, 24]
[42, 52]
[42, 25]
[31, 40]
[36, 45]
[32, 35]
[27, 23]
[22, 21]
[5, 21]
[39, 24]
[40, 6]
[14, 4]
[33, 40]
[46, 31]
[4, 36]
[22, 45]
[27, 31]
[51, 6]
[39, 9]
[6, 14]
[7, 26]
[10, 50]
[48, 42]
[30, 51]
[11, 24]
[33, 18]
[28, 13]
[51, 34]
[9, 51]
[30, 8]
[26, 8]
[42, 47]
[11, 32]
[10, 46]
[35, 15]
[6, 20]
[35, 44]
[22, 5]
[12, 39]
[20, 41]
[43, 40]
[42, 44]
[45, 36]
[5, 39]
[34, 26]
[14, 51]
[47, 40]
[32, 50]
[46, 43]
[46, 20]
[38, 28]
[47, 9]
[8, 9]
[13, 7]
[33, 48]
[18, 3]
[19, 25]
[21, 20]
[37, 21]
[31, 16]
[20, 18]
[9, 51]
[31, 40]
[42, 29]
[45, 43]
[38, 28]
[20, 30]
[24, 32]
[21, 11]
[6, 17]
[25, 45]
[17, 43]
[32, 40]
[26, 20]
[6, 19]
[44, 7]
[14, 41]
[29, 11]
[38, 8]
[49, 15]
[28, 21]
[41, 34]
[43, 11]
[24, 47]
[49, 36]
[23, 36]
[13, 39]
[23, 22]
[21, 4]
[8, 33]
[25, 45]
[31, 19]
[8, 17]
[47, 46]
[39, 50]
[8, 47]
[43, 14]
[36, 16]
[24, 16]
[50, 48]
[21, 39]
[25, 9]
[15, 15]
[18, 4]
[47, 32]
[3, 25]
[39, 31]
[17, 11]
[21, 9]
[14, 9]
[17, 48]
[47, 37]
[31, 24]
[3, 44]
[32, 18]
[15, 28]
[38, 49]
[41, 12]
[36, 39]
[37, 28]
[27, 22]
[31, 26]
[23, 30]
[17, 46]
[12, 28]
[44, 16]
[30, 21]
[26, 3]
[36, 11]
[17, 10]
[8, 47]
[49, 34]
[13, 8]
[38, 20]
[36, 33]
[41, 34]
[11, 43]
[39, 11]
[10, 20]
[51, 26]
[12, 48]
[10, 26]
[8, 44]
[38, 30]
[41, 14]
[47, 26]
[34, 45]
[43, 44]
[32, 17]
[31, 29]
[52, 12]
[3, 30]
[18, 12]
[42, 43]
[6, 4]
[9, 38]
[13, 13]
[24, 35]
[47, 43]
[20, 38]
[50, 40]
[52, 6]
[26, 7]
[34, 49]
[37, 42]
[49, 17]
[7, 11]
[30, 15]
[10, 19]
[6, 43]
[14, 51]
[7, 4]
[27, 12]
[50, 8]
[18, 47]
[45, 36]
[19, 14]
[48, 8]
[37, 52]
[31, 26]
[17, 6]
[38, 49]
[34, 24]
[50, 29]
[30, 6]
[8, 49]
[5, 36]
[24, 47]
[36, 16]
[16, 49]
[39, 34]
[14, 12]
[43, 28]
[25, 43]
[25, 18]
[26, 28]
[4, 25]
[40, 46]
[40, 13]
[49, 26]
[37, 8]
[14, 3]
[4, 18]
[10, 50]
[20, 29]
[8, 8]
[9, 45]
[37, 4]
[47, 43]
[34, 30]
[26, 27]
[31, 11]
[39, 9]
[51, 11]
[45, 6]
[40, 31]
[22, 6]
[51, 10]
[13, 47]
[23, 45]
[46, 28]
[34, 33]
[5, 36]
[14, 12]
[32, 49]
[48, 46]
[43, 29]
[5, 40]
[52, 13]
[29, 40]
[14, 3]
[11, 15]
[38, 39]
[29, 52]
[44, 25]
[9, 37]
[12, 8]
[8, 24]
[29, 52]
[28, 28]
[52, 20]
[39, 33]
[16, 33]
[43, 20]
[27, 44]
[45, 8]
[14, 4]
[43, 16]
[52, 25]
[5, 45]
[51, 13]
[16, 29]
[3, 22]
[36, 30]
[25, 39]
[44, 34]
[13, 25]
[24, 37]
[44, 18]
[22, 28]
[9, 18]
[42, 36]
[51, 40]
[47, 17]
[28, 18]
[24, 33]
[12, 42]
[29, 19]
[25, 7]
[49, 43]
[38, 32]
[22, 46]
[44, 25]
[45, 11]
[15, 13]
[4, 39]
[25, 51]
[48, 22]
[21, 9]
[51, 43]
[50, 49]
[7, 13]
[13, 49]
[17, 39]
[36, 41]
[49, 3]
[24, 35]
[33, 16]
[33, 30]
[42, 44]
[28, 47]
[47, 3]
[4, 29]
[12, 22]
[4, 7]
[18, 39]
[30, 8]
[50, 6]
[10, 36]
[16, 43]
[36, 38]
[24, 47]
[45, 18]
[16, 33]
[8, 37]
[17, 3]
[23, 11]
[10, 48]
[31, 41]
[37, 18]
[26, 48]
[5, 13]
[14, 15]
[14, 33]
[29, 10]
[44, 49]
[23, 21]
[44, 21]
[22, 51]
[32, 47]
[37, 42]
[20, 23]
[7, 41]
[11, 44]
[52, 7]
[10, 42]
[25, 47]
[43, 6]
[17, 6]
[45, 37]
[10, 45]
[18, 10]
[49, 3]
[14, 17]
[44, 46]
[35, 49]
[51, 44]
[19, 28]
[24, 34]
[31, 41]
[13, 38]
[11, 3]
[52, 51]
[28, 35]
[49, 9]
[20, 46]
[38, 8]
[21, 26]
[30, 40]
[11, 40]
[7, 46]
[5, 48]
[9, 15]
[25, 20]
[26, 44]
[28, 7]
[10, 14]
[13, 30]
[32, 52]
[41, 35]
[16, 36]
[4, 34]
[45, 42]
[33, 6]
[6, 44]
[19, 26]
[6, 30]
[13, 37]
[9, 12]
[12, 46]
[23, 6]
[26, 44]
[4, 33]
[8, 25]
[7, 7]
[50, 48]
[22, 37]
[36, 37]
[52, 6]
[52, 32]
[6, 34]
[4, 31]
[45, 21]
[43, 40]
[8, 52]
[35, 43]
[42, 25]
[18, 52]
[34, 36]
[34, 6]
[43, 11]
[26, 49]
[42, 37]
[27, 33]
[34, 16]
[50, 4]
[46, 34]
[23, 29]
[34, 24]
[51, 20]
[16, 27]
[25, 51]
[32, 51]
[20, 49]
[32, 51]
[40, 39]
[5, 24]
[15, 34]
[37, 36]
[31, 40]
[6, 33]
[21, 6]
[48, 19]
[43, 33]
[10, 3]
[15, 42]
[45, 31]
[42, 8]
[4, 15]
[36, 49]
[16, 41]
[14, 34]
[46, 18]
[35, 19]
[36, 10]
[14, 11]
[32, 44]
[29, 52]
[16, 5]
[18, 48]
[38, 32]
[51, 22]
[7, 18]
[44, 20]
[28, 14]
[48, 14]
[45, 34]
[45, 12]
[39, 45]
[50, 38]
[29, 41]
[52, 47]
[46, 38]
[50, 4]
[16, 37]
[24, 52]
[31, 45]
[43, 46]
[31, 4]
[34, 52]
[29, 15]
[18, 31]
[10, 49]
[49, 39]
[23, 41]
[8, 39]
[31, 11]
[14, 16]
[19, 49]
[49, 32]
[20, 9]
[45, 33]
[6, 29]
[21, 34]
[11, 18]
[37, 12]
[25, 41]
[34, 13]
[12, 40]
[44, 34]
[39, 52]
[10, 52]
[14, 13]
[49, 49]
[23, 28]
[38, 34]
[36, 40]
[27, 12]
[43, 6]
[52, 12]
[10, 32]
[20, 14]
[32, 19]
[27, 25]
[30, 51]
[20, 5]
[47, 21]
[44, 50]
[20, 8]
[50, 19]
[11, 50]
[8, 27]
[3, 14]
[30, 19]
[3, 36]
[45, 29]
[22, 31]
[45, 46]
[43, 23]
[3, 17]
[49, 30]
[45, 46]
[34, 15]
[24, 22]
[6, 35]
[42, 37]
[30, 51]
[37, 52]
[28, 8]
[4, 50]
[20, 42]
[25, 37]
[52, 37]
[51, 30]
[6, 15]
[23, 36]
[16, 14]
[23, 17]
[42, 23]
[24, 5]
[18, 26]
[3, 19]
[3, 23]
[17, 34]
[52, 13]
[31, 44]
[43, 22]
[50, 47]
[36, 44]
[46, 27]
[5, 52]
[13, 6]
[52, 32]
[8, 32]
[27, 19]
[44, 41]
[26, 22]
[48, 3]
[23, 11]
[26, 14]
[36, 11]
[26, 4]
[39, 47]
[21, 3]
[29, 38]
[38, 8]
[52, 10]
[45, 10]
[48, 26]
[36, 44]
[9, 16]
[22, 32]
[37, 38]
[22, 30]
[3, 5]
[24, 36]
[25, 32]
[43, 23]
[26, 30]
[19, 41]
[18, 5]
[24, 51]
[17, 40]
[23, 43]
[45, 46]
[26, 24]
[30, 14]
[7, 32]
[52, 40]
[13, 41]
[52, 6]
[6, 26]
[40, 41]
[36, 35]
[31, 22]
[44, 33]
[18, 37]
[37, 41]
[22, 37]
[22, 13]
[47, 39]
[36, 41]
[20, 41]
[32, 10]
[29, 50]
[20, 4]
[46, 16]
[46, 14]
[35, 44]
[34, 19]
[16, 40]
[5, 50]
[3, 5]
[47, 48]
[46, 29]
[27, 12]
[20, 37]
[34, 30]
[6, 40]
[50, 8]
[19, 12]
[41, 14]
[32, 14]
[37, 30]
[20, 10]
[19, 51]
[6, 48]
[32, 6]
[23, 5]
[38, 52]
[5, 14]
[9, 19]
[10, 27]
[44, 31]
[6, 21]
[43, 15]
[44, 46]
[41, 29]
[5, 19]
[49, 52]
[49, 28]
[18, 38]
[34, 12]
[28, 16]
[17, 20]
[5, 12]
[27, 25]
[39, 30]
[16, 15]
[47, 17]
[51, 47]
[23, 28]
[41, 46]
[35, 5]
[17, 37]
[15, 14]
[15, 28]
[23, 46]
[24, 28]
[30, 6]
[20, 9]
[4, 32]
[26, 18]
[44, 35]
[46, 52]
[32, 36]
[50, 48]
[11, 50]
[41, 26]
[11, 26]
[26, 3]
[18, 18]
[28, 16]
[9, 40]
[20, 14]
[3, 11]
[10, 10]
[16, 30]
[44, 30]
[36, 42]
[44, 37]
[49, 35]
[52, 24]
[15, 11]
[38, 22]
[32, 31]
[7, 3]
[28, 35]
[32, 52]
[41, 29]
[33, 12]
[27, 45]
[46, 22]
[12, 27]
[34, 34]
[46, 49]
[10, 4]
[28, 38]
[29, 45]
[7, 51]
[49, 41]
[16, 16]
[28, 8]
[29, 49]
[34, 17]
[52, 18]
[18, 16]
[9, 39]
[17, 22]
[52, 22]
[51, 7]
[5, 29]
[16, 40]
[28, 37]
[28, 39]
[41, 50]
[12, 37]
[6, 44]
[35, 34]
[24, 5]
[8, 52]
[35, 33]
[47, 17]
[39, 27]
[43, 14]
[9, 16]
[34, 26]
[35, 36]
[18, 37]
[49, 17]
[43, 35]
[38, 16]
[40, 50]
[16, 14]
[5, 32]
[51, 46]
[9, 36]
[9, 15]
[43, 44]
[43, 45]
[20, 17]
[24, 21]
[15, 38]
[21, 25]
[5, 32]
[21, 49]
[5, 22]
[23, 22]
[29, 19]
[6, 41]
[8, 38]
[22, 8]
[26, 10]
[30, 42]
[52, 25]
[9, 42]
[7, 8]
[10, 4]
[29, 15]
[30, 22]
[6, 4]
[3, 9]
[50, 50]
[23, 27]
[17, 36]
[41, 13]
[41, 51]
[52, 6]
[42, 27]
[31, 41]
[7, 33]
[39, 11]
[48, 12]
[21, 17]
[19, 49]
[14, 25]
[14, 24]
[3, 5]
[21, 3]
[34, 27]
[12, 37]
[35, 40]
[14, 50]
[14, 19]
[32, 37]
[30, 39]
[5, 4]
[5, 11]
[39, 39]
[46, 5]
[52, 12]
[27, 17]
[8, 43]
[51, 13]
[34, 44]
[32, 5]
[51, 19]
[49, 48]
[34, 21]
[18, 27]
[10, 24]
[9, 14]
[11, 24]
[28, 13]
[14, 23]
[8, 24]
[31, 49]
[30, 4]
[19, 41]
[15, 11]
[25, 39]
[31, 4]
[41, 33]
[42, 25]
[10, 42]
[4, 33]
[43, 8]
[19, 21]
[11, 50]
[8, 5]
[5, 50]
[7, 37]
[45, 9]
[33, 24]
[30, 38]
[15, 33]
[10, 11]
[51, 45]
[5, 5]
[43, 43]
[38, 32]
[43, 12]
[32, 42]
[26, 46]
[13, 43]
[27, 41]
[30, 49]
[8, 14]
[18, 41]
[11, 19]
[48, 45]
[43, 50]
[52, 40]
[25, 40]
[3, 44]
[45, 12]
[18, 13]
[48, 10]
[50, 8]
[22, 24]
[27, 4]
[28, 35]
[28, 33]
[8, 30]
[8, 25]
[35, 25]
[43, 36]
[39, 50]
[17, 15]
[44, 44]
[21, 35]
[5, 52]
[43, 15]
[28, 38]
[25, 24]
[10, 6]
[10, 4]
[21, 11]
[34, 40]
[26, 20]
[34, 8]
[31, 52]
[46, 48]
[22, 46]
[9, 22]
[45, 11]
[11, 11]
[39, 36]
[4, 4]
[32, 7]
[29, 38]
[10, 44]
[27, 16]
[30, 28]
[19, 46]
[26, 4]
[11, 36]
[47, 36]
[36, 4]
[36, 35]
[52, 37]
[4, 16]
[30, 32]
[45, 25]
[44, 10]
[49, 23]
[31, 50]
[36, 28]
[44, 13]
[42, 8]
[21, 23]
[22, 12]
[14, 33]
[51, 27]
[25, 26]
[26, 9]
[12, 43]
[33, 11]
[40, 45]
[11, 18]
[18, 9]
[44, 21]
[28, 9]
[46, 30]
[28, 28]
[37, 40]
[44, 17]
[31, 17]
[16, 49]
[44, 29]
[48, 33]
[20, 13]
[51, 34]
[7, 27]
[35, 52]
[24, 21]
[21, 25]
[27, 3]
[23, 29]
[49, 20]
[31, 8]
[28, 33]
[47, 38]
[17, 29]
[27, 20]
[18, 6]
[24, 38]
[21, 16]
[39, 9]
[30, 15]
[33, 52]
[21, 15]
[19, 20]
[13, 4]
[17, 22]
[7, 28]
[7, 36]
[5, 28]
[19, 23]
[32, 31]
[47, 52]
[48, 26]
[30, 27]
[7, 35]
[31, 34]
[14, 6]
[45, 10]
[20, 39]
[16, 32]
[18, 46]
[46, 17]
[8, 47]
[42, 16]
[46, 42]
[31, 47]
[41, 43]
[27, 33]
[40, 20]
[13, 49]
[15, 20]
[27, 6]
[46, 41]
[7, 18]
[52, 47]
[33, 14]
[24, 41]
[46, 48]
[19, 18]
[8, 5]
[51, 15]
[32, 9]
[43, 11]
[21, 3]
[13, 4]
[8, 9]
[25, 18]
[17, 47]
[41, 14]
[9, 14]
[42, 18]
[3, 44]
[12, 23]
[49, 43]
[30, 40]
[49, 11]
[18, 17]
[22, 38]
[26, 26]
[49, 16]
[51, 39]
[34, 18]
[32, 4]
[25, 23]
[46, 13]
[9, 51]
[52, 12]
[47, 8]
[24, 21]
[48, 9]
[13, 24]
[48, 48]
[15, 14]
[47, 26]
[19, 9]
[38, 6]
[17, 42]
[32, 12]
[39, 41]
[15, 32]
[47, 34]
[29, 45]
[32, 41]
[7, 23]
[38, 9]
[32, 9]
[51, 49]
[10, 46]
[12, 40]
[40, 15]
[7, 33]
[32, 33]
[25, 19]
[9, 19]
[37, 34]
[6, 25]
[25, 3]
[24, 19]
[44, 41]
[14, 4]
[44, 32]
[15, 47]
[44, 19]
[34, 33]
[10, 17]
[35, 9]
[30, 44]
[22, 38]
[52, 41]
[10, 18]
[44, 32]
[35, 21]
[15, 43]
[46, 48]
[8, 50]
[39, 15]
[24, 19]
[27, 13]
[14, 36]
[12, 30]
[32, 46]
[48, 42]
[30, 47]
[41, 36]
[20, 45]
[3, 19]
[3, 24]
[48, 31]
[43, 22]
[21, 4]
[8, 49]
[11, 30]
[9, 10]
[45, 23]
[9, 33]
[23, 7]
[11, 10]
[29, 37]
[47, 51]
[30, 19]
[29, 43]
[38, 7]
[21, 15]
[12, 15]
[48, 22]
[9, 17]
[13, 27]
[35, 3]
[27, 45]
[38, 23]
[23, 6]
[23, 9]
[49, 44]
[27, 6]
[22, 50]
[39, 19]
[19, 42]
[16, 32]
[28, 24]
[33, 27]
[40, 45]
[39, 41]
[5, 31]
[24, 21]
[18, 8]
[3, 33]
[3, 12]
[28, 6]
[36, 36]
[34, 26]
[30, 32]
[18, 36]
[38, 11]
[45, 16]
[48, 21]
[16, 9]
[51, 21]
[44, 44]
[37, 37]
[40, 30]
[24, 9]
[39, 43]
[30, 23]
[52, 3]
[11, 43]
[10, 17]
[32, 48]
[19, 28]
[41, 28]
[48, 35]
[35, 33]
[31, 51]
[15, 40]
[10, 19]
[6, 50]
[23, 33]
[30, 16]
[20, 41]
[51, 7]
[40, 37]
[50, 37]
[18, 12]
[48, 36]
[3, 12]
[30, 16]
[12, 11]
[9, 9]
[3, 30]
[9, 47]
[11, 50]
[11, 24]
[25, 46]
[44, 40]
[48, 50]
[14, 24]
[13, 16]
[17, 17]
[21, 47]
[47, 18]
[31, 34]
[40, 48]
[26, 44]
[15, 4]
[41, 8]
[31, 8]
[7, 51]
[21, 42]
[16, 31]
[30, 15]
[38, 24]
[13, 43]
[4, 45]
[47, 15]
[22, 43]
[39, 40]
[50, 25]
[21, 23]
[19, 42]
[31, 34]
[40, 36]
[8, 12]
[11, 23]
[15, 35]
[16, 40]
[17, 42]
[45, 23]
[5, 11]
[45, 25]
[20, 12]
[37, 50]
[45, 20]
[29, 7]
[25, 45]
[19, 22]
[11, 16]
[17, 30]
[38, 38]
[51, 10]
[31, 8]
[12, 11]
[20, 21]
[49, 3]
[15, 28]
[18, 14]
[33, 13]
[48, 48]
[19, 12]
[30, 31]
[34, 14]
[48, 27]
[29, 42]
[37, 29]
[45, 39]
[3, 10]
[33, 16]
[30, 30]
[34, 32]
[20, 19]
[52, 46]
[21, 25]
[43, 7]
[17, 45]
[36, 47]
[39, 11]
[40, 41]
[52, 10]
[5, 25]
[10, 22]
[19, 5]
[12, 9]
[31, 40]
[3, 9]
[30, 10]
[15, 32]
[10, 6]
[8, 27]
[10, 44]
[18, 26]
[35, 38]
[32, 23]
[52, 40]
[20, 51]
[37, 12]
[37, 17]
[5, 3]
[45, 16]
[40, 4]
[43, 3]
[22, 31]
[22, 34]
[40, 21]
[33, 30]
[17, 47]
[26, 47]
[33, 19]
[39, 45]
[8, 24]
[26, 44]
[48, 7]
[18, 32]
[33, 19]
[6, 28]
[41, 20]
[27, 19]
[19, 22]
[39, 29]
[40, 24]
[36, 7]
[17, 39]
[30, 39]
[51, 5]
[48, 22]
[15, 4]
[36, 36]
[30, 20]
[42, 21]
[47, 16]
[18, 23]
[23, 40]
[5, 48]
[10, 33]
[22, 42]
[13, 6]
[9, 26]
[7, 17]
[46, 33]
[14, 38]
[28, 11]
[16, 29]
[32, 4]
[10, 10]
[39, 37]
[40, 29]
[15, 19]
[20, 52]
[34, 26]
[34, 27]
[32, 31]
[24, 43]
[24, 27]
[49, 17]
[40, 44]
[39, 50]
[27, 31]
[3, 52]
[43, 27]
[41, 20]
[44, 15]
[39, 18]
[20, 37]
[34, 48]
[15, 27]
[47, 23]
[15, 33]
[37, 26]
[48, 30]
[32, 21]
[32, 5]
[11, 50]
[52, 7]
[43, 39]
[7, 6]
[23, 31]
[29, 49]
[11, 47]
[4, 11]
[15, 42]
[4, 35]
[44, 12]
[32, 27]
[37, 5]
[26, 49]
[35, 22]
[38, 32]
[6, 16]
[40, 29]
[23, 18]
[22, 24]
[11, 23]
[48, 12]
[18, 32]
[34, 13]
[28, 19]
[24, 45]
[41, 7]
[6, 20]
[29, 12]
[17, 5]
[51, 15]
[15, 6]
[24, 40]
[3, 38]
[15, 47]
[46, 47]
[20, 11]
[3, 52]
[17, 8]
[8, 23]
[25, 52]
[17, 37]
[29, 10]
[45, 34]
[20, 26]
[37, 42]
[29, 12]
[27, 9]
[12, 13]
[18, 7]
[11, 12]
[34, 16]
[29, 10]
[12, 39]
[12, 3]
[3, 50]
[26, 30]
[26, 39]
[10, 12]
[30, 10]
[17, 42]
[49, 51]
[34, 22]
[7, 37]
[31, 22]
[8, 50]
[15, 30]
[19, 32]
[18, 24]
[27, 31]
[27, 44]
[51, 38]
[17, 37]
[52, 31]
[48, 27]
[38, 27]
[15, 32]
[24, 42]
[51, 41]
[15, 34]
[9, 25]
[16, 48]
[24, 39]
[37, 23]
[21, 33]
[14, 5]
[19, 8]
[8, 18]
[36, 7]
[6, 18]
[36, 21]
[8, 38]
[49, 7]
[34, 25]
[52, 38]
[20, 35]
[20, 28]
[4, 43]
[18, 32]
[6, 24]
[24, 23]
[28, 3]
[13, 52]
[41, 24]
[35, 3]
[28, 52]
[41, 11]
[36, 50]
[44, 20]
[28, 13]
[5, 11]
[38, 17]
[44, 16]
[19, 32]
[47, 24]
[50, 29]
[51, 11]
[47, 26]
[50, 14]
[43, 19]
[41, 8]
[28, 37]
[38, 18]
[31, 3]
[24, 38]
[35, 41]
[35, 37]
[21, 25]
[39, 19]
[29, 9]
[40, 13]
[22, 8]
[26, 49]
[28, 18]
[13, 11]
[46, 28]
[52, 23]
[24, 17]
[9, 8]
[4, 3]
[8, 29]
[10, 33]
[51, 33]
[4, 23]
[24, 27]
[11, 51]
[13, 3]
[3, 42]
[32, 43]
[16, 38]
[11, 27]
[34, 5]
[40, 27]
[22, 3]
[36, 25]
[5, 24]
[5, 48]
[21, 50]
[10, 37]
[16, 27]
[36, 29]
[44, 9]
[6, 25]
[23, 15]
[21, 30]
[42, 17]
[49, 42]
[19, 24]
[5, 46]
[29, 52]
[10, 35]
[51, 50]
[46, 24]
[4, 24]
[40, 21]
[41, 50]
[48, 44]
[19, 15]
[46, 4]
[22, 28]
[8, 44]
[15, 5]
[24, 26]
[5, 18]
[22, 8]
[7, 37]
[16, 10]
[12, 8]
[15, 44]
[44, 22]
[10, 50]
[47, 37]
[9, 7]
[38, 10]
[8, 26]
[27, 4]
[12, 25]
[19, 49]
[14, 52]
[28, 25]
[39, 9]
[40, 25]
[16, 25]
[32, 13]
[15, 38]
[29, 10]
[4, 41]
[48, 6]
[49, 46]
[22, 11]
[46, 31]
[22, 27]
[43, 47]
[20, 23]
[30, 4]
[41, 26]
[24, 50]
[39, 52]
[43, 26]
[11, 21]
[35, 25]
[49, 28]
[18, 26]
[35, 52]
[17, 46]
[26, 7]
[16, 48]
[15, 19]
[3, 45]
[23, 26]
[25, 10]
[9, 14]
[50, 18]
[44, 25]
[28, 18]
[32, 26]
[40, 17]
[45, 29]
[36, 51]
[8, 44]
[33, 10]
[33, 35]
[32, 37]
[20, 22]
[44, 47]
[3, 31]
[42, 17]
[35, 42]
[34, 22]
[52, 28]
[17, 3]
[23, 14]
[29, 44]
[11, 6]
[12, 5]
[52, 41]
[27, 46]
[10, 27]
[22, 10]
[42, 36]
[49, 27]
[22, 42]
[38, 36]
[41, 10]
[9, 51]
[50, 13]
[52, 20]
[45, 24]
[35, 47]
[45, 40]
[13, 39]
[18, 34]
[49, 40]
[15, 46]
[13, 36]
[15, 50]
[34, 42]
[4, 6]
[27, 30]
[38, 31]
[35, 33]
[16, 3]
[33, 15]
[23, 11]
[39, 23]
[14, 32]
[13, 33]
[32, 46]
[10, 51]
[17, 9]
[7, 34]
[30, 50]
[5, 37]
[49, 8]
[18, 7]
[15, 9]
[15, 30]
[23, 18]
[9, 30]
[50, 34]
[43, 48]
[38, 15]
[30, 13]
[24, 32]
[12, 27]
[33, 44]
[47, 48]
[27, 3]
[29, 20]
[19, 50]
[34, 20]
[24, 36]
[27, 7]
[8, 30]
[23, 52]
[3, 52]
[32, 17]
[47, 25]
[21, 35]
[23, 20]
[27, 31]
[32, 50]
[21, 23]
[31, 35]
[26, 13]
[33, 13]
[34, 44]
[48, 25]
[49, 29]
[32, 30]
[47, 25]
[12, 18]
[9, 25]
[32, 30]
[21, 9]
[50, 51]
[28, 9]
[24, 37]
[39, 28]
[39, 31]
[42, 28]
[33, 19]
[33, 34]
[4, 32]
[15, 35]
[39, 28]
[34, 35]
[15, 35]
[13, 12]
[13, 33]
[52, 32]
[5, 28]
[44, 40]
[42, 38]
[15, 3]
[27, 32]
[19, 38]
[13, 27]
[27, 45]
[20, 16]
[38, 47]
[15, 23]
[30, 47]
[10, 23]
[52, 15]
[26, 29]
[32, 8]
[24, 5]
[32, 28]
[43, 40]
[34, 51]
[34, 25]
[20, 38]
[3, 15]
[31, 38]
[25, 10]
[37, 25]
[18, 18]
[44, 8]
[12, 29]
[38, 48]
[18, 38]
[9, 6]
[28, 18]
[6, 44]
[50, 38]
[41, 17]
[24, 44]
[15, 32]
[52, 19]
[16, 6]
[13, 7]
[6, 12]
[35, 24]
[22, 32]
[5, 45]
[18, 42]
[24, 28]
[39, 22]
[27, 35]
[6, 23]
[12, 30]
[24, 10]
[27, 47]
[27, 51]
[33, 16]
[36, 51]
[19, 47]
[28, 32]
[38, 15]
[8, 16]
[31, 3]
[23, 7]
[11, 45]
[46, 41]
[29, 52]
[51, 25]
[17, 16]
[40, 12]
[46, 29]
[22, 4]
[46, 36]
[42, 41]
[17, 28]
[17, 5]
[26, 10]
[22, 23]
[35, 51]
[37, 23]
[40, 11]
[11, 13]
[45, 20]
[51, 41]
[13, 19]
[43, 42]
[36, 9]
[32, 51]
[43, 8]
[43, 38]
[19, 31]
[46, 50]
[13, 16]
[31, 31]
[45, 8]
[45, 49]
[30, 41]
[13, 16]
[9, 20]
[30, 26]
[39, 6]
[19, 12]
[4, 49]
[49, 37]
[48, 6]
[23, 38]
[47, 4]
[21, 24]
[26, 16]
[40, 4]
[40, 45]
[11, 32]
[48, 27]
[16, 11]
[19, 39]
[22, 20]
[22, 29]
[21, 13]
[37, 4]
[52, 13]
[7, 34]
[45, 26]
[22, 32]
[18, 12]
[37, 25]
[49, 38]
[43, 9]
[25, 21]
[7, 3]
[19, 31]
[25, 3]
[24, 37]
[31, 22]
[6, 10]
[42, 36]
[43, 47]
[10, 20]
[47, 17]
[5, 22]
[49, 25]
[32, 34]
[21, 45]
[43, 29]
[9, 9]
[20, 4]
[26, 29]
[47, 40]
[42, 10]
[46, 49]
[51, 51]
[35, 50]
[14, 23]
[22, 47]
[8, 49]
[15, 9]
[29, 6]
[18, 23]
[24, 39]
[3, 9]
[38, 33]
[34, 38]
[8, 10]
[4, 4]
[14, 19]
[27, 6]
[50, 34]
[22, 10]
[7, 47]
[26, 13]
[36, 36]
[14, 16]
[26, 32]
[26, 27]
[28, 30]
[44, 34]
[50, 29]
[9, 51]
[23, 10]
[43, 7]
[19, 22]
[16, 18]
[16, 12]
[28, 7]
[10, 20]
[31, 17]
[37, 18]
[34, 48]
[41, 13]
[41, 52]
[35, 28]
[37, 24]
[38, 38]
[11, 49]
[40, 33]
[34, 33]
[41, 32]
[12, 5]
[11, 25]
[27, 31]
[50, 37]
[11, 20]
[28, 36]
[7, 22]
[46, 40]
[6, 17]
[9, 46]
[25, 30]
[29, 22]
[34, 43]
[36, 49]
[35, 50]
[31, 36]
[42, 10]
[11, 29]
[3, 3]
[4, 33]
[25, 21]
[52, 13]
[17, 8]
[21, 29]
[18, 28]
[12, 51]
[6, 13]
[4, 17]
[25, 33]
[25, 4]
[41, 15]
[9, 42]
[46, 44]
[33, 10]
[4, 9]
[33, 28]
[31, 21]
[6, 3]
[20, 52]
[23, 27]
[45, 22]
[23, 26]
[38, 52]
[18, 15]
[44, 23]
[4, 37]
[12, 45]
[5, 5]
[41, 33]
[37, 11]
[21, 41]
[41, 9]
[24, 22]
[21, 48]
[41, 47]
[5, 41]
[32, 32]
[51, 36]
[17, 43]
[30, 5]
[13, 22]
[28, 17]
[4, 21]
[23, 35]
[24, 8]
[35, 11]
[21, 39]
[12, 16]
[30, 22]
[17, 13]
[29, 15]
[46, 27]
[34, 11]
[18, 38]
[5, 26]
[22, 8]
[12, 14]
[20, 13]
[22, 31]
[11, 18]
[39, 37]
[51, 36]
[51, 32]
[6, 21]
[21, 44]
[34, 18]
[31, 30]
[39, 22]
[50, 26]
[31, 44]
[40, 44]
[22, 48]
[50, 40]
[21, 14]
[3, 43]
[7, 26]
[45, 27]
[19, 32]
[42, 16]
[37, 23]
[4, 48]
[32, 21]
[38, 20]
[27, 44]
[48, 31]
[45, 21]
[32, 43]
[24, 14]
[47, 52]
[5, 51]
[21, 44]
[52, 45]
[10, 17]
[46, 23]
[4, 16]
[39, 50]
[7, 24]
[50, 43]
[34, 37]
[48, 6]
[23, 11]
[13, 47]
[9, 10]
[31, 31]
[37, 52]
[50, 9]
[6, 40]
[50, 23]
[40, 37]
[16, 34]
[40, 48]
[48, 5]
[43, 30]
[43, 51]
[10, 16]
[41, 43]
[35, 16]
[16, 27]
[27, 45]
[3, 52]
[33, 26]
[23, 15]
[10, 14]
[24, 21]
[50, 9]
[18, 49]
[44, 48]
[22, 3]
[35, 50]
[7, 48]
[26, 42]
[14, 12]
[26, 28]
[15, 6]
[42, 42]
[7, 22]
[12, 41]
[12, 51]
[50, 25]
[31, 48]
[7, 45]
[44, 39]
[25, 24]
[22, 37]
[39, 28]
[40, 51]
[9, 15]
[23, 31]
[48, 21]
[50, 33]
[51, 21]
[18, 49]
[52, 16]
[37, 45]
[45, 23]
[37, 37]
[25, 3]
[39, 16]
[39, 23]
[39, 33]
[18, 48]
[32, 21]
[12, 15]
[27, 51]
[48, 38]
[41, 6]
[31, 47]
[15, 31]
[21, 44]
[32, 24]
[47, 19]
[7, 35]
[21, 22]
[49, 34]
[39, 51]
[52, 29]
[46, 33]
[49, 26]
[48, 47]
[10, 9]
[40, 14]
[14, 52]
[37, 34]
[24, 44]
[7, 38]
[29, 6]
[52, 29]
[52, 34]
[24, 23]
[27, 18]
[30, 8]
[19, 46]
[40, 51]
[26, 16]
[24, 11]
[3, 19]
[44, 8]
[51, 52]
[4, 9]
[41, 16]
[43, 40]
[4, 30]
[28, 21]
[9, 39]
[12, 35]
[51, 3]
[28, 40]
[39, 3]
[47, 6]
[6, 47]
[35, 3]
[11, 44]
[15, 32]
[16, 33]
[29, 8]
[23, 11]
[7, 6]
[47, 34]
[11, 29]
[36, 34]
[30, 7]
[49, 33]
[12, 5]
[17, 21]
[34, 51]
[15, 32]
[27, 18]
[31, 27]
[25, 16]
[38, 3]
[21, 47]
[30, 40]
[34, 35]
[17, 13]
[33, 41]
[47, 38]
[27, 46]
[37, 14]
[25, 11]
[22, 35]
[23, 10]
[32, 39]
[45, 5]
[47, 52]
[44, 12]
[48, 40]
[29, 41]
[17, 48]
[27, 47]
[21, 13]
[23, 20]
[19, 37]
[34, 43]
[49, 51]
[37, 36]
[29, 35]
[42, 35]
[20, 46]
[29, 49]
[39, 25]
[4, 25]
[18, 45]
[35, 17]
[22, 43]
[17, 4]
[16, 28]
[22, 24]
[42, 50]
[32, 42]
[22, 40]
[30, 51]
[47, 45]
[6, 22]
[9, 34]
[8, 33]
[3, 26]
[23, 52]
[31, 22]
[24, 16]
[43, 47]
[20, 50]
[15, 40]
[38, 17]
[38, 36]
[27, 46]
[16, 28]
[48, 13]
[3, 14]
[36, 14]
[50, 34]
[26, 22]
[8, 28]
[24, 43]
[44, 47]
[50, 35]
[38, 19]
[8, 25]
[26, 48]
[14, 49]
[12, 37]
[5, 34]
[11, 16]
[13, 36]
[40, 42]
[23, 5]
[38, 23]
[34, 25]
[19, 45]
[47, 35]
[52, 40]
[13, 48]
[42, 26]
[39, 28]
[22, 23]
[28, 44]
[16, 47]
[15, 47]
[18, 22]
[11, 37]
[24, 47]
[3, 35]
[42, 33]
[35, 18]
[5, 51]
[14, 30]
[49, 40]
[20, 32]
[10, 43]
[5, 31]
[11, 4]
[36, 24]
[23, 22]
[19, 28]
[17, 52]
[6, 24]
[5, 37]
[45, 20]
[50, 46]
[14, 19]
[6, 23]
[9, 29]
[7, 17]
[36, 7]
[34, 10]
[19, 7]
[46, 5]
[44, 9]
[42, 43]
[26, 13]
[6, 45]
[15, 19]
[24, 6]
[13, 34]
[35, 51]
[5, 37]
[51, 8]
[7, 14]
[32, 33]
[20, 5]
[38, 9]
[7, 43]
[13, 30]
[22, 18]
[49, 52]
[28, 27]
[17, 51]
[34, 13]
[20, 52]
[23, 49]
[23, 42]
[8, 16]
[5, 12]
[11, 13]
[17, 15]
[35, 13]
[52, 7]
[22, 18]
[19, 13]
[28, 52]
[18, 3]
[12, 43]
[11, 9]
[50, 6]
[9, 27]
[39, 52]
[4, 33]
[34, 45]
[16, 42]
[17, 46]
[28, 26]
[4, 9]
[40, 34]
[16, 21]
[25, 44]
[19, 31]
[46, 50]
[33, 17]
[42, 3]
[8, 6]
[52, 6]
[21, 34]
[19, 21]
[35, 19]
[50, 29]
[51, 7]
[9, 44]
[16, 29]
[50, 4]
[43, 26]
[16, 9]
[33, 25]
[25, 35]
[37, 49]
[49, 46]
[17, 39]
[40, 30]
[12, 32]
[52, 6]
[17, 21]
[49, 23]
[35, 44]
[25, 6]
[27, 22]
[6, 6]
[23, 11]
[22, 9]
[18, 47]
[11, 18]
[46, 20]
[37, 45]
[35, 51]
[23, 34]
[45, 16]
[50, 24]
[47, 29]
[24, 13]
[39, 49]
[43, 14]
[36, 32]
[41, 16]
[22, 43]
[46, 49]
[19, 29]
[16, 31]
[21, 21]
[27, 51]
[45, 28]
[22, 50]
[35, 20]
[43, 22]
[33, 28]
[44, 47]
[29, 41]
[20, 18]
[50, 6]
[42, 42]
[22, 21]
[11, 23]
[17, 48]
[35, 36]
[32, 33]
[3, 11]
[33, 38]
[14, 44]
[48, 37]
[10, 46]
[16, 15]
[24, 30]
[42, 36]
[42, 31]
[19, 48]
[39, 18]
[12, 3]
[32, 50]
[4, 24]
[6, 16]
[44, 46]
[18, 36]
[42, 23]
[25, 31]
[4, 5]
[25, 10]
[7, 40]
[18, 45]
[19, 28]
[14, 32]
[8, 20]
[26, 31]
[46, 15]
[26, 46]
[46, 45]
[37, 31]
[15, 19]
[7, 15]
[18, 20]
[13, 29]
[26, 14]
[6, 15]
[36, 28]
[36, 24]
[36, 13]
[43, 26]
[32, 16]
[21, 39]
[40, 49]
[30, 4]
[33, 36]
[28, 43]
[19, 7]
[12, 50]
[42, 28]
[48, 46]
[51, 28]
[7, 29]
[31, 42]
[29, 31]
[43, 42]
[10, 49]
[3, 9]
[43, 8]
[9, 38]
[27, 49]
[11, 11]
[34, 16]
[24, 49]
[28, 33]
[26, 26]
[11, 47]
[38, 3]
[16, 5]
[26, 52]
[16, 21]
[14, 25]
[41, 21]
[43, 13]
[19, 46]
[3, 37]
[30, 5]
[28, 41]
[31, 19]
[43, 35]
[9, 19]
[41, 6]
[49, 33]
[36, 46]
[43, 18]
[28, 44]
[5, 34]
[8, 46]
[4, 39]
[19, 4]
[12, 20]
[39, 12]
[12, 15]
[29, 14]
[49, 8]
[37, 16]
[9, 42]
[40, 35]
[49, 29]
[45, 27]
[31, 33]
[10, 14]
[44, 36]
[36, 20]
[42, 6]
[48, 50]
[39, 48]
[33, 32]
[44, 26]
[43, 5]
[17, 5]
[40, 45]
[14, 32]
[13, 12]
[12, 24]
[18, 39]
[6, 32]
[47, 8]
[36, 40]
[34, 8]
[11, 34]
[29, 11]
[52, 32]
[32, 29]
[6, 20]
[29, 17]
[42, 45]
[36, 42]
[51, 38]
[33, 7]
[31, 9]
[35, 11]
[31, 24]
[29, 50]
[4, 36]
[48, 43]
[52, 6]
[43, 18]
[37, 8]
[22, 20]
[14, 30]
[32, 41]
[35, 9]
[49, 33]
[36, 9]
[24, 25]
[28, 17]
[28, 35]
[11, 29]
[29, 27]
[6, 27]
[39, 28]
[13, 38]
[14, 37]
[12, 45]
[38, 7]
[49, 9]
[28, 25]
[32, 44]
[52, 48]
[5, 24]
[13, 4]
[27, 36]
[49, 37]
[40, 17]
[48, 42]
[17, 31]
[19, 5]
[52, 15]
[43, 30]
[10, 50]
[5, 48]
[14, 4]
[37, 26]
[24, 26]
[15, 36]
[38, 30]
[8, 31]
[3, 48]
[14, 47]
[33, 10]
[11, 48]
[4, 16]
[13, 23]
[28, 3]
[18, 4]
[42, 16]
[36, 19]
[48, 23]
[34, 36]
[51, 35]
[29, 8]
[26, 5]
[52, 30]
[39, 8]
[51, 22]
[26, 11]
[19, 46]
[33, 43]
[33, 38]
[13, 38]
[41, 15]
[52, 46]
[38, 17]
[7, 9]
[42, 19]
[42, 46]
[14, 35]
[45, 8]
[37, 27]
[15, 7]
[51, 28]
[18, 8]
[37, 48]
[47, 39]
[4, 31]
[11, 44]
[14, 5]
[48, 21]
[28, 46]
[9, 22]
[36, 35]
[28, 32]
[21, 38]
[20, 48]
[14, 16]
[25, 10]
[41, 18]
[22, 45]
[16, 6]
[20, 34]
[9, 7]
[21, 39]
[36, 27]
[48, 47]
[38, 46]
[29, 4]
[9, 39]
[34, 14]
[52, 27]
[29, 45]
[33, 7]
[19, 40]
[10, 29]
[30, 3]
[24, 46]
[26, 18]
[9, 40]
[42, 41]
[37, 17]
[28, 44]
[33, 10]
[10, 51]
[30, 6]
[8, 8]
[40, 23]
[27, 26]
[39, 30]
[33, 8]
[13, 11]
[21, 38]
[30, 35]
[25, 15]
[33, 23]
[3, 19]
[23, 22]
[40, 42]
[11, 9]
[15, 20]
[42, 43]
[11, 32]
[29, 49]
[10, 51]
[30, 42]
[19, 37]
[21, 23]
[52, 36]
[19, 47]
[20, 49]
[43, 14]
[35, 44]
[51, 14]
[39, 39]
[29, 19]
[15, 51]
[39, 5]
[32, 10]
[49, 52]
[51, 29]
[4, 26]
[15, 39]
[39, 16]
[13, 17]
[51, 37]
[29, 5]
[13, 37]
[10, 38]
[38, 21]
[35, 12]
[30, 3]
[6, 47]
[10, 39]
[21, 34]
[7, 17]
[23, 14]
[25, 44]
[45, 43]
[44, 3]
[44, 41]
[4, 8]
[20, 43]
[5, 34]
[51, 10]
[18, 15]
[43, 41]
[19, 45]
[36, 38]
[40, 33]
[39, 45]
[29, 16]
[12, 47]
[43, 37]
[42, 29]
[44, 26]
[31, 30]
[37, 4]
[34, 49]
[22, 20]
[39, 51]
[7, 36]
[17, 12]
[19, 50]
[7, 46]
[50, 16]
[33, 12]
[34, 24]
[51, 45]
[28, 32]
[49, 38]
[20, 29]
[17, 18]
[46, 23]
[23, 7]
[12, 17]
[16, 38]
[31, 42]
[41, 48]
[26, 47]
[28, 37]
[33, 27]
[32, 39]
[32, 16]
[37, 37]
[49, 50]
[28, 42]
[24, 9]
[44, 7]
[25, 46]
[41, 14]
[18, 21]
[15, 7]
[46, 39]
[26, 24]
[10, 13]
[46, 38]
[49, 5]
[18, 31]
[37, 20]
[34, 19]
[30, 9]
[36, 46]
[15, 32]
[5, 29]
[49, 46]
[49, 37]
[28, 21]
[14, 43]
[21, 44]
[20, 52]
[27, 15]
[35, 39]
[3, 30]
[6, 29]
[36, 42]
[4, 49]
[46, 11]
[52, 8]
[23, 21]
[9, 16]
[47, 13]
[31, 17]
[18, 3]
[13, 15]
[25, 18]
[4, 48]
[45, 26]
[35, 6]
[6, 28]
[6, 5]
[29, 23]
[50, 34]
[39, 21]
[6, 38]
[30, 11]
[26, 27]
[7, 21]
[46, 27]
[37, 42]
[19, 18]
[29, 39]
[49, 29]
[14, 31]
[41, 34]
[25, 15]
[48, 10]
[5, 38]
[51, 44]
[12, 28]
[30, 35]
[38, 12]
[25, 13]
[24, 52]
[46, 13]
[51, 7]
[51, 29]
[45, 26]
[26, 45]
[11, 52]
[8, 42]
[20, 3]
[51, 7]
[23, 25]
[32, 18]
[11, 40]
[34, 25]
[44, 31]
[47, 21]
[27, 14]
[4, 27]
[48, 28]
[23, 5]
[34, 46]
[41, 31]
[6, 3]
[3, 14]
[52, 13]
[34, 15]
[40, 36]
[38, 48]
[32, 23]
[12, 9]
[9, 36]
[9, 16]
[26, 8]
[52, 27]
[38, 26]
[24, 3]
[8, 37]
[48, 49]
[26, 41]
[5, 25]
[35, 40]
[44, 42]
[13, 29]
[13, 52]
[24, 51]
[36, 20]
[44, 4]
[44, 22]
[36, 20]
[13, 33]
[17, 23]
[40, 25]
[31, 20]
[5, 25]
[23, 41]
[9, 12]
[16, 24]
[35, 14]
[33, 31]
[37, 36]
[18, 50]
[23, 16]
[47, 43]
[30, 39]
[17, 7]
[36, 34]
[6, 34]
[35, 7]
[11, 35]
[15, 18]
[13, 27]
[9, 15]
[7, 40]
[33, 51]
[14, 12]
[48, 30]
[39, 36]
[48, 19]
[7, 20]
[50, 41]
[42, 42]
[4, 32]
[9, 10]
[4, 36]
[30, 14]
[11, 21]
[24, 14]
[24, 17]
[17, 25]
[42, 40]
[13, 47]
[49, 6]
[10, 18]
[11, 34]
[11, 6]
[13, 42]
[5, 18]
[17, 29]
[25, 12]
[51, 31]
[19, 7]
[19, 52]
[42, 7]
[21, 50]
[30, 7]
[20, 30]
[31, 10]
[14, 27]
[6, 41]
[39, 23]
[49, 48]
[20, 37]
[51, 7]
[18, 3]
[4, 43]
[41, 40]
[33, 29]
[34, 27]
[33, 32]
[3, 21]
[45, 37]
[44, 18]
[18, 25]
[10, 43]
[24, 32]
[12, 4]
[25, 19]
[14, 12]
[15, 42]
[34, 43]
[17, 14]
[6, 16]
[18, 29]
[6, 27]
[46, 28]
[3, 51]
[6, 52]
[32, 37]
[5, 46]
[46, 20]
[18, 30]
[10, 9]
[29, 33]
[38, 49]
[49, 29]
[18, 46]
[30, 3]
[44, 12]
[30, 8]
[35, 19]
[45, 3]
[6, 38]
[34, 46]
[41, 32]
[21, 37]
[22, 8]
[17, 43]
[6, 44]
[24, 47]
[28, 48]
[28, 12]
[24, 46]
[8, 27]
[19, 44]
[6, 9]
[12, 9]
[47, 42]
[43, 26]
[11, 22]
[7, 36]
[46, 15]
[12, 39]
[19, 12]
[38, 4]
[4, 14]
[49, 40]
[9, 5]
[7, 13]
[9, 50]
[6, 22]
[37, 25]
[5, 41]
[44, 47]
[21, 14]
[4, 29]
[12, 33]
[45, 8]
[33, 27]
[27, 32]
[8, 16]
[15, 27]
[24, 44]
[16, 32]
[41, 11]
[33, 4]
[35, 50]
[31, 29]
[25, 44]
[19, 12]
[6, 12]
[12, 33]
[25, 5]
[18, 3]
[42, 50]
[19, 16]
[32, 21]
[16, 51]
[38, 22]
[43, 48]
[47, 7]
[47, 8]
[9, 48]
[19, 39]
[22, 22]
[35, 32]
[11, 47]
[3, 14]
[26, 46]
[38, 3]
[29, 16]
[45, 44]
[49, 23]
[8, 36]
[20, 28]
[44, 39]
[34, 44]
[20, 35]
[16, 25]
[44, 27]
[40, 38]
[23, 5]
[32, 47]
[16, 5]
[7, 51]
[26, 42]
[3, 26]
[36, 42]
[15, 47]
[33, 45]
[29, 5]
[21, 42]
[24, 37]
[37, 32]
[8, 36]
[51, 17]
[26, 24]
[44, 50]
[41, 4]
[15, 27]
[9, 36]
[41, 50]
[9, 24]
[32, 11]
[6, 33]
[8, 52]
[26, 22]
[14, 25]
[14, 41]
[42, 49]
[12, 42]
[35, 44]
[13, 52]
[35, 26]
[30, 21]
[10, 40]
[7, 36]
[47, 7]
[42, 18]
[43, 3]
[6, 46]
[11, 20]
[41, 20]
[34, 13]
[50, 15]
[44, 38]
[12, 12]
[50, 6]
[29, 52]
[42, 6]
[35, 52]
[26, 36]
[8, 9]
[46, 21]
[41, 18]
[21, 9]
[32, 5]
[48, 45]
[20, 28]
[34, 38]
[9, 32]
[5, 42]
[19, 8]
[40, 27]
[44, 43]
[38, 32]
[29, 23]
[29, 18]
[49, 34]
[51, 52]
[8, 16]
[38, 34]
[17, 27]
[11, 40]
[7, 19]
[37, 18]
[34, 45]
[39, 27]
[35, 32]
[25, 34]
[21, 35]
[22, 22]
[5, 51]
[25, 44]
[40, 50]
[3, 34]
[45, 37]
[48, 4]
[38, 14]
[40, 31]
[9, 25]
[40, 27]
[9, 27]
[51, 28]
[13, 6]
[10, 35]
[3, 40]
[21, 50]
[19, 37]
[37, 26]
[31, 12]
[3, 18]
[28, 5]
[18, 35]
[18, 41]
[28, 33]
[34, 21]
[28, 27]
[43, 43]
[28, 14]
[37, 22]
[29, 36]
[12, 27]
[23, 11]
[18, 36]
[13, 8]
[12, 37]
[52, 11]
[37, 26]
[30, 30]
[47, 6]
[49, 26]
[47, 43]
[51, 23]
[40, 16]
[38, 17]
[43, 12]
[52, 48]
[48, 21]
[40, 33]
[39, 6]
[16, 26]
[14, 9]
[49, 47]
[24, 51]
[49, 23]
[49, 8]
[36, 23]
[21, 50]
[51, 39]
[27, 46]
[20, 35]
[13, 6]
[23, 11]
[29, 22]
[13, 20]
[38, 33]
[24, 31]
[41, 19]
[37, 27]
[26, 40]
[44, 19]
[31, 5]
[36, 40]
[13, 34]
[47, 10]
[52, 52]
[51, 18]
[14, 4]
[19, 31]
[18, 32]
[35, 19]
[47, 26]
[31, 21]
[49, 22]
[18, 9]
[5, 17]
[27, 14]
[26, 47]
[45, 25]
[39, 25]
[36, 14]
[51, 21]
[32, 3]
[35, 38]
[16, 39]
[49, 25]
[3, 15]
[27, 45]
[39, 33]
[43, 18]
[46, 22]
[29, 35]
[46, 40]
[26, 7]
[7, 6]
[15, 39]
[48, 40]
[10, 4]
[43, 50]
[28, 34]
[19, 7]
[35, 5]
[42, 46]
[17, 33]
[10, 32]
[45, 30]
[17, 10]
[18, 5]
[23, 27]
[42, 22]
[48, 26]
[16, 8]
[30, 41]
[12, 23]
[37, 30]
[12, 11]
[44, 19]
[13, 9]
[40, 7]
[14, 40]
[20, 9]
[45, 7]
[9, 30]
[3, 22]
[46, 11]
[24, 39]
[39, 44]
[15, 35]
[43, 25]
[22, 23]
[52, 35]
[24, 39]
[28, 6]
[35, 16]
[39, 6]
[24, 6]
[36, 16]
[10, 8]
[42, 39]
[32, 25]
[36, 24]
[9, 11]
[38, 30]
[44, 11]
[5, 43]
[16, 28]
[33, 4]
[15, 24]
[24, 13]
[16, 42]
[30, 41]
[50, 15]
[47, 3]
[6, 3]
[19, 15]
[27, 16]
[29, 23]
[30, 28]
[11, 24]
[25, 34]
[37, 26]
[42, 9]
[14, 18]
[14, 22]
[44, 43]
[23, 13]
[50, 52]
[32, 20]
[44, 36]
[17, 40]
[19, 23]
[30, 33]
[35, 50]
[43, 35]
[43, 49]
[14, 49]
[29, 43]
[45, 14]
[47, 37]
[38, 14]
[3, 35]
[39, 50]
[44, 48]
[11, 10]
[20, 3]
[45, 28]
[16, 21]
[24, 43]
[37, 38]
[25, 52]
[47, 51]
[12, 37]
[8, 34]
[17, 22]
[49, 33]
[9, 25]
[48, 45]
[44, 40]
[43, 18]
[37, 45]
[45, 36]
[42, 5]
[28, 21]
[37, 45]
[6, 3]
[45, 13]
[15, 37]
[16, 6]
[34, 30]
[32, 3]
[29, 43]
[15, 7]
[4, 50]
[10, 39]
[3, 33]
[36, 35]
[33, 31]
[41, 3]
[45, 26]
[10, 27]
[28, 30]
[46, 28]
[27, 49]
[12, 45]
[51, 36]
[50, 3]
[46, 44]
[13, 14]
[49, 33]
[39, 32]
[35, 24]
[43, 51]
[10, 17]
[22, 38]
[40, 30]
[38, 12]
[27, 5]
[47, 27]
[51, 44]
[4, 28]
[30, 7]
[52, 45]
[26, 30]
[12, 16]
[43, 39]
[49, 50]
[17, 50]
[47, 8]
[33, 31]
[8, 8]
[42, 31]
[45, 34]
[11, 52]
[38, 47]
[13, 12]
[35, 14]
[47, 7]
[39, 24]
[43, 41]
[14, 24]
[6, 6]
[19, 15]
[21, 23]
[34, 39]
[50, 21]
[4, 27]
[49, 48]
[35, 20]
[28, 14]
[20, 38]
[8, 24]
[36, 19]
[42, 51]
[25, 50]
[39, 12]
[13, 3]
[15, 21]
[19, 20]
[29, 43]
[26, 48]
[35, 35]
[46, 38]
[31, 32]
[10, 8]
[26, 4]
[29, 39]
[15, 11]
[13, 18]
[49, 51]
[37, 43]
[3, 3]
[14, 6]
[35, 27]
[12, 30]
[36, 48]
[40, 36]
[32, 21]
[17, 28]
[43, 33]
[50, 5]
[7, 44]
[3, 31]
[6, 14]
[6, 3]
[50, 19]
[50, 51]
[13, 49]
[14, 16]
[6, 38]
[36, 26]
[13, 34]
[8, 21]
[43, 48]
[35, 9]
[38, 4]
[29, 18]
[25, 15]
[26, 40]
[25, 5]
[12, 25]
[33, 8]
[11, 18]
[51, 29]
[39, 29]
[42, 52]
[24, 47]
[40, 6]
[48, 42]
[3, 16]
[25, 25]
[47, 31]
[38, 39]
[21, 40]
[13, 21]
[22, 16]
[4, 3]
[25, 10]
[33, 48]
[12, 17]
[16, 7]
[23, 40]
[32, 49]
[39, 31]
[41, 48]
[4, 13]
[35, 14]
[42, 34]
[48, 52]
[44, 21]
[45, 35]
[18, 26]
[34, 10]
[11, 46]
[49, 36]
[46, 12]
[6, 4]
[48, 26]
[31, 31]
[52, 46]
[49, 49]
[37, 13]
[25, 33]
[6, 51]
[15, 8]
[52, 13]
[32, 38]
[39, 38]
[26, 24]
[11, 19]
[14, 42]
[51, 4]
[32, 48]
[39, 51]
[18, 27]
[33, 10]
[15, 8]
[45, 43]
[25, 51]
[7, 24]
[48, 39]
[48, 20]
[46, 51]
[25, 38]
[3, 9]
[52, 43]
[28, 34]
[51, 4]
[8, 33]
[48, 28]
[36, 24]
[50, 41]
[50, 18]
[16, 42]
[13, 33]
[13, 13]
[46, 44]
[20, 39]
[18, 16]
[10, 32]
[11, 29]
[38, 23]
[33, 32]
[46, 50]
[14, 23]
[9, 6]
[32, 41]
[41, 43]
[46, 21]
[31, 5]
[45, 36]
[4, 42]
[48, 37]
[9, 50]
[45, 14]
[35, 40]
[31, 24]
[16, 9]
[44, 49]
[12, 19]
[49, 44]
[31, 29]
[21, 9]
[31, 45]
[15, 8]
[45, 25]
[10, 5]
[49, 29]
[34, 31]
[19, 49]
[30, 24]
[20, 34]
[36, 36]
[7, 31]
[50, 35]
[9, 37]
[24, 19]
[25, 44]
[51, 26]
[41, 38]
[43, 26]
[44, 14]
[36, 13]
[36, 26]
[41, 24]
[47, 46]
[43, 26]
[41, 9]
[29, 47]
[50, 11]
[15, 18]
[34, 52]
[4, 4]
[3, 25]
[16, 28]
[49, 10]
[7, 46]
[46, 52]
[12, 26]
[42, 5]
[30, 6]
[27, 29]
[38, 34]
[13, 9]
[9, 50]
[44, 35]
[29, 50]
[47, 25]
[42, 23]
[22, 30]
[39, 23]
[13, 23]
[51, 11]
[33, 19]
[9, 13]
[7, 44]
[17, 33]
[41, 19]
[25, 42]
[49, 15]
[31, 10]
[20, 7]
[7, 3]
[14, 20]
[28, 29]
[18, 24]
[46, 37]
[52, 34]
[11, 4]
[7, 29]
[3, 40]
[25, 12]
[48, 10]
[22, 35]
[49, 25]
[25, 5]
[28, 9]
[14, 29]
[19, 30]
[30, 5]
[9, 9]
[26, 16]
[32, 4]
[20, 37]
[45, 16]
[20, 29]
[13, 8]
[41, 27]
[19, 49]
[9, 18]
[37, 27]
[11, 14]
[29, 28]
[18, 14]
[16, 13]
[46, 32]
[52, 52]
[8, 30]
[6, 18]
[44, 32]
[49, 52]
[40, 21]
[36, 33]
[31, 12]
[5, 41]
[45, 48]
[16, 52]
[8, 4]
[32, 19]
[40, 31]
[47, 27]
[5, 35]
[4, 39]
[14, 49]
[17, 19]
[8, 40]
[19, 21]
[45, 48]
[9, 9]
[39, 42]
[8, 6]
[5, 13]
[25, 10]
[32, 20]
[45, 25]
[39, 32]
[45, 23]
[32, 23]
[21, 4]
[43, 29]
[10, 27]
[40, 12]
[22, 51]
[50, 28]
[13, 26]
[9, 48]
[52, 46]
[45, 14]
[32, 29]
[10, 43]
[49, 16]
[19, 30]
[20, 37]
[9, 20]
[11, 31]
[37, 13]
[35, 10]
[39, 5]
[40, 48]
[5, 34]
[52, 30]
[3, 36]
[3, 46]
[22, 39]
[44, 12]
[39, 12]
[26, 52]
[17, 3]
[44, 14]
[8, 26]
[8, 45]
[16, 16]
[26, 13]
[26, 29]
[8, 12]
[7, 10]
[21, 17]
[21, 21]
[20, 32]
[4, 34]
[27, 11]
[36, 8]
[40, 40]
[52, 39]
[35, 48]
[19, 46]
[35, 15]
[42, 25]
[21, 41]
[24, 51]
[20, 30]
[23, 30]
[39, 41]
[29, 38]
[18, 17]
[34, 9]
[16, 32]
[15, 3]
[17, 43]
[44, 31]
[29, 20]
[25, 45]
[6, 15]
[40, 32]
[27, 44]
[35, 21]
[16, 36]
[36, 34]
[48, 22]
[24, 32]
[10, 48]
[45, 14]
[23, 34]
[19, 52]
[22, 25]
[19, 51]
[43, 7]
[24, 11]
[18, 31]
[46, 23]
[25, 39]
[24, 5]
[28, 47]
[44, 26]
[41, 12]
[50, 16]
[49, 18]
[45, 26]
[13, 38]
[30, 3]
[7, 21]
[49, 24]
[12, 6]
[22, 47]
[32, 41]
[5, 21]
[41, 25]
[9, 4]
[50, 10]
[38, 39]
[41, 10]
[46, 3]
[24, 29]
[42, 9]
[9, 25]
[10, 29]
[21, 9]
[34, 40]
[39, 20]
[25, 36]
[20, 37]
[12, 30]
[33, 50]
[44, 24]
[13, 45]
[25, 10]
[21, 3]
[44, 36]
[33, 24]
[25, 10]
[26, 37]
[14, 19]
[22, 24]
[29, 52]
[40, 6]
[47, 38]
[51, 47]
[27, 9]
[31, 10]
[23, 47]
[43, 27]
[19, 18]
[49, 24]
[28, 47]
[16, 13]
[46, 14]
[3, 25]
[35, 15]
[33, 46]
[50, 7]
[11, 32]
[14, 17]
[52, 24]
[50, 45]
[22, 13]
[12, 49]
[52, 35]
[34, 33]
[42, 5]
[35, 35]
[32, 46]
[51, 12]
[25, 17]
[18, 26]
[39, 16]
[27, 10]
[13, 44]
[8, 5]
[7, 44]
[37, 21]
[23, 7]
[22, 25]
[35, 32]
[15, 4]
[30, 28]
[30, 12]
[8, 46]
[6, 41]
[37, 7]
[40, 31]
[41, 35]
[3, 29]
[14, 13]
[44, 10]
[27, 33]
[44, 30]
[22, 32]
[21, 50]
[39, 45]
[40, 32]
[28, 15]
[25, 6]
[15, 42]
[19, 24]
[46, 24]
[32, 38]
[52, 26]
[48, 48]
[52, 17]
[41, 30]
[33, 9]
[7, 40]
[38, 39]
[21, 7]
[26, 18]
[11, 28]
[47, 24]
[7, 16]
[41, 20]
[41, 20]
[36, 12]
[27, 30]
[38, 48]
[13, 45]
[4, 44]
[34, 46]
[14, 28]
[38, 47]
[3, 3]
[3, 48]
[16, 14]
[20, 38]
[42, 7]
[31, 30]
[49, 21]
[31, 28]
[6, 22]
[32, 10]
[22, 5]
[8, 46]
[37, 30]
[18, 13]
[8, 10]
[13, 49]
[34, 22]
[40, 39]
[36, 27]
[7, 28]
[11, 18]
[12, 50]
[5, 9]
[43, 24]
[30, 19]
[8, 43]
[19, 8]
[36, 15]
[18, 35]
[32, 43]
[7, 13]
[49, 7]
[49, 21]
[47, 4]
[42, 28]
[35, 10]
[25, 12]
[14, 40]
[49, 21]
[52, 30]
[23, 22]
[33, 11]
[28, 43]
[47, 7]
[12, 47]
[42, 48]
[51, 4]
[49, 25]
[48, 26]
[31, 49]
[26, 49]
[23, 43]
[31, 19]
[33, 35]
[36, 30]
[23, 8]
[16, 29]
[13, 49]
[15, 17]
[3, 20]
[25, 6]
[36, 5]
[52, 34]
[29, 43]
[30, 16]
[24, 27]
[46, 37]
[26, 41]
[11, 17]
[15, 3]
[30, 16]
[8, 20]
[10, 37]
[35, 18]
[32, 20]
[11, 38]
[23, 28]
[5, 6]
[16, 21]
[3, 51]
[47, 39]
[37, 21]
[23, 38]
[18, 48]
[12, 7]
[9, 48]
[32, 15]
[23, 49]
[50, 41]
[50, 9]
[15, 13]
[10, 24]
[20, 8]
[47, 6]
[20, 49]
[13, 31]
[38, 31]
[43, 31]
[41, 36]
[3, 21]
[8, 8]
[43, 36]
[21, 8]
[26, 44]
[24, 31]
[30, 36]
[5, 39]
[15, 50]
[48, 10]
[45, 33]
[31, 24]
[31, 4]
[6, 23]
[5, 16]
[44, 49]
[29, 28]
[46, 21]
[17, 33]
[21, 46]
[22, 16]
[36, 29]
[26, 5]
[20, 18]
[45, 38]
[30, 23]
[30, 48]
[38, 51]
[27, 12]
[27, 49]
[38, 34]
[29, 39]
[52, 31]
[21, 10]
[19, 10]
[16, 24]
[27, 19]
[21, 30]
[28, 40]
[43, 43]
[42, 34]
[51, 29]
[43, 40]
[13, 8]
[10, 17]
[26, 22]
[14, 32]
[31, 21]
[33, 25]
[7, 22]
[8, 38]
[43, 25]
[31, 49]
[35, 15]
[28, 20]
[25, 22]
[24, 51]
[27, 49]
[4, 51]
[31, 11]
[50, 46]
[11, 49]
[50, 20]
[5, 21]
