[40, 45, 25, 5, 39, 34, 14, 25, 48, 37, 32, 4, 4, 51, 51, 8, 15, 51, 52, 32, 13, 17, 7, 12, 45]
[49, 21, 31, 30, 28, 50, 43, 30, 27, 28, 13, 19, 20, 9, 52, 22, 52, 36, 46, 29, 12, 37, 42, 47, 43]
[52, 46, 31, 39, 25, 4, 8, 9, 11, 40, 22, 20, 12, 43, 10, 30, 52, 41, 10, 37, 29, 40, 43, 42, 16]
[35, 43, 37, 35, 46, 33, 19, 27, 14, 51, 43, 17, 36, 27, 26, 14, 22, 7, 10, 7, 28, 25, 16, 14, 50]
[45, 17, 45, 9, 30, 52, 22, 40, 19, 41, 14, 17, 22, 50, 35, 39, 24, 25, 11, 48, 5, 6, 36, 14, 52]
[44, 49, 38, 21, 40, 35, 17, 10, 36, 28, 43, 31, 48, 30, 6, 8, 20, 12, 36, 16, 44, 42, 51, 47, 29]
[49, 26, 26, 10, 16, 23, 11, 41, 36, 44, 20, 43, 4, 32, 37, 15, 52, 24, 6, 48, 7, 26, 34, 5, 42]
[48, 47, 44, 26, 34, 17, 18, 43, 9, 17, 23, 6, 49, 7, 47, 26, 22, 45, 7, 10, 25, 26, 31, 21, 25]
[38, 28, 47, 31, 31, 19, 17, 19, 42, 34, 11, 28, 24, 4, 35, 43, 41, 43, 49, 30, 34, 28, 28, 39, 35]
[16, 37, 30, 37, 17, 44, 27, 8, 50, 50, 37, 38, 5, 15, 20, 27, 11, 48, 51, 39, 23, 30, 21, 34, 9]
[51, 10, 9, 15, 48, 43, 19, 45, 15, 5, 20, 44, 35, 12, 18, 7, 7, 28, 31, 37, 45, 36, 25, 29, 19]
[28, 41, 31, 28, 11, 11, 12, 9, 35, 20, 21, 16, 39, 31, 27, 45, 42, 30, 9, 44, 41, 20, 27, 17, 32]
[37, 31, 30, 10, 51, 10, 31, 50, 34, 47, 6, 46, 52, 6, 34, 9, 35, 42, 37, 36, 49, 32, 11, 14, 26]
[9, 15, 25, 15, 13, 33, 4, 17, 11, 45, 4, 20, 10, 17, 14, 23, 6, 25, 47, 49, 51, 47, 7, 41, 32]
[20, 22, 37, 12, 27, 6, 28, 18, 50, 45, 19, 6, 50, 21, 38, 42, 44, 23, 42, 42, 34, 18, 14, 46, 50]
[27, 5, 16, 50, 41, 19, 13, 14, 17, 9, 19, 20, 37, 11, 12, 36, 18, 36, 11, 46, 47, 7, 37, 31, 8]
[51, 36, 48, 47, 13, 21, 41, 52, 49, 52, 16, 33, 34, 33, 7, 18, 23, 15, 50, 45, 35, 28, 51, 5, 16]
[35, 47, 15, 43, 32, 23, 30, 37, 28, 26, 43, 29, 46, 18, 26, 43, 32, 40, 40, 50, 46, 33, 17, 16, 12]
[28, 28, 9, 48, 50, 22, 34, 37, 23, 14, 25, 11, 23, 28, 42, 6, 37, 50, 41, 39, 28, 22, 37, 21, 29]
[18, 11, 43, 7, 14, 11, 17, 50, 44, 11, 52, 10, 40, 38, 51, 44, 42, 52, 22, 28, 22, 36, 15, 9, 40]
[5, 44, 4, 11, 15, 8, 29, 29, 35, 28, 36, 35, 36, 5, 32, 46, 35, 5, 25, 24, 14, 35, 35, 7, 16]
[28, 45, 12, 42, 40, 45, 6, 50, 36, 44, 7, 18, 51, 35, 11, 30, 47, 7, 26, 34, 6, 52, 8, 12, 22]
[14, 44, 41, 27, 36, 48, 31, 34, 32, 35, 45, 33, 45, 6, 14, 42, 5, 27, 48, 13, 34, 33, 42, 25, 37]
[24, 5, 11, 13, 6, 48, 49, 11, 20, 16, 31, 19, 26, 26, 37, 19, 30, 14, 13, 6, 9, 22, 7, 10, 17]
[22, 29, 43, 47, 45, 35, 15, 5, 39, 39, 37, 27, 33, 11, 49, 34, 4, 49, 43, 42, 14, 14, 49, 52, 46]
[31, 24, 6, 17, 51, 50, 22, 44, 5, 39, 45, 22, 29, 13, 24, 46, 6, 42, 47, 16, 49, 32, 38, 30, 17]
[17, 12, 37, 37, 38, 43, 25, 36, 37, 33, 24, 8, 26, 36, 50, 36, 49, 37, 36, 6, 36, 21, 19, 8, 51]
[5, 37, 11, 41, 4, 22, 9, 6, 43, 42, 13, 42, 44, 29, 36, 43, 28, 50, 43, 37, 52, 34, 40, 6, 6]
[11, 25, 4, 29, 21, 35, 30, 4, 25, 21, 10, 50, 27, 47, 27, 24, 29, 19, 21, 19, 28, 11, 41, 23, 7]
[39, 32, 49, 10, 44, 17, 44, 16, 24, 30, 5, 32, 41, 13, 8, 29, 14, 32, 22, 44, 8, 46, 45, 15, 52]
[16, 16, 13, 30, 26, 16, 16, 47, 13, 32, 22, 9, 26, 7, 23, 11, 16, 27, 22, 25, 44, 7, 25, 29, 39]
[18, 51, 36, 11, 48, 52, 11, 50, 20, 15, 20, 7, 32, 17, 24, 9, 12, 16, 24, 52, 50, 52, 47, 20, 24]
[23, 16, 15, 28, 51, 24, 52, 43, 27, 25, 7, 23, 33, 8, 33, 25, 34, 38, 30, 34, 8, 37, 21, 49, 16]
[13, 25, 43, 16, 20, 9, 33, 11, 27, 29, 14, 51, 46, 21, 42, 23, 29, 20, 44, 40, 39, 44, 51, 32, 34]
[24, 52, 17, 50, 18, 33, 26, 12, 21, 48, 31, 25, 8, 29, 5, 36, 42, 36, 39, 17, 19, 12, 15, 26, 15]
[39, 19, 27, 11, 16, 40, 4, 12, 38, 28, 31, 38, 15, 34, 21, 9, 52, 27, 42, 15, 41, 37, 49, 48, 7]
[47, 35, 45, 14, 31, 18, 20, 28, 6, 9, 24, 51, 39, 17, 21, 21, 41, 22, 36, 50, 42, 22, 12, 39, 52]
[36, 38, 17, 5, 18, 20, 34, 20, 42, 21, 18, 19, 9, 6, 25, 51, 33, 6, 11, 16, 51, 46, 41, 13, 9]
[19, 4, 23, 51, 19, 39, 16, 51, 15, 41, 30, 33, 14, 8, 33, 43, 43, 37, 22, 15, 28, 31, 26, 18, 29]
[7, 15, 23, 43, 30, 36, 33, 28, 49, 4, 50, 8, 29, 44, 31, 5, 27, 34, 49, 22, 25, 34, 48, 8, 24]
[40, 11, 36, 30, 44, 28, 24, 15, 38, 48, 45, 44, 38, 24, 13, 25, 4, 44, 24, 27, 49, 28, 50, 33, 33]
[36, 6, 35, 27, 49, 34, 21, 46, 18, 9, 51, 50, 24, 22, 34, 26, 15, 46, 40, 35, 40, 21, 10, 45, 50]
[44, 38, 52, 41, 6, 7, 31, 46, 51, 43, 11, 6, 37, 48, 30, 34, 19, 44, 30, 46, 7, 7, 52, 31, 27]
[45, 10, 26, 32, 21, 44, 40, 4, 22, 22, 43, 28, 47, 17, 42, 40, 45, 23, 5, 9, 29, 10, 26, 35, 51]
[45, 24, 35, 13, 46, 11, 15, 5, 43, 7, 51, 16, 9, 11, 39, 16, 27, 29, 18, 22, 37, 27, 43, 12, 24]
[7, 20, 15, 50, 40, 40, 28, 31, 34, 6, 20, 18, 33, 24, 48, 27, 32, 52, 45, 17, 17, 34, 14, 19, 29]
[12, 8, 26, 18, 32, 10, 48, 28, 20, 49, 44, 12, 39, 47, 8, 44, 18, 51, 22, 38, 48, 35, 32, 39, 12]
[38, 50, 49, 11, 21, 47, 38, 18, 11, 45, 33, 23, 50, 39, 41, 9, 43, 34, 24, 41, 19, 47, 39, 24, 25]
[51, 4, 37, 45, 29, 23, 28, 42, 51, 48, 47, 21, 39, 15, 23, 6, 25, 9, 8, 24, 36, 38, 44, 37, 45]
[9, 18, 45, 27, 14, 40, 29, 46, 32, 52, 20, 5, 31, 21, 22, 50, 30, 50, 27, 41, 14, 41, 26, 13, 24]
[34, 7, 21, 18, 15, 30, 5, 40, 4, 13, 33, 6, 39, 29, 34, 22, 22, 32, 47, 39, 26, 39, 38, 12, 36]
[13, 19, 20, 4, 36, 48, 6, 44, 17, 20, 38, 41, 17, 41, 25, 16, 36, 12, 19, 48, 37, 11, 4, 12, 11]
[45, 5, 22, 24, 7, 20, 48, 8, 37, 10, 19, 20, 24, 17, 11, 14, 30, 49, 40, 41, 20, 6, 29, 25, 40]
[48, 10, 37, 16, 21, 27, 20, 19, 40, 50, 25, 27, 9, 6, 44, 4, 29, 52, 26, 36, 16, 10, 44, 8, 4]
[42, 50, 11, 20, 39, 41, 21, 4, 30, 40, 48, 29, 49, 12, 16, 36, 6, 50, 32, 7, 38, 35, 5, 25, 14]
[10, 45, 11, 38, 30, 49, 15, 8, 9, 35, 8, 40, 46, 45, 24, 46, 20, 45, 38, 4, 41, 47, 43, 46, 48]
[48, 28, 41, 28, 35, 8, 29, 34, 36, 40, 41, 10, 46, 25, 30, 12, 24, 10, 32, 15, 17, 32, 13, 11, 4]
[6, 51, 6, 18, 29, 26, 19, 36, 45, 26, 19, 37, 15, 52, 13, 31, 43, 16, 21, 47, 9, 49, 44, 31, 22]
[39, 52, 41, 14, 26, 26, 50, 30, 38, 24, 18, 6, 14, 11, 42, 47, 51, 12, 11, 27, 17, 4, 41, 32, 7]
[33, 11, 21, 21, 11, 31, 43, 17, 39, 43, 15, 44, 20, 17, 23, 23, 30, 34, 35, 32, 36, 35, 44, 6, 39]
[11, 25, 24, 35, 50, 23, 39, 47, 28, 24, 41, 50, 48, 24, 6, 29, 31, 6, 18, 47, 15, 12, 47, 9, 49]
[10, 47, 36, 36, 5, 7, 40, 21, 39, 15, 15, 27, 36, 49, 12, 50, 38, 47, 18, 51, 22, 17, 9, 28, 30]
[32, 33, 33, 29, 16, 6, 45, 15, 37, 12, 15, 9, 40, 20, 29, 31, 25, 40, 9, 46, 52, 50, 27, 18, 16]
[45, 50, 21, 6, 23, 34, 10, 27, 41, 24, 34, 29, 19, 20, 43, 35, 38, 6, 5, 7, 9, 40, 29, 8, 16]
[13, 34, 34, 6, 52, 22, 38, 26, 8, 22, 9, 40, 22, 18, 14, 19, 5, 5, 31, 8, 28, 24, 32, 39, 23]
[22, 22, 20, 44, 23, 17, 39, 40, 32, 43, 26, 17, 15, 47, 13, 34, 35, 18, 51, 22, 31, 26, 24, 21, 37]
[29, 48, 28, 47, 6, 31, 23, 23, 12, 24, 17, 24, 26, 21, 46, 20, 34, 36, 39, 47, 27, 30, 8, 5, 46]
[24, 40, 16, 42, 14, 42, 38, 32, 39, 47, 9, 7, 32, 41, 14, 37, 38, 27, 18, 5, 36, 16, 17, 42, 12]
[41, 12, 29, 26, 22, 19, 4, 34, 22, 23, 25, 4, 30, 52, 16, 40, 41, 14, 30, 24, 5, 24, 37, 19, 52]
[47, 25, 17, 23, 35, 16, 49, 51, 33, 51, 13, 45, 44, 51, 52, 21, 13, 26, 20, 35, 36, 12, 39, 11, 6]
[21, 42, 41, 37, 16, 36, 35, 21, 49, 22, 47, 12, 4, 11, 23, 12, 17, 34, 18, 12, 14, 14, 20, 37, 22]
[31, 7, 5, 17, 18, 25, 11, 40, 16, 7, 9, 25, 13, 17, 47, 13, 37, 34, 5, 4, 20, 9, 22, 14, 33]
[7, 51, 51, 41, 33, 32, 7, 5, 48, 5, 25, 24, 46, 14, 31, 34, 26, 16, 23, 34, 23, 46, 49, 41, 22]
[42, 20, 21, 30, 5, 43, 12, 49, 47, 52, 38, 18, 6, 5, 39, 28, 50, 34, 6, 26, 28, 24, 14, 42, 4]
[20, 26, 11, 42, 33, 27, 10, 4, 10, 29, 24, 4, 40, 37, 5, 45, 52, 43, 16, 13, 17, 32, 51, 17, 31]
[9, 28, 16, 27, 47, 41, 28, 32, 27, 44, 38, 45, 42, 8, 14, 17, 49, 32, 24, 26, 26, 52, 44, 9, 11]
[12, 41, 26, 28, 11, 31, 36, 30, 9, 37, 14, 49, 20, 39, 10, 11, 6, 45, 16, 11, 30, 40, 45, 27, 39]
[5, 39, 17, 7, 9, 39, 32, 49, 52, 39, 5, 10, 8, 24, 10, 26, 41, 6, 4, 21, 34, 41, 27, 19, 33]
[18, 12, 23, 8, 23, 44, 46, 23, 26, 17, 19, 49, 40, 42, 50, 30, 25, 13, 39, 28, 7, 19, 6, 51, 20]
[47, 40, 42, 10, 48, 12, 32, 31, 43, 7, 19, 36, 10, 7, 39, 35, 7, 42, 12, 25, 29, 18, 8, 18, 29]
[49, 13, 31, 24, 34, 37, 7, 28, 47, 33, 44, 23, 12, 16, 33, 14, 41, 8, 41, 15, 29, 44, 30, 44, 26]
[27, 8, 9, 19, 10, 18, 7, 45, 27, 25, 15, 49, 32, 18, 28, 4, 13, 17, 36, 50, 11, 19, 41, 37, 22]
[37, 16, 24, 14, 13, 38, 45, 6, 16, 26, 4, 4, 37, 23, 40, 10, 31, 43, 20, 40, 42, 12, 51, 35, 15]
[52, 20, 27, 5, 50, 50, 15, 27, 29, 4, 6, 27, 21, 49, 33, 23, 38, 50, 31, 48, 31, 49, 26, 31, 42]
[21, 44, 14, 7, 34, 33, 45, 47, 50, 50, 20, 25, 10, 52, 39, 42, 24, 23, 25, 32, 35, 6, 19, 45, 24]
[4, 17, 49, 5, 30, 24, 41, 47, 11, 18, 19, 38, 40, 44, 46, 20, 10, 51, 19, 48, 52, 40, 5, 39, 49]
[28, 5, 10, 33, 28, 28, 25, 5, 43, 32, 21, 48, 9, 8, 18, 52, 14, 44, 29, 43, 15, 18, 23, 6, 40]
[29, 16, 39, 51, 20, 10, 50, 47, 8, 43, 8, 51, 25, 25, 48, 44, 51, 33, 17, 12, 21, 48, 40, 31, 10]
[26, 50, 47, 45, 45, 36, 52, 47, 49, 45, 8, 26, 42, 28, 51, 13, 18, 35, 35, 19, 32, 35, 28, 41, 5]
[38, 8, 50, 26, 35, 4, 9, 33, 24, 17, 21, 34, 13, 35, 46, 15, 16, 21, 45, 4, 46, 52, 44, 48, 26]
[25, 41, 33, 9, 24, 34, 27, 25, 41, 7, 39, 14, 4, 16, 51, 40, 26, 32, 16, 27, 12, 35, 41, 7, 27]
[43, 52, 34, 23, 41, 9, 19, 24, 28, 36, 14, 35, 23, 20, 8, 10, 43, 5, 30, 45, 35, 50, 29, 4, 21]
[45, 15, 24, 51, 4, 22, 42, 4, 47, 39, 34, 29, 22, 14, 4, 26, 48, 29, 15, 7, 13, 50, 44, 48, 7]
[12, 51, 10, 24, 12, 51, 31, 27, 10, 35, 9, 40, 46, 27, 29, 21, 21, 47, 52, 23, 30, 31, 18, 51, 15]
[33, 47, 33, 52, 9, 25, 47, 35, 21, 48, 7, 26, 41, 51, 36, 19, 39, 39, 47, 4, 5, 43, 46, 22, 15]
[51, 39, 30, 12, 12, 14, 51, 14, 26, 45, 39, 28, 24, 50, 25, 48, 42, 23, 23, 12, 39, 25, 33, 46, 13]
[10, 15, 50, 46, 18, 52, 8, 52, 48, 18, 23, 40, 7, 31, 12, 39, 40, 16, 4, 44, 21, 42, 25, 41, 46]
[38, 13, 42, 9, 42, 26, 14, 51, 40, 16, 28, 42, 51, 19, 13, 15, 9, 18, 20, 15, 34, 18, 7, 30, 49]
[45, 17, 4, 5, 25, 39, 36, 32, 5, 46, 8, 26, 5, 8, 30, 47, 36, 17, 19, 10, 44, 46, 36, 36, 17]
[17, 50, 8, 8, 47, 25, 40, 38, 50, 13, 18, 42, 23, 50, 22, 41, 48, 21, 22, 34, 32, 9, 23, 17, 43]
[22, 14, 33, 16, 32, 38, 24, 22, 16, 19, 34, 16, 10, 23, 51, 12, 9, 19, 52, 31, 18, 30, 22, 32, 52]
[11, 51, 43, 44, 8, 47, 34, 44, 15, 33, 24, 30, 45, 16, 35, 49, 35, 51, 38, 9, 26, 46, 33, 40, 47]
[48, 13, 27, 9, 8, 15, 27, 50, 38, 42, 28, 23, 5, 37, 22, 8, 15, 26, 32, 50, 15, 30, 26, 26, 34]
[8, 18, 13, 20, 15, 5, 51, 19, 31, 18, 46, 51, 33, 10, 43, 13, 10, 36, 33, 28, 30, 22, 6, 49, 19]
[10, 15, 15, 40, 45, 29, 11, 39, 26, 47, 24, 25, 27, 51, 10, 37, 40, 31, 14, 8, 10, 52, 50, 24, 20]
[14, 21, 18, 25, 43, 32, 42, 40, 12, 37, 50, 7, 27, 10, 17, 12, 19, 18, 7, 30, 42, 11, 19, 52, 32]
[31, 31, 44, 27, 9, 27, 43, 44, 25, 11, 18, 17, 48, 31, 27, 41, 6, 25, 29, 32, 17, 29, 48, 7, 34]
[23, 18, 47, 39, 44, 6, 52, 40, 33, 29, 40, 19, 24, 31, 14, 23, 48, 38, 13, 38, 22, 52, 48, 43, 51]
[34, 9, 5, 37, 8, 42, 29, 25, 25, 32, 13, 36, 5, 10, 24, 19, 50, 31, 11, 31, 17, 27, 49, 35, 13]
[11, 39, 42, 51, 31, 17, 26, 46, 26, 10, 47, 14, 19, 14, 28, 8, 17, 18, 45, 25, 35, 6, 4, 38, 31]
[47, 31, 29, 49, 24, 6, 26, 14, 39, 40, 17, 12, 4, 38, 31, 7, 16, 23, 37, 36, 33, 14, 9, 21, 50]
[19, 9, 40, 44, 52, 13, 37, 34, 44, 41, 32, 43, 8, 4, 49, 15, 7, 10, 49, 33, 16, 25, 25, 41, 18]
[38, 8, 19, 8, 23, 41, 36, 15, 49, 44, 26, 12, 30, 49, 5, 39, 8, 10, 39, 37, 40, 27, 47, 42, 52]
[9, 47, 12, 13, 10, 28, 28, 36, 35, 38, 48, 10, 31, 18, 27, 11, 50, 14, 38, 37, 6, 26, 39, 40, 32]
[39, 24, 28, 23, 42, 45, 36, 41, 29, 10, 29, 51, 28, 39, 17, 4, 6, 8, 21, 41, 38, 20, 38, 17, 35]
[10, 23, 51, 19, 41, 39, 18, 31, 43, 17, 50, 36, 45, 40, 20, 22, 45, 4, 45, 31, 31, 4, 42, 20, 48]
[12, 14, 5, 44, 44, 25, 50, 11, 43, 37, 35, 15, 52, 34, 7, 14, 37, 11, 9, 19, 42, 8, 36, 18, 27]
[36, 7, 14, 42, 34, 49, 12, 8, 50, 52, 36, 25, 8, 6, 13, 27, 35, 33, 28, 35, 46, 12, 23, 30, 9]
[52, 24, 42, 13, 48, 30, 29, 35, 22, 15, 41, 15, 31, 43, 33, 21, 51, 26, 20, 49, 19, 44, 15, 46, 45]
[30, 6, 42, 14, 14, 8, 52, 16, 31, 31, 25, 34, 32, 29, 15, 36, 31, 46, 25, 25, 6, 50, 23, 16, 45]
[8, 21, 18, 20, 46, 34, 42, 4, 42, 50, 14, 6, 6, 48, 4, 19, 48, 20, 13, 27, 50, 7, 12, 14, 44]
[33, 12, 23, 47, 49, 18, 36, 33, 26, 20, 48, 48, 12, 17, 52, 14, 14, 35, 30, 8, 4, 6, 24, 43, 51]
[23, 43, 32, 29, 37, 12, 10, 38, 4, 8, 45, 8, 43, 23, 21, 43, 28, 52, 41, 40, 50, 38, 39, 16, 34]
[28, 4, 7, 35, 31, 31, 48, 14, 8, 18, 36, 27, 24, 22, 38, 4, 34, 25, 51, 33, 48, 15, 13, 28, 25]
[30, 13, 9, 25, 39, 6, 48, 48, 51, 32, 12, 6, 17, 32, 11, 29, 43, 12, 10, 8, 6, 39, 47, 32, 18]
[12, 46, 39, 13, 11, 36, 37, 22, 14, 6, 6, 28, 46, 5, 52, 33, 14, 16, 10, 10, 37, 35, 21, 5, 37]
[50, 38, 41, 46, 30, 8, 23, 49, 45, 11, 11, 30, 34, 39, 15, 28, 42, 6, 35, 27, 40, 43, 43, 21, 35]
[40, 35, 24, 48, 43, 26, 50, 45, 34, 46, 52, 15, 50, 39, 14, 36, 49, 20, 51, 30, 37, 17, 49, 11, 30]
[11, 37, 33, 15, 37, 51, 33, 45, 10, 31, 36, 43, 29, 41, 18, 10, 41, 30, 42, 19, 29, 37, 52, 16, 15]
[19, 49, 47, 48, 8, 6, 18, 38, 44, 12, 27, 26, 34, 25, 12, 19, 48, 7, 5, 41, 4, 29, 18, 23, 40]
[40, 15, 30, 33, 7, 21, 10, 50, 31, 34, 7, 25, 14, 19, 37, 51, 6, 15, 7, 8, 42, 30, 27, 31, 8]
[51, 49, 37, 16, 29, 20, 34, 42, 13, 31, 43, 49, 21, 12, 26, 12, 22, 21, 8, 14, 20, 43, 5, 16, 48]
[6, 28, 44, 42, 51, 24, 35, 52, 19, 11, 51, 12, 12, 23, 24, 8, 4, 46, 35, 52, 11, 40, 35, 15, 44]
[35, 8, 48, 52, 46, 51, 52, 44, 6, 14, 38, 50, 9, 27, 19, 51, 16, 30, 33, 37, 5, 43, 38, 15, 44]
[29, 36, 48, 5, 33, 24, 21, 39, 8, 20, 16, 52, 52, 13, 11, 49, 32, 6, 26, 47, 49, 21, 39, 21, 37]
[13, 14, 47, 38, 49, 49, 22, 16, 24, 21, 29, 48, 49, 28, 36, 38, 20, 44, 28, 39, 18, 33, 40, 35, 18]
[26, 34, 16, 43, 32, 43, 8, 43, 49, 42, 4, 41, 15, 10, 44, 16, 16, 21, 34, 47, 19, 16, 42, 49, 8]
[42, 43, 49, 47, 5, 33, 39, 40, 47, 9, 23, 39, 40, 37, 48, 26, 23, 5, 23, 43, 29, 42, 36, 28, 28]
[43, 5, 4, 32, 12, 23, 45, 29, 5, 37, 46, 42, 41, 26, 23, 38, 36, 34, 20, 26, 48, 24, 45, 40, 45]
[4, 36, 22, 35, 49, 45, 15, 42, 6, 47, 38, 12, 23, 35, 22, 6, 13, 26, 21, 21, 50, 21, 33, 44, 27]
[47, 29, 35, 19, 49, 30, 30, 39, 44, 36, 8, 46, 30, 25, 39, 26, 21, 6, 27, 42, 20, 8, 13, 10, 26]
[43, 15, 40, 6, 5, 37, 45, 27, 24, 27, 39, 41, 41, 42, 13, 31, 22, 19, 43, 6, 13, 14, 27, 19, 45]
[39, 7, 26, 20, 32, 22, 5, 40, 37, 26, 34, 18, 11, 11, 31, 19, 24, 26, 50, 24, 11, 42, 25, 8, 34]
[28, 19, 44, 46, 45, 33, 8, 11, 23, 10, 16, 50, 45, 28, 46, 21, 35, 40, 13, 44, 23, 36, 39, 19, 38]
[19, 49, 43, 18, 6, 27, 51, 13, 42, 33, 51, 37, 5, 49, 40, 12, 19, 31, 46, 48, 11, 48, 45, 41, 30]
[51, 35, 46, 34, 14, 15, 47, 9, 48, 17, 44, 13, 28, 45, 6, 49, 43, 43, 6, 50, 14, 27, 23, 43, 40]
[16, 46, 16, 44, 25, 49, 6, 16, 51, 11, 7, 35, 21, 36, 25, 31, 11, 17, 20, 4, 16, 6, 13, 32, 41]
[38, 44, 35, 32, 52, 11, 12, 39, 26, 39, 21, 22, 16, 15, 44, 39, 27, 50, 21, 4, 6, 10, 51, 4, 14]
[35, 29, 5, 37, 35, 50, 34, 33, 50, 10, 39, 44, 39, 47, 28, 16, 12, 4, 11, 18, 6, 35, 6, 44, 48]
[26, 30, 39, 22, 25, 48, 47, 35, 31, 8, 31, 11, 50, 32, 43, 33, 12, 15, 29, 39, 29, 49, 48, 9, 11]
[26, 46, 52, 23, 16, 5, 42, 38, 33, 39, 19, 32, 25, 42, 44, 30, 11, 46, 23, 16, 32, 43, 14, 23, 13]
[31, 21, 13, 31, 6, 46, 47, 45, 15, 29, 52, 20, 37, 8, 8, 13, 24, 7, 20, 30, 46, 32, 11, 5, 26]
[11, 44, 19, 52, 46, 40, 37, 30, 23, 7, 9, 28, 14, 25, 38, 44, 4, 13, 30, 6, 7, 15, 50, 47, 32]
[33, 39, 36, 50, 34, 28, 48, 47, 36, 33, 33, 45, 40, 40, 14, 33, 4, 38, 17, 40, 20, 41, 30, 48, 15]
[16, 41, 15, 12, 5, 11, 36, 28, 44, 41, 34, 48, 34, 52, 47, 34, 46, 51, 51, 7, 49, 33, 14, 47, 5]
[22, 47, 6, 11, 30, 27, 40, 44, 32, 31, 42, 4, 41, 45, 43, 12, 31, 43, 14, 12, 4, 23, 42, 8, 17]
[49, 19, 28, 12, 43, 45, 47, 37, 39, 26, 40, 21, 16, 19, 50, 25, 51, 24, 42, 52, 24, 7, 41, 32, 44]
[50, 37, 11, 20, 11, 47, 45, 46, 50, 9, 47, 13, 44, 51, 33, 32, 16, 11, 14, 43, 48, 39, 42, 18, 23]
[35, 49, 34, 33, 52, 21, 32, 30, 19, 37, 49, 5, 24, 27, 39, 48, 44, 48, 52, 35, 16, 14, 33, 20, 50]
[21, 32, 52, 51, 30, 47, 35, 38, 40, 18, 31, 30, 43, 16, 38, 11, 7, 36, 23, 33, 6, 30, 50, 8, 35]
[31, 25, 41, 27, 24, 37, 38, 25, 16, 28, 15, 35, 35, 44, 47, 5, 22, 36, 38, 23, 33, 51, 12, 26, 30]
[51, 40, 8, 19, 22, 35, 35, 17, 41, 36, 47, 16, 46, 26, 30, 14, 6, 25, 11, 11, 38, 50, 15, 43, 14]
[16, 10, 43, 22, 49, 15, 50, 21, 43, 33, 32, 37, 15, 12, 28, 28, 32, 32, 45, 22, 42, 34, 11, 38, 34]
[48, 38, 7, 12, 49, 38, 24, 41, 21, 30, 27, 20, 8, 7, 49, 31, 39, 49, 16, 15, 50, 23, 39, 8, 35]
[4, 45, 14, 16, 33, 51, 44, 22, 9, 36, 49, 8, 44, 36, 48, 42, 32, 29, 51, 8, 12, 47, 44, 10, 34]
[13, 18, 18, 50, 31, 30, 52, 36, 4, 42, 12, 31, 45, 35, 48, 32, 42, 40, 21, 51, 38, 43, 17, 27, 4]
[52, 20, 40, 29, 29, 18, 20, 8, 52, 23, 41, 43, 17, 37, 25, 4, 43, 11, 46, 10, 28, 8, 40, 44, 15]
[50, 52, 15, 11, 42, 41, 13, 45, 16, 5, 8, 34, 45, 37, 29, 35, 44, 22, 44, 24, 10, 40, 30, 21, 39]
[40, 13, 30, 41, 41, 37, 27, 49, 45, 48, 12, 7, 51, 25, 15, 27, 44, 16, 15, 50, 41, 23, 17, 45, 20]
[24, 6, 5, 45, 7, 9, 36, 8, 42, 36, 32, 47, 34, 31, 50, 29, 19, 43, 29, 11, 5, 23, 10, 37, 11]
[29, 4, 8, 9, 9, 36, 9, 31, 48, 38, 45, 9, 29, 16, 8, 10, 16, 10, 32, 12, 8, 27, 8, 5, 19]
[46, 50, 45, 20, 22, 32, 35, 11, 39, 50, 49, 33, 17, 20, 31, 7, 38, 15, 49, 43, 47, 25, 5, 48, 19]
[31, 23, 31, 4, 12, 39, 20, 52, 48, 17, 41, 24, 28, 23, 49, 17, 5, 24, 31, 34, 48, 21, 15, 15, 14]
[38, 19, 24, 35, 15, 39, 8, 52, 25, 51, 10, 21, 6, 38, 40, 12, 40, 51, 9, 43, 32, 13, 21, 20, 42]
[41, 52, 51, 15, 37, 23, 42, 41, 9, 25, 12, 13, 12, 48, 14, 38, 23, 21, 43, 44, 41, 38, 19, 20, 4]
[47, 26, 22, 38, 4, 42, 43, 16, 27, 42, 28, 9, 29, 42, 15, 5, 36, 19, 29, 29, 47, 24, 29, 40, 27]
[40, 6, 16, 32, 12, 18, 16, 7, 4, 46, 44, 36, 6, 46, 31, 41, 36, 18, 4, 26, 39, 5, 24, 49, 34]
[26, 27, 48, 34, 48, 12, 21, 44, 29, 32, 20, 50, 30, 42, 52, 21, 25, 22, 41, 49, 22, 5, 14, 22, 18]
[20, 27, 8, 24, 26, 28, 18, 41, 32, 13, 27, 17, 32, 9, 6, 44, 31, 11, 24, 38, 34, 29, 9, 32, 10]
[4, 34, 44, 32, 28, 37, 41, 51, 5, 40, 4, 32, 17, 51, 43, 41, 26, 39, 26, 9, 43, 5, 7, 40, 49]
[9, 32, 31, 15, 51, 51, 21, 45, 31, 25, 26, 45, 38, 29, 13, 52, 30, 32, 52, 5, 12, 33, 51, 51, 10]
[26, 41, 19, 52, 45, 47, 36, 11, 46, 46, 11, 10, 28, 40, 29, 47, 41, 27, 40, 45, 43, 45, 38, 12, 7]
[30, 9, 50, 36, 12, 4, 48, 37, 26, 8, 10, 47, 5, 30, 24, 48, 47, 39, 50, 14, 38, 41, 12, 25, 46]
[37, 42, 29, 41, 51, 4, 11, 28, 51, 11, 43, 49, 34, 7, 5, 38, 36, 37, 21, 44, 15, 30, 19, 46, 8]
[35, 24, 51, 18, 36, 32, 26, 4, 17, 51, 41, 16, 5, 10, 19, 27, 6, 12, 52, 32, 48, 48, 52, 52, 21]
[29, 40, 28, 7, 45, 27, 5, 49, 7, 20, 24, 8, 43, 37, 11, 49, 50, 47, 12, 52, 18, 29, 45, 45, 26]
[19, 16, 51, 23, 41, 48, 24, 37, 29, 35, 21, 48, 9, 49, 19, 51, 20, 51, 40, 4, 24, 39, 28, 34, 31]
[38, 19, 20, 43, 45, 7, 39, 19, 34, 40, 6, 44, 14, 15, 48, 7, 24, 46, 6, 44, 41, 13, 43, 5, 16]
[32, 29, 18, 39, 38, 4, 9, 20, 41, 15, 21, 17, 39, 34, 43, 9, 36, 13, 33, 14, 45, 51, 24, 25, 21]
[21, 32, 4, 43, 33, 5, 20, 16, 52, 45, 41, 22, 12, 11, 49, 13, 26, 47, 9, 25, 34, 48, 8, 48, 5]
[7, 51, 5, 48, 48, 18, 12, 51, 25, 31, 23, 44, 33, 37, 19, 43, 21, 45, 44, 49, 27, 4, 49, 44, 51]
[37, 18, 19, 23, 38, 39, 7, 6, 29, 19, 43, 34, 6, 42, 21, 48, 33, 13, 37, 19, 17, 29, 14, 36, 36]
[30, 11, 16, 17, 29, 49, 46, 31, 28, 26, 46, 4, 6, 40, 41, 35, 42, 24, 30, 25, 40, 45, 12, 19, 30]
[6, 21, 12, 12, 27, 31, 11, 35, 28, 22, 7, 4, 26, 11, 21, 8, 27, 38, 45, 18, 19, 50, 25, 24, 41]
[41, 26, 26, 26, 5, 34, 16, 13, 42, 40, 46, 14, 44, 37, 8, 48, 25, 14, 39, 17, 12, 26, 17, 11, 8]
[50, 42, 13, 28, 51, 42, 13, 22, 47, 27, 27, 12, 13, 33, 50, 38, 10, 7, 4, 47, 25, 33, 44, 34, 35]
[36, 24, 21, 37, 18, 52, 50, 23, 17, 52, 39, 47, 11, 12, 23, 34, 7, 28, 43, 37, 11, 44, 36, 37, 27]
[43, 14, 41, 5, 49, 16, 48, 24, 10, 36, 51, 5, 10, 11, 46, 52, 51, 25, 34, 47, 20, 4, 5, 40, 5]
[24, 47, 29, 41, 39, 38, 13, 38, 9, 6, 28, 14, 50, 29, 17, 23, 49, 24, 14, 31, 46, 40, 49, 44, 9]
[24, 48, 10, 22, 40, 5, 26, 43, 10, 28, 22, 27, 14, 21, 38, 46, 10, 11, 25, 14, 45, 15, 38, 48, 47]
[15, 12, 44, 4, 30, 50, 46, 12, 45, 52, 48, 12, 13, 26, 35, 35, 12, 39, 13, 17, 17, 43, 11, 13, 38]
[50, 19, 26, 19, 40, 45, 9, 17, 18, 38, 50, 14, 31, 4, 50, 13, 46, 48, 6, 44, 45, 23, 49, 18, 22]
[30, 27, 22, 13, 17, 37, 30, 11, 30, 9, 42, 52, 18, 33, 9, 24, 32, 35, 4, 41, 26, 31, 35, 41, 45]
[8, 35, 34, 6, 21, 26, 44, 7, 35, 19, 48, 19, 39, 46, 7, 48, 32, 35, 46, 22, 30, 24, 10, 13, 41]
[23, 30, 42, 21, 20, 23, 30, 29, 14, 41, 51, 13, 40, 35, 52, 24, 21, 26, 12, 51, 39, 38, 24, 41, 9]
[12, 4, 39, 45, 48, 4, 39, 25, 10, 8, 28, 30, 47, 21, 52, 32, 51, 30, 13, 40, 40, 7, 33, 34, 13]
[45, 41, 25, 30, 24, 41, 43, 8, 5, 32, 13, 25, 19, 50, 14, 38, 28, 12, 28, 40, 7, 7, 7, 8, 12]
[11, 46, 6, 45, 27, 22, 46, 12, 6, 19, 24, 4, 26, 52, 11, 22, 18, 40, 31, 29, 12, 27, 30, 42, 19]
[32, 24, 41, 6, 12, 37, 32, 10, 13, 35, 13, 7, 36, 5, 38, 43, 12, 38, 36, 22, 6, 49, 6, 26, 51]
[40, 21, 51, 36, 45, 50, 10, 48, 30, 48, 22, 19, 21, 5, 45, 36, 29, 9, 38, 6, 12, 44, 11, 50, 12]
[29, 11, 6, 11, 23, 24, 4, 42, 46, 19, 42, 31, 50, 20, 18, 39, 33, 15, 10, 9, 7, 45, 38, 5, 19]
[40, 20, 27, 30, 20, 42, 51, 51, 42, 5, 46, 16, 21, 32, 30, 50, 25, 52, 15, 30, 52, 51, 21, 24, 18]
[13, 48, 35, 49, 30, 16, 4, 16, 24, 12, 39, 30, 51, 6, 22, 33, 29, 28, 15, 11, 44, 19, 45, 34, 37]
[9, 42, 17, 20, 21, 13, 45, 32, 11, 40, 39, 13, 24, 48, 8, 25, 10, 18, 34, 10, 52, 7, 38, 17, 35]
[34, 19, 48, 4, 40, 6, 44, 38, 20, 18, 5, 41, 16, 10, 34, 45, 16, 41, 4, 51, 16, 28, 46, 39, 18]
[29, 17, 32, 29, 17, 52, 50, 13, 22, 27, 49, 5, 51, 19, 52, 35, 19, 50, 7, 40, 10, 30, 26, 40, 46]
[37, 6, 48, 46, 39, 48, 26, 46, 25, 21, 48, 11, 28, 23, 20, 10, 14, 6, 17, 10, 40, 6, 39, 50, 37]
[5, 6, 40, 39, 17, 43, 28, 22, 52, 41, 38, 47, 6, 34, 25, 50, 47, 8, 28, 19, 33, 36, 35, 26, 43]
[51, 7, 10, 14, 43, 24, 23, 50, 47, 12, 47, 14, 52, 44, 16, 5, 12, 36, 35, 28, 40, 19, 50, 31, 13]
[19, 11, 20, 16, 46, 41, 28, 13, 36, 16, 17, 38, 38, 20, 15, 42, 24, 52, 44, 28, 8, 38, 5, 46, 30]
[22, 33, 21, 47, 40, 16, 42, 15, 27, 43, 18, 32, 30, 28, 39, 43, 24, 22, 15, 16, 48, 22, 31, 32, 6]
[29, 27, 14, 11, 45, 21, 19, 32, 40, 42, 41, 13, 41, 38, 46, 30, 14, 6, 51, 19, 44, 4, 26, 26, 49]
[9, 8, 9, 38, 46, 13, 17, 33, 7, 41, 26, 38, 18, 30, 12, 17, 5, 22, 49, 23, 21, 21, 40, 22, 33]
[51, 29, 30, 6, 31, 22, 47, 4, 47, 52, 31, 41, 6, 14, 44, 24, 21, 31, 37, 37, 16, 47, 14, 24, 43]
[42, 33, 12, 9, 38, 46, 40, 29, 19, 15, 14, 10, 48, 22, 23, 13, 46, 13, 40, 6, 47, 15, 19, 12, 17]
[18, 50, 52, 47, 51, 36, 35, 13, 12, 16, 22, 36, 47, 10, 12, 23, 21, 43, 35, 35, 40, 12, 28, 35, 28]
[8, 16, 34, 24, 34, 43, 5, 34, 15, 44, 29, 27, 9, 24, 36, 7, 21, 14, 48, 31, 49, 28, 35, 6, 44]
[26, 27, 39, 29, 21, 31, 49, 7, 5, 43, 23, 48, 28, 14, 22, 4, 42, 46, 18, 50, 45, 13, 33, 34, 15]
[52, 10, 21, 45, 8, 50, 33, 40, 46, 38, 42, 18, 13, 52, 20, 9, 8, 21, 4, 20, 44, 45, 50, 10, 14]
[22, 40, 13, 45, 29, 51, 31, 11, 18, 15, 21, 11, 23, 13, 11, 11, 39, 47, 22, 21, 42, 13, 15, 45, 26]
[39, 34, 52, 45, 10, 49, 31, 12, 18, 18, 35, 28, 4, 22, 31, 41, 38, 8, 38, 30, 19, 36, 50, 46, 38]
[37, 43, 16, 24, 12, 26, 8, 21, 31, 27, 28, 43, 18, 50, 30, 52, 26, 28, 39, 5, 47, 19, 20, 25, 11]
[37, 39, 8, 34, 9, 12, 27, 7, 22, 27, 40, 46, 7, 43, 44, 27, 27, 15, 45, 15, 45, 26, 40, 8, 52]
[14, 35, 39, 33, 44, 40, 26, 43, 20, 45, 19, 51, 41, 27, 28, 25, 7, 33, 50, 35, 31, 15, 22, 7, 6]
[23, 23, 37, 4, 6, 21, 31, 51, 45, 44, 28, 38, 25, 21, 45, 37, 13, 38, 50, 40, 9, 43, 46, 4, 29]
[40, 47, 7, 42, 22, 34, 51, 50, 40, 27, 29, 24, 31, 19, 30, 21, 15, 15, 25, 52, 50, 47, 4, 40, 33]
[16, 15, 21, 25, 9, 9, 45, 27, 21, 14, 42, 29, 13, 18, 7, 42, 5, 42, 35, 52, 36, 9, 23, 20, 27]
[22, 5, 7, 8, 7, 50, 44, 29, 4, 44, 46, 33, 38, 4, 45, 18, 13, 11, 48, 31, 45, 39, 5, 50, 21]
[45, 41, 46, 24, 15, 34, 20, 18, 43, 27, 30, 49, 50, 19, 20, 29, 12, 17, 40, 13, 16, 31, 35, 31, 25]
[26, 52, 9, 11, 13, 11, 35, 48, 21, 43, 42, 37, 17, 47, 35, 33, 5, 10, 37, 45, 28, 48, 16, 7, 24]
[35, 9, 4, 29, 14, 21, 30, 28, 36, 10, 22, 23, 34, 35, 7, 9, 52, 23, 9, 25, 4, 6, 9, 43, 31]
[43, 22, 35, 12, 44, 47, 44, 21, 40, 22, 12, 44, 43, 45, 42, 27, 50, 16, 45, 11, 24, 37, 33, 10, 36]
[33, 25, 11, 4, 15, 26, 40, 18, 6, 45, 52, 11, 35, 45, 32, 6, 49, 27, 48, 14, 41, 36, 15, 6, 28]
[11, 15, 25, 48, 26, 42, 43, 17, 32, 7, 11, 47, 23, 23, 47, 10, 9, 4, 41, 32, 14, 23, 23, 11, 44]
[50, 11, 40, 23, 39, 27, 10, 42, 30, 43, 30, 46, 4, 40, 31, 33, 40, 18, 6, 49, 18, 42, 12, 33, 43]
[7, 25, 19, 34, 49, 32, 40, 6, 22, 6, 29, 21, 36, 6, 41, 39, 37, 39, 34, 12, 16, 8, 35, 33, 43]
[48, 43, 49, 17, 16, 10, 38, 43, 29, 30, 8, 31, 52, 33, 46, 5, 19, 47, 25, 8, 50, 15, 52, 6, 18]
[13, 45, 12, 30, 41, 15, 22, 12, 15, 47, 35, 19, 36, 47, 22, 10, 19, 48, 29, 45, 31, 22, 11, 27, 33]
[6, 30, 11, 15, 12, 9, 50, 44, 50, 30, 36, 12, 48, 26, 6, 21, 41, 49, 14, 18, 15, 5, 34, 17, 6]
[9, 13, 10, 32, 27, 35, 6, 19, 5, 8, 17, 5, 33, 50, 37, 45, 38, 43, 21, 36, 46, 8, 18, 9, 41]
[8, 11, 9, 4, 24, 29, 29, 20, 20, 13, 41, 42, 8, 26, 46, 16, 22, 22, 41, 13, 46, 28, 18, 4, 10]
[25, 26, 44, 35, 6, 45, 52, 45, 26, 22, 17, 46, 33, 34, 20, 46, 35, 8, 5, 5, 26, 20, 16, 29, 44]
[32, 7, 9, 10, 21, 30, 23, 10, 16, 49, 37, 41, 47, 38, 34, 40, 6, 44, 22, 37, 47, 32, 9, 15, 4]
[45, 49, 18, 31, 48, 50, 9, 16, 39, 51, 17, 42, 40, 45, 15, 14, 43, 52, 35, 30, 23, 39, 38, 38, 6]
[36, 50, 27, 45, 38, 45, 10, 46, 14, 12, 42, 45, 31, 9, 10, 6, 48, 18, 17, 43, 49, 23, 29, 26, 31]
[52, 24, 34, 32, 23, 9, 17, 20, 34, 46, 16, 7, 19, 36, 5, 8, 52, 21, 5, 10, 25, 22, 36, 42, 8]
[33, 51, 5, 29, 41, 16, 24, 52, 11, 22, 4, 45, 25, 39, 8, 45, 9, 20, 49, 39, 31, 45, 23, 27, 47]
[46, 21, 21, 36, 8, 5, 48, 50, 45, 29, 31, 26, 48, 26, 22, 47, 39, 26, 20, 25, 37, 45, 37, 33, 29]
[27, 25, 29, 48, 19, 23, 5, 10, 24, 7, 50, 22, 44, 9, 45, 32, 36, 38, 42, 11, 7, 46, 47, 50, 39]
[20, 12, 22, 42, 25, 49, 50, 29, 35, 20, 28, 52, 13, 44, 40, 51, 52, 19, 14, 23, 39, 11, 26, 27, 8]
[14, 39, 50, 34, 14, 45, 44, 40, 22, 52, 8, 52, 14, 38, 51, 16, 39, 10, 12, 6, 15, 29, 42, 19, 44]
[44, 30, 50, 9, 26, 26, 8, 12, 27, 23, 5, 8, 22, 32, 38, 38, 40, 24, 36, 9, 28, 6, 8, 15, 20]
[43, 6, 32, 5, 22, 36, 12, 35, 20, 29, 50, 35, 27, 30, 25, 23, 9, 42, 21, 10, 9, 35, 46, 29, 33]
[43, 13, 17, 33, 15, 29, 32, 35, 7, 31, 48, 12, 46, 39, 43, 36, 46, 12, 7, 29, 31, 40, 27, 4, 45]
[12, 35, 46, 50, 38, 17, 7, 38, 18, 38, 23, 37, 47, 14, 19, 29, 10, 16, 37, 38, 51, 47, 15, 27, 16]
[13, 9, 12, 39, 11, 14, 16, 30, 7, 46, 12, 33, 20, 26, 51, 39, 20, 47, 45, 17, 48, 34, 29, 12, 21]
[7, 4, 41, 21, 10, 30, 13, 34, 34, 47, 16, 19, 10, 28, 49, 35, 45, 30, 14, 12, 38, 10, 46, 37, 22]
[18, 38, 25, 15, 42, 27, 49, 5, 46, 18, 34, 40, 35, 12, 17, 52, 20, 7, 44, 32, 26, 48, 16, 25, 45]
[15, 10, 38, 25, 48, 44, 46, 51, 20, 31, 46, 47, 38, 31, 4, 36, 4, 11, 39, 51, 4, 47, 41, 18, 10]
[14, 33, 50, 7, 28, 49, 32, 42, 27, 25, 32, 25, 51, 40, 45, 11, 19, 23, 23, 48, 51, 49, 9, 11, 32]
[27, 26, 22, 49, 13, 38, 41, 32, 8, 6, 45, 30, 6, 42, 38, 6, 17, 44, 41, 22, 13, 5, 49, 49, 11]
[35, 7, 36, 16, 24, 44, 29, 10, 40, 24, 50, 25, 37, 33, 5, 20, 8, 18, 26, 9, 38, 47, 18, 4, 39]
[19, 6, 18, 39, 21, 35, 7, 23, 25, 25, 14, 44, 43, 45, 17, 25, 41, 31, 12, 20, 52, 26, 52, 14, 41]
[18, 23, 47, 8, 20, 51, 23, 37, 44, 38, 52, 39, 49, 28, 34, 28, 20, 33, 13, 40, 52, 20, 35, 36, 30]
[30, 38, 28, 17, 25, 22, 49, 22, 9, 9, 10, 41, 21, 48, 31, 19, 30, 42, 30, 50, 8, 5, 21, 52, 11]
[46, 10, 45, 21, 36, 30, 34, 5, 35, 12, 26, 49, 37, 5, 35, 15, 17, 39, 4, 19, 43, 13, 28, 35, 35]
[18, 17, 5, 38, 8, 46, 48, 14, 28, 8, 5, 26, 11, 39, 24, 24, 5, 40, 49, 17, 32, 51, 8, 37, 48]
[32, 12, 33, 29, 35, 20, 18, 6, 44, 35, 33, 29, 45, 15, 17, 7, 17, 45, 15, 42, 22, 39, 19, 23, 10]
[38, 12, 50, 9, 17, 52, 46, 13, 23, 37, 6, 15, 42, 40, 44, 6, 14, 22, 8, 26, 12, 30, 18, 13, 14]
[41, 15, 10, 14, 15, 49, 36, 17, 29, 14, 41, 42, 16, 46, 49, 45, 29, 26, 46, 16, 13, 4, 29, 18, 38]
[7, 7, 18, 40, 44, 14, 49, 28, 33, 29, 35, 8, 44, 30, 34, 47, 25, 39, 27, 10, 27, 9, 48, 4, 25]
[39, 43, 52, 42, 18, 10, 27, 18, 16, 51, 52, 20, 21, 4, 43, 10, 33, 13, 23, 16, 43, 20, 4, 33, 28]
[22, 33, 45, 6, 29, 18, 18, 21, 41, 49, 49, 4, 9, 40, 45, 20, 37, 9, 37, 45, 32, 49, 27, 36, 25]
[14, 18, 11, 26, 14, 10, 6, 4, 45, 51, 26, 11, 13, 4, 44, 42, 50, 7, 27, 33, 32, 11, 39, 30, 10]
[20, 32, 36, 6, 13, 24, 18, 50, 19, 11, 30, 14, 15, 48, 40, 32, 13, 40, 41, 52, 21, 50, 50, 44, 40]
[33, 11, 35, 14, 10, 31, 11, 33, 31, 35, 13, 13, 12, 21, 29, 17, 46, 28, 43, 26, 27, 8, 47, 16, 36]
[22, 22, 51, 48, 7, 17, 22, 46, 24, 4, 34, 43, 20, 15, 12, 15, 6, 22, 44, 8, 27, 49, 24, 38, 27]
[27, 40, 6, 17, 37, 43, 49, 31, 51, 16, 52, 39, 51, 46, 7, 24, 8, 41, 17, 5, 20, 45, 29, 28, 21]
[50, 44, 25, 8, 37, 46, 18, 49, 18, 46, 22, 52, 23, 44, 49, 30, 52, 20, 30, 11, 4, 12, 6, 47, 23]
[27, 22, 16, 41, 33, 35, 12, 23, 11, 22, 29, 23, 52, 44, 26, 7, 26, 18, 47, 28, 25, 10, 31, 49, 21]
[42, 40, 47, 30, 32, 30, 33, 15, 44, 32, 18, 31, 18, 15, 4, 15, 41, 9, 17, 44, 14, 16, 41, 9, 11]
[18, 16, 46, 26, 52, 50, 45, 16, 35, 49, 16, 17, 25, 45, 40, 32, 11, 48, 6, 35, 35, 23, 16, 7, 33]
[28, 8, 31, 19, 33, 14, 4, 48, 10, 32, 37, 22, 15, 4, 36, 37, 8, 33, 34, 51, 41, 15, 39, 26, 26]
[48, 44, 43, 40, 11, 11, 16, 42, 49, 39, 17, 14, 48, 13, 44, 37, 16, 35, 9, 23, 5, 15, 52, 39, 48]
[17, 30, 20, 35, 17, 28, 43, 27, 30, 43, 36, 31, 22, 10, 50, 28, 47, 30, 24, 38, 30, 17, 10, 38, 6]
[6, 46, 6, 19, 13, 8, 13, 10, 27, 18, 45, 48, 45, 46, 35, 11, 19, 29, 32, 13, 13, 44, 43, 9, 47]
[5, 22, 14, 4, 27, 10, 9, 17, 46, 19, 44, 52, 20, 17, 22, 17, 50, 29, 15, 16, 51, 41, 50, 38, 13]
[17, 28, 41, 38, 28, 38, 19, 31, 45, 30, 26, 24, 32, 17, 40, 44, 4, 20, 33, 18, 49, 13, 36, 51, 31]
[46, 19, 24, 37, 28, 32, 9, 8, 19, 8, 8, 29, 27, 6, 32, 52, 17, 25, 33, 20, 46, 14, 48, 30, 24]
[10, 7, 26, 25, 13, 12, 27, 48, 15, 8, 35, 36, 26, 52, 39, 40, 20, 15, 51, 36, 45, 37, 42, 49, 45]
[27, 31, 40, 38, 46, 40, 24, 9, 30, 5, 52, 30, 44, 34, 51, 18, 21, 35, 6, 44, 8, 14, 44, 45, 33]
[10, 45, 28, 30, 9, 35, 37, 10, 14, 11, 35, 9, 10, 25, 16, 37, 31, 27, 12, 14, 10, 18, 34, 43, 52]
[25, 33, 19, 31, 33, 8, 32, 13, 49, 23, 21, 49, 7, 24, 9, 50, 23, 26, 21, 8, 27, 27, 37, 40, 36]
[12, 34, 37, 51, 19, 25, 22, 30, 48, 7, 33, 47, 43, 51, 26, 9, 40, 15, 32, 4, 13, 41, 11, 29, 31]
[42, 9, 26, 47, 13, 25, 9, 38, 46, 30, 34, 10, 7, 52, 28, 49, 17, 14, 13, 25, 34, 15, 4, 33, 40]
[7, 43, 6, 50, 25, 4, 5, 5, 50, 36, 38, 39, 32, 43, 17, 50, 13, 43, 29, 11, 31, 48, 43, 9, 12]
[14, 4, 46, 4, 12, 15, 40, 36, 47, 41, 49, 38, 18, 7, 30, 26, 18, 50, 37, 20, 49, 31, 45, 4, 52]
[8, 39, 32, 21, 23, 15, 22, 33, 20, 30, 4, 34, 45, 18, 24, 15, 14, 31, 6, 27, 44, 42, 11, 45, 48]
[25, 35, 23, 24, 38, 37, 20, 10, 8, 26, 39, 38, 47, 31, 4, 45, 38, 29, 31, 24, 25, 32, 15, 44, 29]
[23, 30, 21, 10, 35, 17, 41, 36, 12, 9, 13, 47, 37, 48, 4, 49, 29, 17, 50, 9, 33, 36, 46, 22, 29]
[20, 17, 28, 13, 7, 50, 8, 37, 48, 15, 16, 43, 11, 6, 12, 7, 50, 14, 8, 49, 50, 11, 28, 41, 35]
[49, 37, 4, 12, 19, 47, 15, 21, 7, 30, 47, 13, 15, 52, 11, 44, 45, 22, 44, 51, 20, 21, 5, 30, 40]
[52, 46, 20, 15, 27, 47, 7, 52, 44, 35, 24, 22, 52, 46, 28, 32, 42, 33, 33, 41, 16, 34, 34, 10, 18]
[39, 48, 45, 39, 43, 32, 23, 16, 13, 16, 21, 35, 5, 51, 15, 46, 51, 23, 9, 24, 23, 45, 22, 47, 26]
[5, 4, 38, 8, 7, 46, 23, 23, 37, 23, 30, 14, 20, 41, 7, 30, 8, 20, 46, 39, 43, 44, 51, 29, 39]
[14, 32, 25, 19, 19, 45, 49, 29, 4, 19, 15, 14, 44, 44, 49, 10, 46, 19, 13, 38, 21, 51, 25, 12, 42]
[40, 14, 50, 6, 28, 44, 34, 24, 51, 33, 47, 9, 42, 30, 9, 30, 30, 33, 42, 24, 46, 25, 30, 35, 38]
[48, 16, 48, 42, 37, 14, 44, 33, 7, 37, 8, 33, 11, 8, 26, 24, 16, 46, 25, 12, 24, 6, 32, 35, 21]
[34, 42, 40, 41, 23, 43, 38, 32, 52, 49, 51, 11, 24, 24, 19, 25, 34, 26, 38, 45, 37, 7, 26, 36, 49]
[32, 16, 4, 16, 36, 42, 14, 43, 52, 25, 38, 28, 37, 7, 33, 34, 44, 45, 42, 52, 11, 4, 4, 10, 36]
[46, 36, 49, 28, 17, 17, 4, 14, 41, 23, 10, 35, 30, 27, 41, 18, 33, 29, 18, 20, 7, 29, 10, 28, 23]
[47, 52, 24, 51, 10, 52, 35, 26, 35, 36, 42, 42, 28, 51, 40, 8, 50, 12, 26, 17, 36, 9, 37, 51, 25]
[44, 36, 27, 33, 40, 44, 5, 41, 30, 14, 39, 34, 8, 50, 40, 6, 23, 33, 46, 35, 4, 26, 12, 42, 42]
[47, 35, 30, 29, 39, 15, 8, 7, 21, 5, 7, 22, 19, 33, 9, 50, 28, 10, 5, 27, 51, 27, 30, 13, 13]
[4, 28, 26, 31, 42, 30, 6, 35, 44, 12, 43, 18, 49, 14, 9, 25, 35, 25, 43, 27, 24, 36, 35, 50, 17]
[16, 20, 49, 22, 47, 19, 16, 9, 17, 46, 11, 33, 50, 9, 41, 40, 18, 31, 17, 50, 19, 13, 20, 33, 48]
[34, 43, 16, 25, 26, 33, 15, 26, 12, 5, 25, 31, 43, 6, 47, 18, 26, 44, 23, 38, 48, 6, 32, 6, 38]
[10, 12, 21, 31, 37, 40, 51, 21, 6, 44, 44, 32, 5, 29, 10, 19, 44, 11, 27, 36, 52, 10, 37, 51, 51]
[12, 4, 52, 46, 6, 26, 35, 18, 41, 14, 44, 15, 4, 32, 41, 43, 30, 4, 35, 50, 47, 23, 51, 47, 46]
[4, 30, 22, 52, 52, 5, 17, 48, 41, 12, 12, 40, 36, 31, 25, 20, 29, 32, 48, 42, 50, 21, 38, 9, 50]
[36, 32, 37, 8, 9, 31, 37, 5, 50, 49, 10, 25, 11, 7, 38, 51, 46, 7, 18, 46, 35, 49, 11, 11, 39]
[50, 35, 22, 27, 17, 9, 25, 24, 33, 6, 15, 6, 44, 41, 50, 38, 40, 4, 47, 14, 16, 8, 32, 6, 24]
[17, 23, 38, 18, 28, 35, 51, 20, 25, 50, 40, 48, 7, 29, 23, 50, 27, 38, 50, 12, 45, 25, 10, 35, 38]
[26, 52, 24, 12, 11, 17, 14, 21, 29, 35, 48, 37, 29, 42, 37, 24, 49, 17, 36, 46, 11, 13, 20, 17, 28]
[24, 26, 52, 16, 43, 21, 34, 6, 17, 24, 6, 19, 5, 40, 10, 22, 9, 48, 30, 33, 22, 20, 10, 43, 51]
[27, 52, 25, 44, 9, 42, 42, 34, 33, 29, 7, 15, 9, 18, 35, 34, 26, 24, 34, 5, 24, 50, 36, 50, 52]
[48, 26, 45, 26, 5, 36, 42, 25, 31, 6, 17, 7, 21, 43, 9, 11, 45, 30, 48, 14, 18, 38, 47, 44, 40]
[20, 22, 48, 25, 19, 14, 17, 6, 41, 16, 9, 7, 17, 29, 29, 30, 16, 11, 50, 43, 8, 50, 40, 49, 26]
[20, 30, 15, 18, 20, 19, 33, 50, 4, 15, 49, 30, 16, 37, 17, 12, 38, 23, 8, 17, 6, 38, 26, 28, 46]
[44, 28, 20, 50, 50, 21, 7, 34, 10, 34, 27, 46, 35, 13, 21, 36, 11, 4, 11, 34, 25, 45, 17, 38, 47]
[8, 37, 34, 26, 31, 19, 9, 24, 26, 30, 29, 50, 52, 33, 50, 21, 31, 7, 24, 6, 25, 51, 28, 35, 5]
[31, 50, 49, 5, 20, 29, 21, 42, 30, 13, 42, 40, 27, 20, 46, 37, 5, 9, 11, 30, 11, 29, 7, 22, 9]
[45, 38, 8, 13, 11, 41, 34, 45, 11, 27, 32, 42, 25, 24, 6, 33, 34, 6, 5, 21, 28, 19, 40, 27, 42]
[49, 36, 40, 22, 50, 31, 51, 31, 20, 10, 29, 4, 35, 9, 27, 29, 7, 8, 33, 45, 52, 29, 19, 15, 15]
[15, 36, 44, 27, 15, 26, 33, 30, 38, 33, 18, 51, 18, 6, 21, 42, 10, 27, 10, 21, 8, 9, 45, 45, 4]
[41, 21, 28, 19, 46, 9, 47, 51, 9, 21, 32, 30, 4, 44, 24, 19, 37, 40, 35, 34, 22, 33, 34, 13, 43]
[21, 30, 5, 47, 33, 9, 19, 37, 23, 4, 9, 29, 11, 43, 7, 35, 45, 5, 37, 40, 30, 47, 48, 16, 39]
[44, 40, 42, 31, 43, 21, 6, 24, 6, 34, 5, 16, 47, 41, 9, 20, 14, 20, 41, 36, 18, 43, 25, 17, 9]
[31, 37, 24, 49, 38, 8, 21, 9, 37, 38, 40, 6, 35, 43, 16, 20, 8, 40, 27, 21, 34, 43, 52, 17, 7]
[30, 28, 8, 39, 32, 51, 12, 35, 16, 50, 7, 32, 25, 40, 37, 7, 30, 37, 34, 18, 15, 22, 21, 20, 10]
[18, 29, 18, 10, 37, 43, 19, 15, 38, 7, 25, 39, 14, 25, 48, 27, 31, 37, 30, 9, 39, 46, 13, 43, 17]
[42, 22, 29, 47, 34, 15, 30, 14, 26, 17, 27, 50, 49, 26, 7, 13, 34, 31, 14, 10, 47, 9, 16, 51, 13]
[49, 38, 27, 28, 11, 8, 17, 15, 48, 7, 30, 29, 15, 39, 32, 22, 34, 5, 22, 39, 49, 17, 42, 42, 5]
[40, 27, 43, 22, 22, 28, 31, 37, 22, 9, 46, 50, 18, 10, 27, 52, 11, 36, 24, 13, 4, 50, 18, 25, 5]
[23, 27, 37, 6, 24, 10, 40, 12, 14, 30, 24, 51, 16, 45, 46, 27, 7, 42, 16, 21, 4, 36, 6, 42, 32]
[46, 10, 30, 52, 52, 36, 21, 26, 41, 8, 45, 17, 32, 22, 16, 14, 35, 24, 33, 39, 45, 5, 36, 9, 28]
[30, 34, 42, 50, 37, 45, 35, 4, 24, 4, 43, 16, 35, 36, 9, 47, 5, 21, 27, 45, 24, 18, 29, 32, 7]
[28, 18, 9, 38, 4, 5, 47, 41, 19, 39, 35, 26, 28, 32, 4, 6, 30, 20, 7, 30, 31, 11, 43, 38, 30]
[36, 34, 35, 20, 17, 13, 30, 23, 47, 24, 33, 5, 19, 32, 20, 9, 12, 24, 23, 43, 21, 13, 30, 6, 10]
[27, 49, 14, 52, 30, 14, 39, 36, 12, 5, 5, 45, 40, 13, 11, 20, 10, 24, 38, 15, 14, 30, 24, 16, 19]
[36, 14, 38, 7, 35, 29, 39, 21, 19, 13, 30, 32, 38, 51, 36, 34, 33, 32, 18, 45, 10, 24, 41, 21, 46]
[46, 42, 17, 36, 15, 32, 24, 15, 13, 42, 26, 24, 47, 46, 34, 40, 18, 28, 40, 9, 33, 31, 20, 22, 49]
[49, 24, 12, 26, 26, 19, 15, 25, 15, 24, 45, 38, 26, 16, 13, 12, 28, 23, 8, 34, 25, 13, 22, 52, 6]
[13, 30, 27, 43, 36, 5, 30, 28, 32, 15, 9, 30, 21, 24, 25, 24, 18, 20, 16, 43, 43, 51, 13, 37, 6]
[29, 10, 23, 49, 26, 13, 13, 20, 31, 20, 40, 9, 35, 9, 39, 21, 15, 45, 28, 49, 30, 36, 31, 30, 36]
[47, 36, 7, 32, 49, 16, 50, 26, 19, 39, 12, 21, 26, 42, 15, 26, 28, 8, 46, 50, 30, 19, 21, 22, 44]
[21, 39, 33, 20, 31, 52, 15, 32, 23, 37, 37, 46, 25, 35, 21, 51, 13, 52, 48, 9, 43, 32, 12, 32, 19]
[43, 31, 10, 49, 51, 19, 10, 38, 24, 28, 23, 28, 31, 28, 20, 35, 35, 10, 38, 33, 30, 52, 13, 47, 40]
[17, 34, 33, 35, 6, 46, 11, 34, 39, 29, 48, 39, 39, 41, 22, 25, 4, 42, 7, 26, 24, 12, 45, 28, 36]
[21, 47, 34, 14, 10, 51, 17, 11, 42, 51, 33, 24, 27, 5, 24, 52, 45, 5, 12, 20, 10, 26, 11, 29, 48]
[49, 9, 13, 43, 45, 5, 49, 45, 35, 31, 52, 40, 42, 40, 29, 31, 10, 19, 31, 34, 10, 40, 22, 30, 32]
[33, 17, 7, 11, 18, 6, 13, 46, 9, 37, 29, 44, 42, 27, 47, 28, 8, 8, 49, 11, 43, 38, 51, 17, 37]
[8, 23, 17, 21, 35, 16, 43, 5, 4, 45, 15, 41, 50, 20, 31, 24, 15, 13, 25, 15, 26, 42, 22, 52, 21]
[19, 20, 12, 10, 11, 11, 11, 18, 24, 38, 18, 39, 49, 18, 45, 48, 14, 9, 15, 41, 33, 10, 4, 51, 42]
[4, 29, 50, 40, 10, 7, 21, 18, 28, 22, 14, 47, 22, 47, 36, 17, 25, 9, 4, 48, 8, 10, 31, 5, 6]
[17, 9, 22, 46, 39, 29, 37, 47, 30, 49, 37, 21, 40, 36, 33, 37, 40, 38, 23, 33, 22, 52, 4, 31, 36]
[26, 45, 8, 24, 24, 32, 47, 8, 8, 40, 23, 19, 29, 46, 4, 49, 12, 28, 16, 23, 6, 5, 24, 36, 8]
[37, 22, 44, 23, 22, 9, 14, 26, 33, 41, 19, 31, 42, 37, 41, 22, 19, 33, 48, 51, 22, 17, 6, 26, 21]
[31, 44, 34, 34, 45, 30, 16, 48, 11, 14, 30, 37, 41, 43, 4, 6, 4, 33, 49, 6, 30, 40, 21, 10, 50]
[39, 37, 38, 31, 22, 47, 13, 23, 17, 21, 32, 8, 45, 14, 28, 49, 50, 15, 8, 29, 24, 24, 17, 7, 27]
[6, 6, 16, 10, 36, 12, 12, 29, 46, 45, 5, 48, 11, 45, 16, 20, 52, 51, 5, 29, 17, 51, 26, 51, 6]
[5, 30, 38, 23, 32, 48, 23, 31, 14, 20, 28, 23, 50, 4, 36, 35, 8, 27, 34, 28, 19, 11, 41, 43, 34]
[35, 49, 50, 12, 17, 28, 44, 35, 26, 40, 17, 48, 15, 30, 11, 18, 29, 19, 48, 38, 9, 41, 34, 38, 33]
[49, 27, 51, 22, 25, 29, 43, 47, 11, 42, 23, 37, 42, 22, 21, 8, 15, 41, 15, 36, 11, 17, 6, 37, 21]
[16, 48, 19, 34, 7, 42, 22, 13, 35, 11, 40, 41, 14, 50, 37, 8, 46, 35, 25, 29, 23, 27, 25, 18, 13]
[11, 10, 10, 8, 47, 46, 18, 18, 5, 5, 35, 20, 23, 41, 19, 7, 26, 4, 47, 45, 40, 14, 28, 28, 23]
[19, 8, 32, 44, 8, 20, 7, 35, 34, 23, 48, 36, 17, 22, 35, 51, 28, 21, 28, 16, 13, 16, 9, 11, 11]
[43, 31, 15, 49, 22, 4, 25, 43, 37, 48, 40, 11, 11, 38, 5, 28, 37, 49, 8, 42, 23, 31, 11, 23, 39]
[15, 14, 40, 38, 14, 20, 28, 19, 42, 13, 46, 45, 7, 21, 18, 16, 25, 11, 28, 20, 13, 5, 48, 4, 5]
[42, 6, 46, 40, 27, 25, 8, 20, 52, 33, 16, 30, 13, 20, 26, 32, 47, 29, 28, 35, 39, 10, 48, 15, 20]
[25, 20, 50, 25, 42, 40, 40, 39, 23, 35, 10, 43, 31, 9, 19, 21, 48, 21, 29, 38, 29, 24, 19, 34, 47]
[25, 49, 23, 10, 38, 13, 5, 29, 25, 48, 21, 15, 11, 7, 20, 48, 7, 50, 12, 18, 18, 34, 27, 50, 37]
[32, 13, 32, 18, 46, 41, 25, 39, 28, 12, 26, 22, 28, 25, 36, 4, 15, 22, 7, 27, 47, 21, 32, 52, 50]
[41, 27, 40, 33, 33, 48, 47, 43, 45, 23, 27, 21, 21, 12, 21, 31, 30, 9, 21, 46, 33, 39, 32, 34, 25]
[9, 32, 27, 50, 24, 12, 29, 27, 14, 27, 15, 52, 31, 4, 15, 41, 39, 8, 10, 46, 12, 19, 32, 20, 14]
[41, 13, 13, 18, 41, 48, 43, 33, 28, 25, 49, 32, 51, 11, 43, 6, 40, 50, 43, 46, 37, 34, 27, 45, 49]
[35, 26, 29, 33, 43, 34, 20, 15, 4, 34, 47, 41, 7, 38, 27, 39, 20, 41, 52, 46, 24, 28, 24, 16, 41]
[6, 31, 32, 43, 50, 16, 30, 8, 34, 24, 4, 21, 32, 5, 42, 43, 34, 45, 24, 29, 36, 18, 18, 48, 37]
[44, 31, 42, 22, 19, 12, 14, 22, 13, 34, 50, 43, 16, 44, 21, 31, 34, 41, 37, 26, 42, 17, 34, 44, 10]
[43, 33, 30, 17, 26, 49, 52, 37, 21, 26, 47, 16, 48, 46, 38, 32, 27, 14, 31, 31, 37, 46, 12, 15, 12]
[34, 23, 28, 32, 44, 15, 41, 9, 45, 27, 10, 37, 49, 30, 6, 5, 15, 34, 15, 6, 38, 20, 16, 7, 5]
[35, 48, 20, 36, 31, 39, 40, 41, 14, 36, 50, 11, 16, 31, 13, 5, 47, 32, 11, 6, 51, 37, 24, 30, 12]
[25, 44, 19, 11, 42, 24, 45, 30, 21, 17, 22, 23, 20, 13, 25, 46, 7, 39, 39, 48, 38, 31, 31, 35, 48]
[36, 29, 30, 37, 4, 38, 46, 20, 46, 17, 38, 22, 29, 50, 26, 22, 49, 40, 52, 51, 15, 10, 13, 34, 31]
[7, 52, 36, 5, 16, 6, 14, 13, 21, 43, 37, 16, 30, 21, 17, 15, 23, 40, 31, 21, 5, 34, 17, 26, 27]
[17, 48, 8, 45, 44, 20, 33, 45, 18, 21, 9, 37, 19, 16, 6, 5, 21, 9, 19, 30, 33, 18, 30, 29, 49]
[50, 48, 29, 52, 19, 20, 16, 48, 21, 32, 46, 50, 8, 21, 26, 26, 39, 48, 28, 13, 47, 51, 21, 23, 25]
[10, 22, 5, 17, 47, 16, 22, 12, 51, 48, 27, 46, 13, 8, 29, 52, 49, 39, 10, 40, 19, 18, 9, 10, 20]
[6, 24, 31, 15, 18, 13, 38, 49, 51, 14, 16, 26, 37, 27, 50, 28, 45, 52, 4, 7, 15, 28, 5, 25, 34]
[17, 25, 31, 17, 36, 40, 34, 32, 25, 34, 10, 22, 7, 33, 47, 22, 12, 31, 47, 43, 7, 48, 43, 33, 19]
[37, 43, 32, 40, 24, 7, 21, 42, 6, 42, 6, 15, 22, 27, 26, 29, 24, 45, 7, 47, 39, 20, 34, 22, 42]
[44, 45, 24, 24, 44, 7, 4, 7, 16, 38, 37, 50, 33, 10, 19, 17, 17, 16, 48, 11, 18, 17, 21, 50, 23]
[33, 33, 22, 20, 7, 39, 36, 28, 32, 26, 30, 32, 46, 22, 5, 33, 42, 19, 7, 23, 26, 44, 19, 24, 4]
[46, 41, 32, 27, 16, 34, 51, 6, 10, 48, 13, 35, 9, 36, 32, 15, 33, 49, 16, 5, 23, 38, 20, 45, 17]
[24, 9, 10, 40, 4, 36, 41, 27, 43, 44, 31, 49, 41, 14, 18, 44, 26, 43, 27, 12, 36, 33, 30, 14, 38]
[16, 17, 39, 22, 16, 29, 42, 14, 16, 29, 36, 21, 17, 26, 10, 30, 11, 30, 40, 33, 21, 9, 47, 33, 16]
[19, 9, 43, 15, 7, 4, 24, 44, 51, 6, 18, 8, 33, 27, 11, 30, 50, 37, 19, 13, 9, 31, 16, 19, 7]
[52, 40, 14, 41, 47, 6, 11, 36, 12, 45, 26, 17, 35, 28, 13, 13, 28, 48, 12, 16, 51, 16, 22, 14, 23]
[37, 37, 7, 14, 16, 41, 21, 30, 42, 50, 10, 24, 19, 5, 48, 18, 5, 31, 47, 30, 39, 19, 28, 29, 22]
[16, 32, 27, 30, 19, 46, 31, 34, 11, 12, 9, 34, 43, 30, 30, 14, 43, 16, 32, 20, 35, 42, 16, 6, 43]
[32, 39, 47, 36, 16, 25, 33, 23, 52, 9, 51, 20, 18, 23, 18, 40, 11, 46, 27, 49, 21, 12, 33, 14, 9]
[24, 39, 36, 48, 34, 17, 5, 24, 38, 30, 21, 34, 42, 15, 52, 31, 35, 50, 33, 19, 4, 37, 8, 21, 41]
[42, 38, 9, 46, 21, 22, 5, 48, 33, 4, 6, 10, 7, 49, 16, 39, 36, 39, 24, 35, 20, 4, 28, 50, 47]
[7, 5, 47, 36, 29, 27, 39, 39, 40, 4, 22, 35, 41, 41, 18, 14, 39, 36, 22, 15, 35, 20, 32, 21, 32]
[34, 44, 28, 52, 30, 33, 26, 47, 47, 19, 35, 31, 10, 8, 20, 47, 47, 41, 25, 11, 30, 22, 50, 36, 20]
[32, 35, 11, 36, 27, 39, 29, 35, 23, 8, 43, 23, 28, 28, 27, 10, 37, 45, 34, 4, 27, 7, 31, 26, 51]
[52, 36, 19, 21, 18, 7, 37, 26, 29, 52, 44, 33, 34, 18, 23, 45, 28, 19, 16, 17, 26, 16, 4, 22, 45]
[6, 18, 48, 25, 21, 28, 32, 22, 43, 50, 20, 34, 6, 14, 45, 29, 44, 37, 42, 22, 52, 41, 10, 7, 38]
[14, 29, 39, 32, 36, 31, 6, 49, 34, 49, 40, 40, 27, 16, 33, 44, 40, 8, 26, 36, 11, 16, 52, 46, 9]
[39, 49, 35, 9, 14, 46, 46, 52, 38, 28, 6, 5, 27, 33, 48, 50, 22, 21, 32, 32, 5, 14, 29, 19, 25]
[23, 42, 25, 43, 52, 29, 27, 40, 5, 52, 11, 9, 22, 36, 43, 27, 51, 5, 36, 22, 10, 12, 25, 45, 12]
[11, 5, 38, 7, 5, 12, 28, 7, 52, 51, 14, 11, 36, 7, 29, 40, 22, 41, 14, 18, 35, 37, 23, 49, 44]
[13, 5, 29, 48, 50, 25, 27, 25, 36, 15, 20, 24, 6, 12, 12, 17, 45, 16, 36, 32, 43, 15, 40, 24, 24]
[25, 33, 34, 51, 23, 38, 25, 5, 38, 32, 44, 28, 37, 29, 37, 16, 18, 41, 11, 41, 9, 17, 20, 50, 9]
[29, 50, 23, 45, 25, 40, 25, 6, 29, 28, 37, 5, 14, 30, 41, 9, 18, 45, 6, 22, 18, 4, 12, 27, 35]
[30, 23, 45, 16, 42, 30, 7, 31, 12, 14, 52, 39, 30, 50, 32, 46, 21, 37, 50, 49, 21, 39, 46, 52, 23]
[6, 41, 35, 14, 35, 38, 12, 33, 19, 10, 16, 29, 23, 4, 34, 37, 47, 46, 39, 52, 33, 49, 37, 46, 16]
[15, 40, 6, 18, 13, 10, 49, 46, 6, 4, 50, 34, 20, 38, 39, 5, 46, 28, 10, 46, 26, 37, 31, 36, 30]
[28, 14, 32, 50, 20, 19, 6, 19, 50, 18, 29, 36, 19, 49, 19, 49, 9, 35, 40, 37, 20, 22, 34, 36, 47]
[34, 17, 40, 34, 29, 18, 38, 24, 34, 39, 11, 9, 48, 47, 42, 44, 47, 35, 50, 51, 10, 50, 33, 23, 47]
[46, 51, 13, 49, 41, 26, 32, 9, 6, 47, 5, 35, 39, 49, 37, 28, 23, 35, 33, 49, 50, 25, 10, 15, 51]
[47, 26, 45, 30, 47, 12, 45, 7, 8, 21, 32, 42, 4, 19, 8, 39, 33, 12, 19, 31, 40, 11, 45, 22, 17]
[20, 42, 52, 21, 37, 5, 24, 39, 10, 21, 18, 45, 51, 35, 51, 22, 8, 5, 8, 16, 9, 42, 35, 31, 28]
[36, 25, 25, 35, 10, 37, 41, 22, 45, 46, 36, 44, 8, 22, 6, 47, 38, 4, 9, 36, 19, 8, 6, 21, 24]
[12, 12, 19, 37, 6, 20, 38, 49, 7, 26, 49, 35, 43, 49, 32, 16, 47, 12, 51, 48, 25, 42, 47, 52, 4]
[42, 29, 52, 13, 28, 33, 25, 10, 36, 47, 51, 40, 19, 20, 18, 13, 48, 11, 18, 26, 39, 27, 16, 13, 35]
[30, 48, 20, 4, 32, 23, 26, 33, 17, 10, 28, 28, 38, 8, 40, 28, 17, 32, 27, 21, 22, 25, 20, 37, 46]
[15, 51, 6, 51, 39, 15, 16, 36, 16, 42, 36, 24, 50, 30, 15, 17, 45, 51, 9, 34, 29, 32, 36, 40, 43]
[18, 17, 20, 52, 9, 7, 48, 41, 8, 19, 25, 31, 18, 23, 33, 41, 11, 41, 19, 26, 40, 30, 46, 39, 49]
[25, 34, 12, 31, 47, 10, 4, 44, 40, 19, 27, 52, 30, 48, 16, 38, 49, 13, 5, 7, 16, 31, 6, 18, 15]
[5, 42, 42, 38, 36, 8, 39, 32, 37, 47, 26, 21, 7, 11, 51, 11, 32, 49, 17, 8, 5, 45, 15, 24, 14]
[22, 27, 18, 22, 31, 16, 24, 19, 8, 47, 22, 9, 43, 13, 8, 40, 39, 34, 44, 42, 8, 4, 48, 38, 13]
[44, 20, 45, 51, 42, 45, 37, 52, 32, 38, 32, 6, 22, 13, 27, 34, 44, 26, 19, 25, 6, 9, 46, 50, 46]
[21, 46, 23, 35, 19, 33, 14, 25, 38, 6, 25, 49, 38, 33, 10, 49, 49, 4, 46, 18, 35, 8, 34, 28, 16]
[17, 6, 51, 28, 40, 27, 20, 27, 36, 23, 4, 5, 23, 18, 30, 51, 37, 13, 43, 18, 42, 48, 8, 25, 17]
[31, 48, 26, 28, 29, 25, 17, 21, 39, 10, 36, 26, 26, 12, 4, 48, 13, 44, 17, 38, 23, 49, 17, 40, 8]
[4, 45, 7, 46, 25, 43, 31, 10, 7, 31, 27, 17, 52, 47, 41, 46, 11, 48, 34, 31, 41, 33, 45, 16, 19]
[15, 20, 46, 7, 51, 19, 23, 26, 18, 11, 7, 45, 27, 50, 27, 4, 27, 51, 8, 33, 44, 44, 32, 49, 42]
[28, 45, 15, 46, 40, 23, 27, 16, 30, 34, 30, 40, 17, 19, 40, 47, 28, 10, 26, 7, 45, 23, 7, 47, 22]
[4, 34, 49, 40, 6, 14, 4, 49, 22, 13, 6, 38, 34, 19, 7, 25, 22, 9, 12, 31, 33, 44, 10, 23, 11]
[8, 51, 33, 28, 48, 32, 16, 19, 33, 28, 45, 11, 25, 16, 32, 16, 11, 17, 50, 18, 7, 9, 42, 23, 23]
[50, 21, 17, 48, 26, 40, 37, 14, 18, 16, 40, 45, 11, 35, 34, 31, 51, 28, 29, 35, 32, 41, 13, 52, 30]
[23, 18, 8, 44, 38, 47, 10, 41, 33, 17, 15, 51, 38, 25, 5, 51, 13, 46, 14, 23, 44, 19, 37, 11, 50]
[46, 7, 38, 23, 50, 24, 28, 30, 31, 41, 33, 8, 34, 9, 9, 45, 44, 5, 26, 32, 27, 21, 13, 4, 4]
[10, 21, 36, 21, 27, 21, 30, 26, 23, 22, 44, 27, 30, 34, 47, 45, 32, 48, 19, 14, 21, 26, 23, 51, 18]
[30, 26, 31, 33, 4, 11, 51, 7, 23, 25, 4, 6, 12, 43, 42, 29, 46, 13, 47, 28, 23, 14, 17, 13, 32]
[32, 50, 18, 7, 50, 18, 52, 51, 4, 5, 42, 26, 22, 43, 5, 47, 36, 30, 26, 13, 14, 16, 4, 20, 41]
[4, 33, 44, 40, 5, 7, 22, 6, 40, 31, 11, 36, 38, 16, 45, 18, 15, 47, 28, 42, 29, 24, 14, 42, 47]
[11, 41, 39, 21, 4, 14, 33, 12, 17, 33, 11, 15, 35, 35, 29, 50, 32, 35, 42, 28, 9, 48, 47, 24, 18]
[8, 4, 13, 19, 52, 11, 25, 43, 21, 35, 39, 10, 48, 22, 41, 41, 26, 25, 13, 39, 13, 40, 30, 28, 43]
[6, 13, 23, 16, 18, 13, 32, 36, 15, 6, 17, 52, 42, 52, 9, 40, 21, 42, 52, 29, 21, 41, 8, 11, 22]
[5, 8, 4, 27, 41, 20, 50, 39, 46, 44, 5, 15, 32, 48, 10, 20, 44, 7, 41, 5, 51, 16, 7, 30, 23]
[25, 14, 15, 26, 34, 44, 10, 17, 52, 16, 33, 10, 21, 35, 32, 50, 27, 52, 35, 7, 36, 16, 14, 39, 20]
[23, 42, 14, 9, 28, 14, 42, 39, 7, 25, 30, 18, 36, 49, 47, 42, 48, 14, 20, 23, 26, 11, 52, 27, 28]
[21, 16, 46, 40, 32, 44, 13, 18, 13, 23, 20, 46, 20, 32, 23, 33, 33, 29, 31, 21, 15, 26, 49, 19, 28]
[34, 45, 35, 39, 20, 22, 39, 26, 48, 21, 12, 51, 10, 23, 18, 18, 23, 25, 32, 33, 17, 28, 50, 13, 8]
[41, 28, 46, 44, 22, 24, 18, 23, 28, 34, 31, 27, 31, 24, 49, 5, 37, 34, 40, 23, 31, 25, 27, 36, 7]
[15, 23, 36, 43, 43, 46, 35, 52, 35, 51, 16, 18, 47, 32, 45, 41, 9, 6, 32, 5, 10, 21, 18, 34, 26]
[16, 32, 46, 49, 8, 51, 15, 11, 12, 16, 25, 23, 12, 47, 6, 4, 39, 47, 45, 47, 12, 8, 31, 39, 50]
[52, 35, 30, 26, 52, 6, 14, 17, 40, 36, 12, 18, 10, 42, 6, 32, 45, 30, 10, 24, 11, 52, 16, 24, 28]
[41, 40, 38, 42, 10, 48, 38, 22, 49, 4, 33, 16, 16, 5, 12, 16, 29, 49, 45, 7, 51, 35, 20, 12, 41]
[15, 11, 14, 49, 50, 18, 14, 9, 7, 16, 34, 26, 47, 9, 16, 38, 48, 42, 39, 14, 37, 25, 9, 10, 7]
[51, 16, 7, 46, 4, 28, 26, 48, 6, 40, 4, 52, 49, 12, 48, 37, 43, 49, 17, 5, 18, 28, 7, 47, 14]
[44, 46, 4, 6, 35, 41, 37, 20, 49, 11, 34, 18, 51, 15, 36, 26, 20, 17, 46, 26, 41, 18, 22, 29, 29]
[14, 23, 43, 8, 43, 29, 46, 20, 15, 26, 50, 5, 26, 39, 35, 17, 31, 44, 20, 13, 14, 46, 40, 16, 5]
[26, 31, 11, 33, 34, 11, 26, 6, 13, 24, 49, 46, 18, 26, 32, 46, 51, 44, 44, 28, 35, 39, 20, 46, 31]
[34, 37, 14, 35, 40, 4, 41, 15, 37, 49, 35, 47, 12, 19, 44, 4, 27, 17, 19, 29, 27, 45, 37, 6, 36]
[27, 43, 48, 41, 42, 44, 11, 42, 13, 13, 31, 32, 33, 15, 45, 42, 23, 27, 36, 17, 34, 52, 43, 11, 42]
[21, 47, 13, 44, 35, 42, 6, 25, 13, 14, 23, 33, 16, 48, 35, 48, 10, 47, 43, 4, 38, 16, 31, 30, 14]
[41, 11, 51, 34, 26, 35, 19, 14, 37, 50, 35, 36, 36, 46, 28, 45, 40, 30, 44, 42, 50, 5, 33, 27, 20]
[9, 21, 17, 7, 47, 8, 44, 13, 5, 34, 6, 7, 45, 34, 50, 26, 4, 37, 38, 20, 37, 46, 5, 23, 31]
[50, 36, 6, 25, 4, 21, 20, 24, 9, 6, 13, 21, 8, 16, 52, 23, 25, 4, 52, 42, 48, 11, 40, 48, 50]
[5, 31, 12, 13, 23, 13, 19, 7, 32, 13, 14, 43, 49, 45, 42, 11, 33, 28, 49, 52, 5, 20, 52, 41, 40]
[24, 18, 10, 39, 20, 52, 29, 24, 17, 20, 11, 39, 29, 31, 37, 35, 17, 17, 16, 21, 43, 29, 22, 14, 30]
[21, 19, 7, 36, 5, 35, 25, 29, 30, 21, 24, 20, 30, 34, 28, 23, 31, 38, 26, 19, 42, 33, 6, 5, 38]
[33, 38, 39, 37, 47, 7, 46, 9, 22, 49, 45, 27, 29, 36, 16, 18, 24, 10, 16, 20, 44, 35, 9, 43, 11]
[20, 8, 33, 40, 27, 37, 41, 26, 46, 50, 37, 13, 25, 38, 26, 11, 9, 29, 29, 41, 32, 34, 46, 33, 37]
[15, 14, 49, 34, 39, 13, 23, 11, 14, 4, 38, 39, 24, 41, 17, 41, 34, 37, 6, 27, 46, 32, 18, 48, 20]
[48, 5, 29, 31, 50, 52, 6, 19, 12, 20, 40, 7, 52, 36, 42, 52, 9, 49, 42, 47, 27, 51, 35, 7, 41]
[38, 46, 47, 17, 8, 38, 52, 17, 18, 46, 51, 13, 16, 34, 30, 33, 23, 14, 51, 24, 32, 38, 30, 20, 12]
