[8, 42, 10, 4, 34, 22, 13, 5, 23, 22, 6, 48, 29, 29, 30, 33, 25, 40, 13, 46, 28, 10, 22, 47, 4]
[22, 13, 41, 38, 35, 11, 16, 34, 36, 30, 45, 47, 35, 39, 39, 7, 41, 19, 35, 5, 46, 9, 52, 10, 12]
[44, 34, 11, 7, 7, 12, 4, 38, 25, 33, 17, 41, 29, 51, 8, 44, 10, 15, 26, 27, 5, 19, 38, 44, 32]
[29, 16, 48, 51, 34, 45, 28, 26, 24, 26, 42, 37, 34, 13, 36, 40, 51, 43, 24, 15, 7, 16, 18, 42, 48]
[13, 49, 19, 22, 7, 6, 51, 28, 12, 27, 8, 15, 41, 34, 44, 23, 25, 45, 15, 25, 5, 28, 31, 16, 23]
[47, 13, 30, 30, 28, 17, 47, 24, 41, 6, 7, 12, 31, 37, 45, 20, 9, 29, 8, 27, 36, 16, 19, 48, 33]
[30, 33, 46, 13, 35, 40, 52, 20, 14, 16, 45, 43, 45, 7, 35, 45, 37, 26, 47, 40, 12, 49, 51, 39, 36]
[49, 10, 6, 4, 19, 38, 39, 47, 36, 41, 17, 36, 11, 14, 15, 33, 52, 33, 8, 46, 48, 4, 31, 17, 17]
[29, 24, 16, 11, 25, 39, 50, 37, 39, 50, 4, 24, 23, 48, 33, 45, 40, 13, 39, 30, 11, 27, 4, 19, 23]
[48, 15, 22, 41, 46, 22, 39, 5, 41, 43, 16, 52, 6, 24, 22, 20, 49, 27, 20, 39, 12, 6, 24, 4, 31]
[24, 41, 25, 5, 41, 23, 18, 27, 27, 25, 8, 5, 9, 20, 49, 13, 5, 36, 43, 51, 45, 40, 23, 30, 11]
[9, 7, 31, 28, 10, 15, 26, 12, 12, 12, 26, 43, 43, 52, 37, 43, 41, 9, 15, 28, 26, 51, 4, 37, 14]
[20, 31, 39, 49, 31, 45, 16, 29, 8, 45, 21, 34, 32, 44, 25, 29, 23, 8, 46, 45, 48, 15, 47, 39, 51]
[34, 41, 41, 14, 52, 43, 44, 17, 14, 22, 24, 23, 27, 36, 5, 18, 30, 31, 43, 44, 20, 29, 12, 41, 32]
[14, 15, 19, 41, 22, 39, 32, 31, 19, 47, 39, 34, 45, 10, 23, 25, 25, 12, 29, 49, 22, 50, 45, 38, 43]
[19, 51, 48, 11, 23, 33, 38, 49, 48, 28, 39, 51, 7, 21, 23, 21, 43, 41, 4, 21, 16, 24, 8, 15, 41]
[50, 45, 23, 5, 27, 24, 27, 51, 32, 40, 13, 5, 10, 5, 4, 32, 42, 32, 36, 31, 40, 22, 15, 13, 26]
[34, 27, 16, 45, 30, 4, 9, 23, 43, 30, 22, 51, 51, 19, 38, 12, 4, 24, 29, 8, 51, 29, 39, 41, 41]
[34, 20, 9, 9, 31, 34, 38, 23, 8, 31, 45, 32, 34, 48, 35, 23, 34, 47, 34, 37, 15, 24, 12, 48, 28]
[27, 18, 50, 19, 7, 22, 10, 34, 44, 17, 46, 7, 45, 22, 17, 14, 39, 18, 51, 6, 37, 29, 41, 25, 49]
[50, 9, 52, 6, 25, 8, 40, 11, 52, 23, 44, 40, 47, 46, 26, 5, 41, 25, 5, 10, 26, 43, 9, 36, 7]
[16, 21, 44, 7, 10, 43, 38, 52, 45, 44, 13, 15, 52, 11, 31, 40, 23, 51, 31, 32, 47, 36, 9, 45, 49]
[11, 21, 38, 46, 39, 28, 11, 44, 15, 35, 21, 34, 33, 15, 27, 18, 34, 5, 13, 49, 17, 41, 49, 7, 33]
[47, 24, 33, 16, 32, 12, 42, 50, 42, 13, 10, 16, 30, 52, 8, 30, 8, 16, 22, 12, 23, 41, 16, 28, 30]
[49, 40, 38, 7, 17, 29, 50, 39, 45, 40, 8, 18, 17, 8, 16, 9, 50, 42, 9, 41, 29, 47, 48, 22, 14]
[41, 19, 6, 30, 10, 45, 12, 12, 50, 37, 44, 25, 19, 47, 17, 17, 15, 40, 37, 38, 13, 11, 38, 33, 52]
[26, 38, 45, 50, 31, 5, 30, 16, 23, 13, 8, 6, 52, 21, 37, 45, 35, 43, 12, 16, 33, 42, 30, 47, 18]
[47, 13, 42, 28, 20, 42, 12, 4, 21, 46, 19, 32, 16, 25, 16, 17, 15, 49, 18, 18, 7, 27, 23, 23, 21]
[30, 18, 40, 44, 26, 12, 38, 48, 4, 43, 48, 36, 8, 45, 15, 50, 29, 24, 12, 46, 22, 32, 20, 13, 9]
[20, 35, 32, 8, 42, 19, 9, 7, 17, 19, 39, 46, 35, 17, 14, 18, 11, 7, 50, 18, 19, 44, 46, 39, 43]
[5, 7, 4, 27, 30, 44, 50, 40, 35, 15, 21, 26, 24, 10, 25, 15, 38, 6, 50, 19, 40, 21, 26, 9, 33]
[35, 42, 37, 24, 20, 44, 4, 21, 16, 19, 47, 9, 17, 40, 20, 19, 44, 4, 42, 33, 21, 37, 9, 26, 33]
[36, 29, 4, 10, 48, 5, 34, 8, 51, 48, 7, 17, 14, 46, 39, 20, 14, 39, 48, 22, 47, 41, 34, 12, 35]
[18, 52, 27, 51, 20, 49, 7, 42, 13, 18, 24, 27, 5, 23, 33, 44, 17, 46, 11, 37, 8, 29, 22, 38, 24]
[34, 5, 14, 21, 13, 51, 52, 13, 49, 8, 20, 38, 21, 37, 44, 29, 18, 6, 31, 48, 39, 36, 23, 15, 26]
[37, 9, 45, 45, 12, 38, 37, 33, 25, 32, 48, 9, 6, 20, 18, 38, 20, 37, 33, 36, 33, 38, 22, 47, 17]
[49, 24, 27, 26, 38, 33, 45, 39, 14, 50, 11, 15, 7, 20, 10, 7, 46, 35, 15, 28, 52, 14, 30, 36, 33]
[44, 24, 28, 17, 12, 41, 13, 36, 38, 19, 28, 19, 33, 24, 12, 16, 35, 47, 22, 8, 24, 14, 12, 17, 19]
[44, 16, 24, 11, 50, 23, 35, 20, 18, 11, 39, 47, 19, 50, 24, 14, 16, 48, 49, 44, 45, 48, 14, 8, 12]
[26, 48, 37, 15, 41, 19, 7, 24, 29, 23, 32, 26, 43, 18, 51, 28, 9, 48, 28, 10, 7, 17, 23, 29, 44]
[18, 32, 6, 42, 30, 50, 43, 52, 24, 33, 6, 6, 17, 25, 50, 25, 20, 44, 37, 26, 30, 6, 24, 41, 36]
[37, 51, 40, 49, 48, 8, 11, 11, 37, 6, 47, 31, 20, 22, 16, 9, 12, 24, 6, 41, 8, 23, 8, 15, 52]
[34, 23, 47, 31, 30, 20, 47, 35, 35, 10, 49, 9, 37, 10, 25, 50, 27, 11, 11, 39, 35, 27, 16, 47, 23]
[30, 40, 17, 9, 27, 8, 38, 46, 17, 30, 42, 6, 38, 49, 13, 10, 12, 20, 12, 50, 30, 11, 8, 31, 32]
[45, 24, 26, 19, 13, 8, 36, 45, 41, 4, 33, 47, 15, 49, 40, 5, 9, 42, 13, 13, 15, 23, 15, 40, 46]
[48, 52, 6, 29, 13, 27, 52, 5, 23, 43, 47, 4, 9, 21, 38, 38, 4, 46, 31, 34, 44, 38, 14, 28, 9]
[13, 13, 21, 46, 19, 39, 43, 40, 8, 37, 26, 27, 13, 10, 14, 41, 47, 43, 27, 9, 35, 50, 46, 15, 37]
[9, 31, 26, 43, 23, 18, 40, 25, 8, 41, 31, 9, 12, 37, 44, 50, 48, 50, 44, 5, 50, 30, 42, 47, 30]
[20, 9, 32, 36, 49, 24, 15, 23, 44, 15, 37, 24, 29, 24, 11, 29, 46, 12, 11, 23, 29, 18, 18, 8, 5]
[46, 21, 15, 41, 27, 25, 47, 47, 6, 9, 15, 38, 14, 50, 40, 33, 22, 14, 16, 33, 22, 16, 17, 4, 21]
[19, 39, 20, 47, 25, 6, 35, 30, 19, 38, 15, 20, 46, 32, 33, 15, 26, 19, 14, 49, 45, 41, 41, 16, 16]
[37, 35, 37, 44, 10, 10, 28, 51, 7, 35, 11, 44, 16, 5, 29, 36, 51, 18, 51, 38, 42, 7, 35, 26, 17]
[6, 36, 23, 44, 36, 16, 42, 24, 47, 25, 21, 7, 46, 49, 52, 40, 28, 4, 34, 44, 24, 25, 43, 8, 33]
[13, 14, 26, 15, 41, 46, 21, 25, 12, 30, 45, 38, 34, 15, 46, 16, 40, 8, 49, 30, 32, 41, 51, 28, 27]
[6, 51, 34, 36, 40, 12, 38, 45, 40, 41, 8, 15, 13, 19, 20, 6, 15, 47, 40, 8, 9, 32, 42, 49, 14]
[52, 8, 38, 28, 28, 5, 44, 39, 36, 6, 38, 35, 35, 50, 52, 35, 36, 35, 10, 34, 30, 35, 37, 19, 51]
[4, 10, 34, 6, 51, 39, 19, 17, 9, 29, 45, 17, 20, 15, 4, 12, 28, 19, 39, 26, 24, 51, 32, 47, 34]
[34, 50, 43, 44, 19, 12, 31, 11, 46, 37, 37, 41, 36, 33, 25, 13, 15, 51, 52, 17, 40, 46, 27, 48, 4]
[46, 43, 13, 45, 18, 38, 5, 37, 17, 30, 42, 30, 44, 20, 6, 52, 44, 35, 44, 32, 38, 51, 42, 41, 42]
[48, 43, 21, 16, 42, 9, 27, 19, 16, 41, 29, 50, 48, 21, 52, 10, 24, 41, 39, 52, 43, 27, 20, 12, 5]
[32, 5, 17, 39, 35, 52, 47, 5, 27, 16, 32, 16, 20, 17, 16, 24, 33, 14, 7, 17, 31, 41, 39, 45, 44]
[29, 15, 36, 21, 4, 12, 22, 26, 8, 29, 16, 42, 49, 9, 22, 11, 50, 25, 43, 24, 51, 28, 46, 15, 17]
[28, 25, 39, 9, 45, 8, 28, 49, 26, 40, 43, 49, 27, 46, 17, 50, 31, 19, 16, 11, 46, 24, 4, 5, 32]
[45, 48, 20, 41, 17, 51, 46, 31, 30, 18, 50, 23, 5, 16, 43, 5, 22, 12, 44, 16, 17, 45, 24, 5, 4]
[29, 38, 46, 22, 30, 39, 52, 7, 46, 26, 22, 35, 49, 5, 19, 46, 5, 7, 47, 22, 32, 27, 40, 49, 31]
[21, 31, 25, 36, 14, 42, 42, 11, 21, 21, 23, 11, 32, 51, 36, 7, 32, 12, 51, 8, 43, 15, 25, 24, 31]
[50, 33, 45, 10, 5, 30, 25, 39, 48, 19, 25, 34, 43, 38, 39, 50, 10, 24, 50, 26, 9, 22, 45, 16, 28]
[12, 10, 45, 39, 42, 37, 45, 38, 36, 22, 9, 32, 4, 4, 23, 45, 51, 40, 18, 46, 28, 27, 31, 50, 46]
[5, 30, 30, 17, 45, 49, 20, 26, 9, 47, 45, 45, 31, 29, 36, 47, 26, 34, 45, 8, 18, 11, 40, 17, 26]
[35, 21, 4, 14, 45, 6, 26, 9, 37, 40, 15, 45, 17, 42, 19, 21, 21, 25, 27, 43, 37, 39, 36, 40, 23]
[22, 20, 5, 44, 44, 34, 39, 29, 4, 4, 11, 31, 4, 28, 31, 28, 14, 21, 21, 42, 30, 5, 11, 27, 35]
[17, 17, 26, 45, 29, 10, 30, 21, 26, 38, 38, 44, 45, 52, 36, 40, 48, 50, 43, 49, 48, 19, 37, 7, 38]
[27, 12, 29, 30, 37, 16, 8, 50, 25, 39, 40, 32, 9, 11, 44, 35, 15, 43, 15, 45, 4, 6, 39, 43, 7]
[27, 29, 52, 10, 5, 9, 16, 10, 5, 21, 5, 30, 41, 48, 49, 45, 51, 28, 11, 39, 7, 43, 49, 9, 28]
[40, 12, 38, 28, 20, 4, 24, 47, 44, 45, 4, 27, 8, 48, 19, 40, 15, 30, 33, 27, 36, 19, 9, 5, 22]
[42, 32, 36, 12, 19, 41, 40, 14, 5, 14, 48, 47, 5, 11, 12, 36, 18, 11, 52, 45, 10, 23, 27, 22, 15]
[42, 50, 43, 10, 36, 42, 29, 23, 41, 29, 17, 36, 13, 52, 4, 18, 45, 29, 28, 5, 10, 20, 35, 9, 5]
[8, 38, 24, 21, 22, 10, 36, 49, 44, 4, 35, 37, 42, 51, 4, 28, 45, 52, 47, 39, 9, 32, 12, 45, 7]
[49, 51, 39, 16, 33, 21, 38, 52, 29, 11, 46, 44, 38, 12, 49, 7, 42, 30, 52, 32, 19, 11, 33, 22, 16]
[27, 37, 26, 27, 9, 44, 41, 4, 17, 8, 45, 45, 22, 30, 20, 45, 8, 12, 21, 52, 38, 20, 36, 43, 19]
[10, 17, 51, 10, 19, 11, 42, 21, 10, 44, 5, 13, 32, 16, 6, 38, 38, 41, 48, 18, 21, 26, 15, 5, 7]
[21, 11, 35, 13, 19, 35, 10, 10, 22, 42, 23, 7, 52, 15, 37, 32, 17, 41, 22, 4, 25, 33, 31, 49, 39]
[18, 29, 25, 52, 18, 21, 13, 30, 40, 47, 41, 31, 18, 14, 23, 12, 36, 48, 32, 40, 18, 14, 44, 41, 29]
[23, 18, 47, 24, 30, 50, 35, 20, 31, 39, 48, 34, 27, 35, 28, 18, 34, 50, 12, 17, 37, 8, 29, 44, 31]
[31, 8, 13, 48, 24, 21, 17, 23, 28, 40, 25, 16, 28, 30, 25, 49, 33, 45, 39, 43, 24, 21, 44, 35, 29]
[27, 39, 11, 16, 38, 19, 48, 51, 41, 16, 23, 7, 17, 16, 15, 5, 19, 18, 11, 28, 46, 45, 47, 14, 29]
[26, 49, 25, 47, 6, 11, 8, 51, 6, 10, 46, 45, 29, 43, 26, 43, 43, 52, 52, 26, 43, 42, 38, 44, 10]
[31, 36, 45, 9, 40, 51, 41, 50, 51, 49, 39, 6, 47, 7, 43, 27, 5, 47, 7, 4, 23, 7, 7, 49, 37]
[39, 48, 32, 47, 4, 5, 26, 12, 48, 23, 32, 49, 52, 8, 52, 23, 7, 44, 44, 27, 18, 46, 21, 36, 19]
[52, 34, 10, 20, 14, 13, 12, 33, 16, 43, 12, 26, 34, 4, 34, 7, 15, 40, 50, 6, 38, 30, 38, 24, 20]
[38, 20, 8, 34, 36, 35, 12, 25, 13, 42, 13, 21, 40, 28, 9, 44, 35, 38, 34, 52, 46, 18, 34, 33, 18]
[20, 13, 31, 23, 47, 35, 52, 8, 44, 16, 21, 5, 12, 23, 8, 29, 46, 24, 7, 51, 43, 36, 14, 4, 35]
[7, 41, 9, 51, 13, 45, 44, 13, 37, 11, 51, 24, 42, 38, 6, 46, 39, 49, 10, 34, 26, 32, 29, 12, 22]
[15, 33, 38, 20, 10, 14, 26, 23, 39, 6, 52, 24, 37, 14, 44, 18, 46, 19, 29, 24, 25, 26, 8, 11, 50]
[29, 18, 44, 18, 44, 4, 28, 50, 14, 29, 33, 41, 25, 30, 49, 22, 32, 27, 44, 41, 50, 15, 43, 11, 33]
[25, 33, 44, 38, 16, 8, 20, 52, 19, 16, 9, 38, 19, 46, 10, 24, 18, 48, 12, 6, 51, 38, 28, 23, 6]
[48, 22, 35, 22, 31, 20, 15, 35, 31, 13, 7, 47, 47, 30, 9, 37, 42, 47, 9, 47, 16, 15, 18, 33, 41]
[36, 8, 22, 41, 25, 35, 17, 31, 39, 15, 16, 43, 11, 44, 24, 51, 39, 15, 45, 40, 34, 51, 16, 39, 44]
[26, 22, 27, 18, 28, 9, 44, 52, 41, 46, 42, 18, 18, 37, 27, 27, 7, 16, 37, 47, 6, 8, 52, 13, 44]
[6, 28, 47, 31, 6, 48, 46, 47, 35, 38, 19, 11, 28, 40, 31, 13, 5, 9, 23, 37, 32, 30, 5, 43, 49]
[13, 8, 29, 10, 51, 10, 24, 39, 44, 39, 36, 18, 10, 21, 19, 48, 7, 5, 19, 33, 39, 45, 12, 29, 21]
[6, 39, 10, 12, 44, 14, 18, 16, 11, 27, 32, 17, 49, 49, 7, 46, 25, 51, 38, 13, 41, 49, 41, 25, 36]
[14, 29, 32, 40, 40, 49, 24, 31, 12, 44, 30, 52, 16, 26, 31, 28, 10, 38, 35, 11, 7, 45, 17, 6, 12]
[32, 11, 36, 39, 47, 18, 9, 14, 10, 14, 18, 51, 24, 50, 33, 49, 32, 18, 32, 47, 30, 5, 10, 18, 31]
[33, 28, 23, 34, 49, 44, 36, 9, 52, 52, 8, 50, 18, 51, 19, 28, 21, 5, 47, 40, 20, 35, 32, 20, 34]
[5, 46, 4, 47, 40, 40, 42, 16, 9, 34, 11, 44, 26, 34, 26, 15, 51, 10, 31, 22, 4, 19, 35, 47, 40]
[33, 35, 29, 51, 26, 17, 15, 10, 46, 30, 24, 37, 25, 28, 31, 16, 18, 26, 10, 24, 18, 47, 28, 36, 14]
[41, 20, 6, 39, 50, 37, 36, 32, 42, 33, 26, 13, 41, 14, 27, 41, 11, 50, 50, 41, 17, 21, 25, 12, 4]
[13, 18, 6, 10, 32, 13, 25, 33, 22, 20, 44, 6, 24, 16, 7, 20, 15, 7, 17, 30, 48, 41, 26, 30, 23]
[12, 35, 24, 16, 34, 17, 45, 40, 6, 26, 39, 47, 28, 4, 8, 43, 48, 37, 52, 6, 24, 26, 19, 34, 34]
[39, 14, 12, 15, 40, 42, 37, 22, 7, 48, 12, 13, 21, 22, 19, 44, 18, 5, 10, 11, 15, 40, 39, 45, 50]
[38, 36, 28, 26, 38, 25, 48, 37, 33, 14, 19, 29, 29, 44, 7, 10, 11, 52, 38, 23, 27, 10, 35, 32, 5]
[49, 14, 40, 50, 41, 6, 47, 46, 33, 6, 45, 6, 24, 28, 42, 8, 41, 39, 48, 29, 33, 4, 42, 5, 41]
[14, 28, 25, 50, 48, 49, 31, 29, 23, 6, 25, 28, 48, 51, 26, 32, 45, 45, 23, 5, 4, 15, 8, 48, 30]
[40, 10, 46, 42, 35, 25, 18, 30, 12, 26, 50, 15, 5, 27, 18, 36, 39, 38, 43, 22, 22, 44, 19, 47, 28]
[50, 12, 6, 32, 49, 43, 19, 45, 12, 32, 26, 14, 11, 49, 41, 32, 22, 9, 40, 4, 41, 22, 24, 19, 10]
[18, 52, 46, 26, 34, 14, 13, 52, 24, 52, 37, 25, 24, 21, 17, 21, 8, 17, 46, 21, 25, 50, 48, 6, 10]
[32, 29, 5, 6, 33, 48, 44, 50, 17, 52, 16, 11, 10, 12, 7, 13, 45, 18, 8, 43, 31, 50, 51, 9, 35]
[11, 46, 13, 15, 40, 36, 31, 48, 23, 32, 46, 6, 37, 38, 21, 38, 14, 51, 10, 24, 16, 19, 13, 5, 29]
[29, 23, 37, 52, 49, 36, 32, 7, 7, 23, 35, 30, 48, 42, 51, 44, 20, 51, 46, 23, 41, 35, 7, 37, 51]
[16, 42, 41, 24, 18, 31, 32, 30, 26, 21, 29, 43, 29, 8, 40, 8, 38, 18, 26, 13, 4, 25, 48, 42, 33]
[41, 47, 38, 4, 15, 7, 34, 19, 36, 12, 33, 42, 8, 4, 42, 28, 50, 24, 31, 37, 7, 25, 27, 28, 39]
[35, 45, 34, 29, 14, 32, 31, 41, 51, 39, 35, 27, 31, 46, 30, 8, 6, 21, 24, 36, 9, 13, 38, 34, 17]
[46, 10, 51, 25, 52, 29, 9, 18, 14, 29, 22, 30, 44, 17, 15, 11, 33, 40, 11, 29, 11, 40, 32, 18, 42]
[36, 20, 50, 43, 51, 31, 16, 24, 25, 30, 39, 25, 32, 14, 52, 14, 32, 50, 24, 52, 9, 44, 7, 34, 25]
[11, 45, 20, 8, 9, 46, 33, 9, 43, 45, 47, 42, 24, 44, 23, 15, 47, 33, 18, 35, 7, 16, 43, 7, 12]
[9, 40, 35, 32, 25, 24, 5, 33, 31, 36, 12, 45, 34, 5, 11, 31, 26, 11, 35, 37, 49, 47, 18, 17, 9]
[7, 34, 16, 40, 5, 29, 18, 6, 10, 20, 22, 44, 47, 19, 14, 52, 15, 41, 51, 49, 31, 8, 35, 22, 23]
[24, 21, 11, 41, 35, 20, 34, 17, 47, 38, 21, 32, 45, 15, 44, 48, 51, 28, 34, 44, 44, 49, 10, 17, 50]
[7, 35, 8, 15, 48, 46, 24, 12, 10, 28, 27, 37, 10, 30, 49, 39, 14, 44, 44, 21, 35, 12, 45, 29, 43]
[23, 30, 43, 47, 48, 6, 36, 36, 6, 16, 23, 26, 19, 50, 52, 26, 50, 5, 44, 47, 46, 7, 11, 10, 37]
[31, 46, 24, 34, 30, 10, 18, 20, 30, 21, 31, 8, 30, 35, 4, 41, 38, 22, 7, 38, 41, 43, 32, 18, 32]
[25, 19, 13, 6, 44, 34, 8, 15, 5, 51, 21, 45, 18, 21, 29, 41, 16, 51, 15, 21, 38, 35, 39, 6, 32]
[42, 35, 37, 36, 42, 31, 18, 14, 35, 5, 14, 23, 42, 16, 13, 35, 5, 49, 25, 33, 34, 8, 13, 36, 24]
[17, 21, 46, 35, 11, 41, 29, 21, 44, 18, 27, 19, 20, 25, 46, 25, 28, 4, 40, 16, 18, 8, 51, 36, 31]
[39, 48, 46, 22, 37, 15, 25, 39, 38, 26, 6, 13, 20, 7, 9, 22, 24, 34, 51, 30, 13, 52, 35, 18, 41]
[34, 52, 51, 23, 25, 21, 17, 14, 33, 38, 52, 49, 17, 21, 5, 7, 11, 27, 20, 14, 5, 40, 21, 7, 44]
[52, 51, 34, 13, 38, 24, 47, 17, 13, 35, 41, 37, 32, 9, 24, 31, 32, 16, 23, 32, 17, 30, 47, 6, 30]
[5, 13, 18, 21, 17, 36, 25, 21, 35, 11, 46, 14, 32, 45, 6, 27, 38, 43, 32, 49, 18, 10, 52, 45, 5]
[48, 49, 16, 25, 35, 38, 21, 13, 27, 22, 32, 23, 35, 46, 36, 30, 42, 15, 38, 47, 42, 16, 43, 24, 16]
[18, 36, 24, 10, 33, 44, 9, 19, 27, 7, 11, 39, 25, 31, 11, 31, 33, 11, 36, 34, 48, 15, 19, 36, 26]
[16, 15, 22, 44, 28, 48, 47, 40, 10, 19, 15, 52, 10, 52, 27, 40, 14, 50, 47, 22, 15, 25, 7, 28, 27]
[29, 32, 14, 19, 44, 35, 17, 19, 30, 9, 42, 45, 32, 50, 42, 25, 47, 10, 50, 41, 8, 16, 22, 23, 6]
[44, 23, 23, 5, 44, 11, 9, 32, 37, 33, 51, 34, 50, 36, 42, 19, 29, 40, 8, 5, 11, 48, 27, 32, 42]
[22, 50, 50, 42, 11, 49, 43, 35, 42, 4, 9, 51, 28, 41, 38, 34, 51, 23, 38, 36, 38, 19, 41, 40, 44]
[30, 12, 15, 18, 35, 14, 6, 17, 39, 40, 37, 44, 36, 33, 18, 22, 44, 52, 48, 43, 26, 23, 28, 31, 15]
[42, 22, 22, 6, 9, 4, 18, 31, 28, 38, 32, 25, 41, 31, 23, 12, 16, 39, 45, 46, 29, 37, 50, 52, 22]
[14, 25, 37, 27, 16, 28, 52, 28, 20, 31, 32, 46, 15, 50, 11, 4, 12, 9, 51, 22, 31, 5, 47, 22, 7]
[27, 22, 42, 44, 24, 22, 4, 30, 4, 50, 50, 22, 11, 31, 42, 42, 42, 44, 27, 25, 12, 29, 47, 6, 19]
[36, 21, 40, 12, 47, 17, 30, 37, 28, 8, 37, 16, 32, 43, 24, 18, 39, 46, 36, 20, 36, 50, 47, 23, 8]
[39, 37, 17, 17, 39, 15, 19, 42, 11, 18, 38, 37, 52, 25, 49, 23, 35, 15, 6, 17, 23, 31, 46, 7, 25]
[31, 15, 20, 37, 8, 14, 41, 52, 51, 17, 4, 43, 17, 21, 10, 14, 38, 25, 31, 24, 18, 45, 21, 38, 29]
[21, 19, 50, 16, 46, 19, 39, 29, 11, 42, 28, 36, 49, 22, 27, 37, 46, 44, 19, 41, 50, 50, 10, 40, 37]
[10, 43, 13, 48, 11, 48, 31, 18, 13, 32, 47, 25, 19, 20, 39, 15, 19, 28, 20, 48, 18, 34, 28, 40, 37]
[5, 14, 14, 35, 16, 22, 24, 43, 47, 46, 11, 35, 29, 17, 22, 15, 48, 32, 9, 23, 52, 7, 38, 5, 13]
[51, 27, 24, 27, 11, 20, 9, 30, 12, 9, 18, 22, 49, 50, 40, 16, 12, 47, 33, 16, 51, 9, 11, 40, 51]
[13, 45, 17, 36, 18, 24, 39, 49, 16, 12, 14, 43, 32, 12, 47, 32, 18, 32, 51, 7, 52, 22, 17, 40, 5]
[5, 39, 23, 22, 29, 45, 11, 41, 37, 52, 8, 26, 31, 22, 51, 39, 34, 21, 27, 37, 25, 49, 20, 18, 6]
[45, 29, 6, 22, 37, 49, 49, 34, 37, 48, 12, 41, 37, 20, 26, 22, 17, 19, 26, 27, 51, 30, 7, 40, 34]
[36, 46, 38, 18, 26, 16, 36, 28, 10, 44, 19, 16, 16, 19, 7, 5, 36, 39, 39, 10, 22, 34, 6, 19, 23]
[51, 48, 33, 31, 52, 52, 42, 15, 6, 13, 7, 28, 25, 41, 22, 36, 27, 24, 41, 44, 25, 7, 16, 23, 7]
[42, 20, 29, 7, 42, 50, 14, 19, 19, 27, 22, 29, 23, 30, 50, 26, 16, 43, 51, 25, 39, 28, 11, 15, 27]
[31, 11, 35, 39, 50, 40, 20, 31, 16, 27, 20, 14, 13, 49, 9, 42, 34, 14, 28, 28, 21, 43, 15, 38, 7]
[23, 28, 40, 8, 31, 11, 33, 52, 25, 45, 37, 48, 24, 30, 13, 48, 52, 42, 27, 7, 52, 42, 4, 22, 32]
[23, 12, 18, 31, 7, 16, 23, 42, 4, 22, 38, 12, 38, 30, 18, 11, 7, 9, 50, 40, 5, 6, 51, 37, 22]
[22, 22, 7, 22, 35, 15, 4, 37, 5, 37, 28, 50, 45, 26, 7, 11, 8, 47, 13, 49, 28, 7, 27, 20, 30]
[35, 49, 42, 14, 44, 37, 38, 13, 14, 16, 26, 50, 28, 7, 9, 10, 14, 33, 6, 18, 11, 21, 14, 41, 14]
[33, 52, 46, 4, 8, 4, 18, 32, 46, 17, 49, 44, 40, 18, 21, 29, 31, 45, 50, 27, 15, 23, 34, 10, 47]
[23, 8, 11, 8, 32, 14, 19, 51, 20, 14, 22, 40, 38, 47, 14, 30, 46, 22, 46, 45, 50, 12, 45, 18, 46]
[18, 33, 31, 31, 11, 16, 36, 26, 24, 27, 24, 42, 18, 49, 30, 51, 8, 48, 11, 44, 15, 4, 48, 37, 38]
[22, 32, 40, 29, 30, 9, 24, 37, 50, 35, 19, 28, 51, 18, 26, 36, 34, 29, 11, 30, 38, 21, 42, 6, 18]
[44, 16, 30, 48, 42, 44, 10, 15, 8, 32, 27, 45, 37, 32, 31, 33, 18, 27, 14, 51, 50, 13, 17, 11, 39]
[51, 6, 16, 31, 43, 7, 12, 37, 43, 36, 8, 15, 9, 31, 23, 46, 15, 5, 28, 48, 27, 32, 41, 51, 44]
[24, 20, 39, 21, 45, 5, 8, 32, 16, 33, 31, 43, 27, 38, 19, 26, 42, 22, 35, 35, 28, 19, 43, 50, 30]
[8, 39, 29, 42, 52, 49, 11, 27, 30, 8, 30, 7, 8, 8, 44, 48, 8, 47, 47, 41, 47, 11, 45, 47, 12]
[44, 23, 26, 44, 12, 20, 44, 30, 44, 38, 42, 9, 36, 51, 35, 8, 34, 32, 37, 9, 26, 36, 16, 16, 32]
[35, 21, 12, 17, 31, 43, 41, 14, 9, 18, 43, 21, 31, 7, 20, 45, 26, 8, 17, 48, 27, 35, 30, 30, 7]
[33, 36, 23, 21, 40, 31, 14, 29, 12, 51, 49, 50, 51, 45, 29, 51, 19, 15, 15, 49, 37, 36, 30, 32, 37]
[40, 41, 14, 46, 23, 18, 13, 27, 26, 6, 25, 10, 23, 32, 25, 31, 46, 40, 40, 17, 31, 14, 16, 49, 16]
[47, 44, 51, 41, 12, 23, 14, 32, 36, 34, 39, 20, 39, 9, 18, 44, 34, 17, 35, 33, 42, 49, 44, 19, 51]
[23, 43, 34, 20, 49, 16, 23, 39, 33, 42, 45, 21, 41, 50, 30, 22, 21, 20, 16, 50, 16, 21, 37, 46, 22]
[4, 7, 19, 11, 16, 16, 51, 4, 29, 17, 48, 43, 14, 48, 30, 42, 18, 26, 14, 41, 17, 10, 19, 12, 42]
[15, 38, 27, 4, 20, 50, 46, 40, 43, 32, 12, 6, 13, 4, 39, 9, 43, 26, 13, 17, 34, 22, 50, 23, 17]
[19, 40, 25, 11, 28, 29, 21, 6, 25, 10, 44, 17, 32, 16, 31, 34, 23, 4, 22, 46, 29, 32, 51, 25, 10]
[37, 14, 27, 37, 4, 29, 47, 35, 31, 20, 15, 32, 18, 36, 47, 39, 13, 31, 41, 10, 29, 47, 16, 46, 22]
[27, 31, 50, 4, 47, 15, 32, 18, 36, 26, 13, 15, 39, 52, 16, 19, 5, 45, 13, 25, 43, 4, 4, 29, 31]
[44, 23, 12, 18, 10, 25, 8, 20, 33, 52, 7, 41, 10, 36, 47, 25, 4, 7, 16, 50, 5, 8, 38, 20, 14]
[41, 8, 17, 23, 51, 25, 37, 48, 34, 15, 10, 46, 4, 44, 23, 20, 7, 6, 46, 14, 36, 45, 11, 40, 52]
[32, 42, 15, 48, 41, 34, 47, 46, 39, 46, 35, 25, 28, 52, 28, 8, 7, 6, 12, 21, 38, 43, 50, 23, 33]
[10, 51, 14, 33, 20, 48, 25, 5, 10, 31, 45, 39, 50, 25, 35, 22, 4, 36, 30, 32, 43, 5, 24, 35, 23]
[17, 50, 14, 35, 32, 43, 5, 50, 35, 7, 49, 52, 13, 28, 30, 5, 28, 43, 49, 9, 20, 10, 51, 5, 16]
[23, 25, 18, 35, 51, 51, 37, 51, 7, 28, 22, 28, 33, 50, 24, 22, 37, 18, 24, 5, 33, 8, 17, 31, 11]
[11, 27, 20, 22, 47, 25, 14, 9, 22, 15, 7, 27, 28, 52, 37, 39, 22, 22, 17, 31, 36, 26, 10, 26, 45]
[36, 14, 22, 18, 22, 5, 27, 27, 44, 28, 17, 11, 33, 4, 35, 26, 31, 37, 42, 11, 30, 13, 21, 44, 18]
[39, 37, 36, 8, 33, 39, 34, 13, 36, 30, 7, 29, 21, 46, 29, 52, 43, 25, 46, 5, 40, 18, 50, 30, 35]
[27, 37, 18, 16, 48, 7, 21, 26, 8, 49, 33, 17, 49, 29, 36, 37, 30, 41, 40, 24, 6, 33, 51, 8, 47]
[47, 41, 43, 44, 34, 28, 30, 18, 36, 46, 43, 49, 39, 32, 50, 23, 37, 36, 38, 32, 32, 9, 26, 27, 47]
[16, 34, 8, 47, 18, 35, 12, 26, 31, 34, 30, 32, 10, 15, 15, 35, 31, 26, 6, 21, 32, 30, 13, 52, 36]
[52, 26, 28, 17, 25, 40, 44, 47, 24, 51, 19, 22, 6, 28, 36, 32, 52, 51, 31, 12, 19, 34, 25, 10, 32]
[35, 51, 37, 29, 49, 31, 25, 5, 7, 28, 14, 40, 6, 24, 46, 12, 13, 14, 30, 22, 7, 39, 37, 8, 49]
[46, 31, 7, 45, 50, 36, 35, 34, 35, 5, 36, 43, 48, 6, 50, 20, 32, 47, 16, 33, 12, 44, 39, 48, 13]
[14, 32, 32, 48, 12, 35, 46, 10, 19, 39, 12, 18, 42, 27, 46, 18, 32, 23, 41, 22, 34, 19, 52, 7, 40]
[13, 7, 15, 38, 21, 41, 43, 42, 30, 18, 30, 30, 17, 40, 46, 7, 22, 35, 12, 50, 47, 7, 27, 39, 30]
[51, 27, 10, 17, 27, 43, 36, 22, 26, 47, 25, 48, 34, 11, 40, 36, 49, 6, 10, 8, 8, 16, 10, 30, 15]
[47, 35, 36, 7, 16, 47, 22, 13, 29, 30, 32, 22, 35, 34, 9, 6, 41, 49, 46, 24, 41, 36, 49, 9, 27]
[10, 48, 42, 23, 23, 8, 44, 19, 5, 48, 48, 8, 25, 49, 34, 11, 8, 13, 38, 38, 48, 6, 16, 13, 45]
[30, 35, 19, 7, 34, 38, 38, 15, 52, 36, 12, 35, 44, 40, 9, 29, 39, 16, 15, 39, 51, 12, 33, 13, 37]
[46, 48, 8, 39, 24, 19, 6, 6, 50, 33, 19, 50, 7, 42, 14, 36, 37, 38, 36, 46, 42, 19, 21, 17, 24]
[17, 17, 20, 43, 19, 32, 39, 46, 49, 9, 6, 13, 43, 17, 49, 47, 35, 42, 11, 18, 34, 21, 27, 6, 13]
[25, 46, 45, 49, 24, 47, 38, 26, 42, 17, 37, 21, 15, 34, 33, 12, 48, 20, 37, 45, 36, 34, 43, 14, 21]
[34, 29, 24, 6, 43, 36, 18, 34, 46, 18, 52, 34, 20, 20, 14, 27, 4, 52, 25, 46, 40, 40, 21, 9, 4]
[10, 40, 18, 9, 15, 8, 23, 9, 20, 47, 32, 4, 38, 4, 48, 21, 34, 17, 44, 19, 22, 50, 44, 27, 40]
[17, 10, 40, 23, 34, 18, 23, 8, 41, 34, 29, 29, 43, 30, 32, 47, 49, 12, 26, 11, 13, 37, 10, 51, 16]
[26, 28, 51, 7, 35, 41, 41, 25, 24, 38, 34, 39, 17, 45, 28, 30, 11, 8, 8, 51, 35, 25, 30, 33, 21]
[8, 25, 20, 24, 48, 15, 44, 32, 51, 28, 24, 49, 44, 32, 48, 46, 11, 38, 24, 47, 14, 15, 21, 22, 24]
[40, 32, 35, 30, 21, 17, 5, 8, 35, 37, 49, 38, 15, 23, 47, 51, 14, 37, 4, 34, 21, 15, 15, 18, 43]
[42, 22, 25, 24, 21, 21, 44, 23, 20, 26, 22, 22, 38, 31, 49, 37, 23, 50, 40, 4, 49, 8, 17, 47, 20]
[19, 15, 37, 20, 9, 42, 10, 27, 51, 46, 39, 31, 43, 22, 40, 9, 21, 43, 9, 20, 25, 4, 31, 47, 45]
[32, 21, 12, 49, 21, 40, 18, 21, 30, 31, 24, 15, 46, 6, 38, 52, 52, 28, 36, 47, 44, 10, 8, 32, 52]
[31, 45, 37, 25, 27, 50, 22, 35, 39, 9, 15, 9, 19, 29, 19, 16, 9, 4, 36, 19, 18, 44, 36, 26, 10]
[48, 47, 49, 47, 29, 11, 16, 38, 26, 37, 31, 42, 8, 19, 19, 29, 5, 39, 8, 50, 19, 30, 33, 32, 49]
[12, 44, 8, 33, 16, 48, 41, 13, 4, 49, 29, 48, 18, 39, 47, 38, 30, 43, 25, 34, 47, 39, 33, 46, 48]
[26, 20, 47, 30, 18, 15, 50, 15, 16, 13, 36, 35, 7, 39, 15, 50, 48, 28, 20, 32, 32, 4, 26, 25, 25]
[14, 10, 42, 48, 8, 51, 51, 39, 19, 42, 23, 24, 30, 16, 11, 29, 10, 42, 14, 31, 20, 36, 33, 7, 33]
[51, 29, 28, 45, 9, 40, 30, 31, 29, 46, 31, 4, 40, 45, 50, 27, 37, 20, 31, 5, 17, 11, 15, 46, 34]
[22, 7, 12, 20, 50, 33, 22, 50, 11, 6, 5, 25, 6, 28, 35, 49, 32, 11, 38, 12, 39, 22, 30, 14, 47]
[52, 7, 22, 39, 28, 32, 23, 48, 6, 27, 41, 13, 13, 15, 52, 49, 7, 30, 46, 27, 40, 48, 27, 6, 48]
[27, 17, 19, 17, 6, 40, 10, 4, 51, 21, 28, 4, 33, 22, 25, 20, 7, 46, 35, 13, 49, 12, 5, 5, 19]
[33, 26, 35, 44, 48, 26, 22, 33, 39, 17, 16, 37, 50, 19, 51, 44, 22, 5, 23, 13, 34, 43, 4, 4, 25]
[37, 22, 24, 11, 10, 36, 32, 28, 18, 48, 20, 4, 49, 45, 24, 8, 26, 43, 52, 22, 38, 44, 9, 42, 46]
[7, 32, 45, 5, 6, 40, 11, 38, 44, 23, 28, 50, 12, 47, 44, 41, 25, 6, 12, 52, 12, 35, 18, 16, 43]
[27, 44, 13, 27, 16, 17, 13, 30, 27, 28, 52, 22, 5, 49, 5, 15, 25, 8, 25, 6, 41, 24, 25, 9, 37]
[34, 8, 29, 12, 21, 29, 42, 12, 44, 11, 30, 47, 51, 40, 7, 34, 30, 34, 47, 9, 8, 36, 19, 48, 39]
[46, 22, 12, 29, 39, 44, 6, 16, 15, 20, 16, 28, 31, 48, 45, 30, 44, 6, 49, 47, 44, 23, 47, 45, 21]
[41, 39, 29, 24, 5, 44, 12, 48, 6, 18, 34, 44, 45, 52, 36, 37, 25, 10, 34, 40, 19, 42, 8, 42, 36]
[24, 11, 52, 21, 14, 49, 48, 9, 46, 18, 21, 12, 13, 26, 21, 28, 41, 51, 18, 48, 45, 15, 52, 37, 31]
[27, 12, 26, 40, 52, 50, 42, 45, 43, 5, 7, 27, 43, 24, 32, 22, 17, 20, 24, 14, 32, 25, 9, 18, 20]
[38, 24, 18, 15, 24, 7, 35, 5, 43, 43, 10, 45, 19, 50, 29, 25, 34, 13, 39, 12, 28, 40, 6, 14, 48]
[14, 33, 5, 37, 39, 16, 10, 38, 28, 51, 43, 17, 32, 47, 34, 17, 47, 42, 32, 29, 36, 52, 5, 34, 39]
[26, 38, 43, 19, 38, 5, 24, 47, 27, 4, 46, 40, 31, 27, 14, 50, 26, 9, 33, 29, 11, 4, 12, 8, 27]
[13, 7, 10, 26, 7, 13, 39, 29, 40, 20, 36, 34, 21, 34, 41, 44, 6, 49, 41, 35, 30, 13, 51, 52, 26]
[4, 47, 39, 23, 22, 48, 9, 11, 27, 40, 23, 47, 46, 17, 37, 51, 51, 16, 49, 13, 20, 32, 18, 41, 23]
[12, 43, 24, 42, 43, 37, 49, 33, 23, 12, 43, 48, 13, 24, 25, 26, 10, 41, 46, 35, 41, 45, 12, 31, 12]
[9, 16, 26, 15, 35, 41, 46, 14, 34, 10, 41, 52, 46, 38, 33, 16, 39, 34, 26, 49, 30, 35, 43, 32, 26]
[49, 40, 25, 6, 27, 45, 41, 40, 49, 49, 25, 27, 13, 27, 33, 4, 5, 40, 30, 52, 22, 42, 20, 37, 39]
[29, 31, 9, 6, 8, 29, 25, 40, 19, 19, 50, 50, 5, 22, 10, 46, 16, 6, 39, 39, 16, 32, 34, 25, 49]
[43, 10, 52, 12, 51, 42, 17, 10, 19, 5, 19, 12, 22, 17, 49, 13, 52, 13, 41, 16, 27, 20, 36, 28, 35]
[39, 32, 46, 19, 6, 27, 31, 21, 25, 36, 42, 33, 11, 7, 17, 35, 26, 50, 34, 4, 17, 47, 49, 25, 47]
[43, 15, 30, 34, 22, 18, 45, 26, 10, 52, 4, 46, 11, 43, 35, 23, 33, 28, 7, 47, 51, 18, 31, 34, 14]
[52, 26, 40, 25, 52, 23, 26, 42, 12, 21, 10, 19, 49, 50, 26, 37, 38, 9, 28, 38, 30, 16, 50, 20, 4]
[25, 10, 48, 25, 35, 30, 42, 45, 12, 39, 4, 35, 43, 12, 17, 16, 22, 24, 24, 27, 5, 32, 37, 52, 47]
[18, 42, 41, 49, 49, 30, 8, 48, 20, 23, 51, 8, 11, 37, 45, 17, 5, 23, 18, 8, 17, 45, 27, 50, 29]
[45, 19, 21, 17, 19, 52, 49, 36, 10, 45, 5, 5, 52, 46, 13, 44, 44, 42, 27, 35, 41, 6, 44, 25, 9]
[4, 43, 28, 31, 29, 10, 48, 48, 4, 41, 35, 31, 5, 33, 35, 34, 48, 4, 4, 7, 42, 12, 39, 12, 51]
[51, 5, 42, 41, 27, 30, 47, 28, 42, 37, 17, 50, 35, 27, 28, 12, 26, 17, 43, 52, 43, 10, 28, 35, 30]
[35, 44, 26, 30, 28, 17, 22, 9, 43, 30, 8, 6, 22, 44, 13, 23, 19, 10, 42, 13, 14, 18, 19, 7, 50]
[22, 33, 31, 33, 37, 39, 17, 24, 25, 23, 41, 18, 49, 7, 41, 49, 45, 25, 31, 38, 31, 10, 21, 7, 5]
[11, 37, 19, 49, 23, 29, 17, 47, 41, 8, 15, 49, 51, 51, 37, 49, 39, 31, 22, 18, 25, 16, 7, 51, 43]
[12, 50, 19, 49, 28, 24, 15, 44, 28, 28, 7, 45, 30, 11, 23, 33, 10, 15, 22, 49, 21, 35, 9, 46, 15]
[50, 36, 31, 52, 45, 23, 20, 12, 35, 31, 20, 10, 49, 43, 10, 45, 47, 45, 41, 22, 19, 11, 30, 5, 23]
[11, 46, 39, 44, 11, 30, 10, 22, 52, 46, 43, 43, 35, 19, 40, 27, 6, 17, 40, 11, 45, 8, 13, 4, 9]
[28, 34, 17, 14, 35, 5, 17, 48, 38, 27, 14, 42, 30, 6, 35, 17, 25, 5, 20, 23, 44, 19, 41, 30, 36]
[45, 17, 44, 38, 14, 37, 49, 41, 22, 44, 42, 15, 9, 43, 7, 27, 12, 25, 40, 20, 32, 9, 48, 29, 23]
[21, 25, 31, 13, 14, 29, 23, 41, 40, 26, 40, 29, 34, 5, 28, 42, 52, 42, 37, 36, 37, 49, 50, 14, 13]
[25, 48, 33, 9, 5, 4, 48, 25, 25, 8, 29, 6, 4, 23, 12, 31, 40, 10, 4, 13, 22, 44, 38, 7, 4]
[18, 20, 28, 43, 31, 27, 19, 29, 20, 23, 27, 47, 16, 20, 31, 24, 23, 31, 30, 31, 40, 33, 51, 48, 29]
[52, 15, 19, 7, 12, 28, 43, 44, 48, 24, 32, 10, 21, 20, 28, 5, 28, 28, 9, 42, 37, 23, 30, 4, 33]
[52, 4, 26, 19, 23, 36, 16, 45, 45, 7, 17, 48, 43, 51, 50, 26, 36, 31, 51, 21, 5, 38, 6, 7, 45]
[4, 31, 51, 50, 20, 28, 26, 45, 34, 27, 45, 39, 33, 26, 19, 34, 9, 45, 27, 30, 36, 13, 4, 15, 46]
[43, 6, 37, 22, 46, 13, 14, 41, 31, 6, 43, 24, 18, 19, 51, 50, 23, 33, 35, 13, 46, 32, 32, 15, 29]
[49, 4, 34, 13, 51, 7, 9, 18, 24, 35, 49, 10, 37, 48, 45, 22, 26, 7, 25, 31, 33, 45, 23, 51, 39]
[42, 15, 42, 50, 46, 18, 37, 15, 51, 32, 44, 14, 12, 14, 29, 43, 29, 29, 38, 10, 15, 49, 50, 4, 47]
[24, 52, 39, 16, 45, 36, 20, 32, 8, 22, 9, 34, 36, 25, 51, 30, 13, 41, 48, 48, 25, 36, 22, 9, 35]
[28, 8, 10, 11, 51, 52, 5, 5, 21, 45, 19, 30, 12, 41, 45, 46, 20, 44, 12, 15, 50, 22, 26, 20, 5]
[44, 34, 12, 18, 18, 52, 21, 22, 6, 5, 12, 52, 6, 8, 48, 49, 21, 5, 25, 37, 48, 35, 24, 36, 40]
[28, 46, 34, 30, 4, 26, 15, 34, 52, 39, 6, 15, 41, 47, 40, 47, 12, 34, 13, 7, 46, 47, 52, 28, 47]
[31, 30, 17, 8, 4, 13, 10, 27, 24, 38, 4, 12, 43, 37, 22, 27, 37, 26, 50, 34, 11, 23, 40, 46, 20]
[44, 13, 26, 43, 28, 42, 48, 22, 26, 28, 35, 9, 14, 52, 49, 41, 6, 6, 16, 37, 4, 50, 46, 12, 38]
[15, 6, 16, 26, 29, 15, 16, 4, 50, 35, 33, 28, 25, 7, 29, 23, 25, 38, 34, 16, 33, 33, 52, 44, 35]
[10, 8, 29, 25, 45, 46, 29, 39, 32, 14, 4, 36, 36, 11, 15, 6, 50, 13, 45, 38, 42, 19, 15, 6, 22]
[38, 17, 48, 30, 11, 49, 27, 38, 38, 18, 24, 49, 34, 22, 20, 17, 28, 34, 11, 31, 52, 12, 35, 26, 5]
[19, 18, 7, 43, 42, 15, 26, 37, 43, 21, 44, 15, 8, 36, 40, 26, 51, 35, 10, 44, 46, 26, 22, 23, 6]
[28, 16, 13, 35, 11, 49, 39, 26, 8, 11, 12, 22, 28, 25, 24, 11, 19, 26, 24, 16, 22, 33, 36, 14, 43]
[39, 49, 45, 38, 39, 49, 42, 22, 52, 39, 15, 45, 51, 5, 8, 10, 27, 7, 13, 48, 39, 12, 44, 31, 48]
[43, 28, 35, 51, 42, 8, 48, 6, 52, 26, 47, 41, 9, 34, 22, 52, 11, 26, 38, 41, 47, 38, 5, 12, 12]
[34, 52, 21, 26, 26, 26, 26, 19, 7, 49, 16, 35, 23, 42, 13, 40, 40, 50, 39, 10, 15, 12, 18, 51, 36]
[48, 11, 4, 23, 37, 6, 25, 4, 50, 4, 14, 22, 30, 45, 26, 19, 27, 51, 8, 37, 18, 27, 12, 35, 15]
[43, 9, 14, 7, 44, 27, 8, 33, 22, 42, 6, 23, 7, 5, 42, 43, 37, 18, 39, 25, 20, 14, 25, 27, 38]
[15, 36, 46, 48, 36, 43, 5, 8, 45, 37, 30, 15, 22, 5, 45, 21, 33, 16, 39, 22, 41, 9, 38, 8, 11]
[9, 44, 12, 24, 23, 14, 45, 6, 29, 9, 20, 51, 20, 50, 14, 8, 38, 47, 33, 38, 44, 22, 18, 50, 7]
[14, 20, 20, 17, 25, 34, 4, 37, 49, 40, 43, 29, 32, 38, 43, 28, 40, 22, 4, 41, 24, 24, 46, 32, 9]
[23, 5, 33, 25, 21, 32, 7, 24, 12, 50, 9, 35, 32, 47, 16, 49, 51, 14, 11, 24, 15, 47, 38, 33, 30]
[16, 38, 15, 20, 41, 27, 31, 49, 31, 49, 38, 48, 7, 26, 30, 28, 37, 19, 20, 38, 39, 24, 34, 26, 35]
[4, 33, 15, 39, 8, 50, 43, 10, 47, 29, 27, 22, 46, 5, 20, 24, 39, 40, 21, 6, 19, 20, 40, 42, 23]
[25, 52, 45, 44, 23, 24, 48, 46, 52, 10, 37, 52, 50, 4, 27, 51, 24, 47, 5, 10, 23, 43, 4, 21, 16]
[10, 10, 19, 39, 41, 29, 8, 28, 29, 14, 8, 51, 20, 16, 16, 24, 14, 8, 40, 33, 25, 32, 44, 23, 40]
[37, 31, 34, 48, 6, 22, 8, 27, 4, 5, 51, 26, 25, 49, 33, 6, 30, 31, 17, 52, 20, 32, 49, 36, 10]
[12, 43, 49, 33, 43, 20, 37, 16, 11, 10, 49, 9, 47, 49, 51, 31, 11, 45, 42, 23, 43, 34, 43, 38, 15]
[44, 8, 25, 49, 45, 24, 13, 43, 45, 30, 13, 24, 34, 35, 34, 29, 46, 15, 43, 31, 24, 13, 47, 32, 35]
[46, 8, 11, 28, 43, 51, 43, 44, 16, 46, 36, 29, 33, 31, 19, 31, 7, 46, 41, 31, 10, 9, 15, 32, 35]
[25, 12, 45, 43, 6, 15, 39, 7, 20, 43, 52, 19, 5, 10, 18, 37, 24, 17, 51, 27, 11, 46, 28, 41, 36]
[27, 50, 31, 16, 39, 6, 17, 21, 26, 42, 46, 33, 44, 48, 42, 42, 37, 48, 21, 27, 41, 13, 33, 21, 9]
[5, 39, 32, 17, 41, 7, 15, 34, 15, 17, 29, 11, 43, 29, 11, 13, 20, 51, 49, 5, 39, 52, 46, 50, 39]
[43, 9, 43, 37, 22, 20, 11, 38, 34, 31, 40, 34, 26, 39, 11, 22, 35, 40, 9, 14, 51, 28, 47, 35, 12]
[8, 39, 5, 27, 46, 10, 35, 14, 52, 44, 28, 42, 37, 27, 43, 41, 45, 27, 10, 12, 15, 42, 26, 18, 42]
[35, 48, 18, 45, 28, 38, 24, 14, 31, 24, 5, 11, 49, 31, 20, 52, 22, 14, 8, 26, 20, 46, 16, 27, 20]
[32, 47, 5, 10, 39, 41, 15, 13, 44, 34, 6, 4, 36, 17, 9, 21, 21, 32, 32, 34, 22, 24, 28, 10, 8]
[11, 18, 15, 25, 50, 44, 40, 5, 42, 24, 10, 31, 36, 13, 43, 51, 18, 39, 18, 44, 26, 24, 24, 9, 51]
[26, 11, 7, 38, 4, 38, 21, 50, 21, 13, 27, 21, 40, 12, 23, 9, 18, 27, 44, 10, 51, 21, 11, 45, 27]
[34, 42, 30, 14, 24, 34, 15, 46, 16, 4, 19, 16, 15, 47, 49, 21, 48, 10, 28, 7, 10, 29, 36, 31, 43]
[6, 49, 33, 25, 32, 32, 11, 38, 40, 38, 30, 26, 23, 44, 32, 14, 48, 31, 8, 28, 33, 28, 45, 46, 9]
[11, 8, 43, 34, 30, 37, 24, 29, 32, 5, 36, 26, 21, 29, 31, 14, 52, 52, 14, 7, 39, 7, 31, 22, 17]
[26, 23, 41, 34, 32, 7, 41, 35, 10, 51, 28, 20, 14, 26, 52, 26, 38, 36, 34, 12, 40, 31, 25, 17, 31]
[27, 14, 12, 35, 42, 9, 16, 49, 4, 30, 45, 4, 27, 52, 9, 41, 44, 4, 50, 51, 35, 30, 34, 22, 11]
[45, 9, 40, 28, 17, 45, 49, 21, 5, 20, 37, 26, 37, 22, 25, 8, 29, 5, 14, 5, 47, 19, 45, 11, 31]
[7, 45, 9, 44, 36, 37, 31, 21, 13, 16, 19, 5, 42, 36, 27, 36, 5, 6, 5, 21, 13, 48, 21, 38, 17]
[29, 22, 47, 11, 27, 26, 10, 48, 9, 42, 52, 19, 4, 32, 22, 6, 14, 7, 34, 21, 20, 49, 51, 10, 30]
[40, 17, 48, 14, 16, 40, 29, 31, 6, 29, 25, 51, 16, 20, 34, 18, 13, 49, 42, 8, 32, 47, 37, 51, 28]
[37, 29, 52, 46, 35, 15, 28, 29, 37, 19, 28, 37, 39, 41, 20, 6, 46, 31, 46, 40, 18, 52, 50, 37, 32]
[40, 45, 51, 13, 6, 31, 16, 4, 21, 10, 51, 15, 33, 19, 21, 4, 8, 42, 49, 51, 36, 23, 9, 9, 14]
[22, 33, 31, 50, 16, 37, 36, 18, 36, 36, 33, 38, 28, 42, 37, 14, 20, 32, 7, 6, 4, 11, 14, 51, 47]
[4, 35, 33, 38, 32, 39, 5, 22, 20, 22, 29, 25, 14, 41, 34, 11, 33, 51, 44, 45, 41, 20, 24, 31, 9]
[22, 4, 33, 27, 38, 49, 43, 32, 17, 46, 33, 9, 50, 6, 45, 13, 28, 46, 29, 8, 10, 34, 49, 45, 26]
[44, 9, 31, 34, 10, 30, 4, 36, 9, 36, 32, 41, 34, 51, 38, 10, 36, 19, 8, 41, 6, 17, 10, 48, 33]
[43, 12, 34, 9, 41, 40, 50, 21, 52, 6, 15, 21, 33, 29, 21, 33, 21, 33, 19, 15, 26, 27, 15, 31, 45]
[12, 5, 47, 19, 31, 35, 7, 8, 37, 48, 26, 36, 51, 36, 39, 43, 33, 42, 26, 43, 51, 42, 27, 39, 43]
[19, 23, 30, 13, 17, 35, 18, 18, 40, 16, 40, 14, 5, 35, 43, 25, 4, 7, 21, 25, 9, 25, 13, 25, 14]
[36, 32, 7, 24, 25, 37, 36, 14, 43, 25, 33, 48, 46, 51, 47, 21, 31, 8, 40, 28, 32, 21, 41, 33, 32]
[12, 41, 14, 35, 34, 7, 19, 48, 9, 19, 42, 32, 49, 24, 42, 37, 49, 8, 6, 9, 12, 30, 20, 35, 14]
[22, 42, 39, 5, 39, 22, 33, 5, 27, 40, 9, 5, 37, 32, 47, 11, 9, 29, 50, 30, 12, 38, 42, 21, 51]
[11, 11, 49, 38, 45, 23, 19, 8, 6, 4, 36, 31, 42, 21, 15, 24, 37, 39, 32, 19, 14, 30, 7, 34, 19]
[16, 7, 35, 5, 31, 12, 28, 10, 52, 7, 38, 7, 12, 41, 19, 8, 25, 34, 4, 32, 17, 4, 40, 10, 39]
[7, 50, 29, 7, 44, 32, 22, 11, 4, 26, 34, 9, 12, 14, 44, 39, 22, 10, 38, 39, 30, 9, 37, 21, 38]
[11, 46, 16, 36, 13, 23, 40, 49, 12, 43, 40, 40, 40, 21, 45, 34, 51, 19, 44, 15, 40, 36, 37, 26, 52]
[39, 45, 49, 6, 42, 43, 16, 44, 14, 44, 43, 42, 31, 9, 30, 40, 9, 19, 48, 34, 47, 49, 6, 25, 8]
[24, 45, 43, 12, 7, 50, 39, 43, 6, 51, 8, 44, 18, 7, 26, 36, 43, 22, 38, 27, 52, 13, 40, 20, 24]
[8, 7, 47, 20, 15, 48, 41, 16, 29, 40, 46, 39, 14, 29, 41, 28, 39, 18, 5, 51, 37, 39, 14, 38, 25]
[48, 49, 16, 25, 20, 6, 46, 47, 19, 11, 48, 49, 45, 10, 50, 31, 32, 32, 8, 20, 46, 35, 39, 38, 31]
[42, 51, 19, 15, 43, 11, 50, 30, 37, 10, 45, 41, 47, 37, 22, 50, 4, 45, 44, 40, 41, 34, 50, 17, 50]
[42, 17, 44, 28, 27, 7, 6, 43, 17, 41, 23, 21, 19, 13, 28, 20, 51, 37, 14, 7, 26, 45, 41, 21, 13]
[37, 5, 11, 16, 32, 47, 26, 15, 52, 14, 49, 41, 49, 35, 8, 40, 41, 20, 29, 7, 27, 41, 25, 38, 17]
[52, 4, 22, 5, 4, 44, 46, 37, 22, 34, 23, 9, 28, 43, 30, 23, 16, 26, 22, 32, 8, 43, 16, 38, 48]
[8, 34, 41, 9, 15, 26, 46, 49, 11, 14, 36, 10, 9, 40, 6, 12, 4, 7, 29, 10, 21, 32, 34, 11, 43]
[19, 13, 8, 17, 50, 44, 30, 34, 22, 19, 35, 5, 27, 9, 7, 37, 41, 28, 26, 35, 19, 22, 5, 23, 7]
[22, 4, 42, 13, 42, 23, 25, 17, 4, 41, 16, 52, 49, 17, 36, 35, 48, 48, 20, 48, 8, 22, 26, 15, 16]
[40, 15, 30, 14, 8, 18, 42, 7, 17, 38, 35, 52, 4, 22, 7, 35, 6, 41, 31, 14, 29, 48, 27, 28, 29]
[28, 17, 33, 52, 39, 43, 49, 38, 38, 10, 9, 37, 18, 50, 9, 8, 51, 7, 10, 29, 45, 51, 20, 11, 47]
[4, 34, 4, 47, 20, 31, 45, 36, 22, 20, 10, 35, 52, 33, 11, 5, 21, 34, 30, 30, 18, 34, 51, 11, 42]
[39, 50, 27, 20, 12, 30, 12, 31, 20, 15, 6, 18, 16, 11, 51, 11, 37, 38, 47, 46, 30, 41, 8, 46, 52]
[13, 41, 43, 41, 13, 25, 14, 29, 34, 43, 26, 41, 18, 50, 46, 43, 45, 44, 19, 8, 39, 7, 4, 15, 31]
[20, 19, 21, 22, 20, 18, 40, 46, 22, 35, 23, 31, 42, 13, 22, 46, 16, 7, 18, 7, 42, 32, 35, 46, 21]
[8, 8, 14, 51, 21, 47, 9, 37, 7, 38, 36, 37, 5, 7, 30, 38, 42, 29, 39, 9, 35, 51, 41, 52, 26]
[49, 43, 4, 17, 20, 26, 49, 50, 22, 46, 42, 41, 24, 8, 37, 39, 37, 24, 18, 10, 14, 30, 25, 9, 45]
[41, 42, 29, 46, 41, 50, 50, 11, 39, 37, 33, 44, 19, 34, 7, 17, 15, 44, 32, 24, 6, 5, 5, 13, 52]
[29, 6, 22, 19, 15, 40, 35, 13, 40, 48, 45, 40, 27, 17, 11, 41, 6, 19, 52, 27, 35, 16, 9, 40, 6]
[33, 7, 11, 24, 9, 14, 9, 38, 39, 40, 25, 32, 19, 8, 14, 46, 31, 18, 47, 36, 8, 44, 11, 10, 17]
[21, 38, 26, 24, 37, 13, 27, 31, 7, 39, 7, 12, 12, 23, 30, 34, 17, 21, 31, 47, 25, 18, 38, 51, 18]
[5, 10, 6, 43, 18, 30, 19, 38, 36, 24, 44, 29, 48, 18, 47, 25, 25, 35, 41, 52, 40, 26, 32, 19, 4]
[9, 36, 49, 34, 38, 38, 10, 34, 38, 49, 49, 46, 38, 23, 5, 19, 13, 37, 45, 18, 28, 43, 28, 29, 24]
[41, 5, 6, 52, 10, 34, 48, 7, 12, 50, 48, 23, 37, 29, 32, 17, 31, 36, 36, 32, 40, 29, 43, 16, 38]
[28, 49, 38, 38, 24, 38, 6, 18, 25, 43, 51, 50, 13, 21, 27, 18, 36, 49, 7, 52, 49, 13, 16, 9, 50]
[37, 48, 16, 47, 9, 18, 47, 6, 44, 20, 48, 11, 43, 39, 9, 24, 40, 10, 21, 14, 26, 40, 34, 15, 49]
[8, 16, 25, 45, 45, 46, 5, 5, 24, 32, 48, 7, 30, 6, 43, 52, 12, 14, 12, 45, 30, 7, 26, 16, 28]
[25, 20, 45, 4, 43, 45, 29, 13, 13, 51, 24, 34, 7, 36, 38, 5, 32, 12, 11, 33, 19, 34, 49, 4, 25]
[27, 22, 11, 5, 36, 19, 51, 40, 27, 11, 10, 48, 20, 23, 45, 33, 6, 10, 19, 27, 35, 12, 33, 18, 30]
[22, 21, 47, 16, 22, 22, 20, 6, 48, 46, 46, 5, 21, 41, 20, 23, 9, 34, 33, 16, 44, 12, 32, 19, 19]
[34, 11, 39, 38, 10, 12, 7, 40, 52, 22, 37, 47, 23, 27, 21, 45, 37, 30, 26, 41, 46, 34, 5, 35, 33]
[11, 5, 41, 49, 13, 6, 31, 25, 34, 40, 20, 34, 29, 51, 34, 45, 49, 43, 34, 40, 18, 35, 15, 45, 17]
[26, 45, 4, 50, 51, 5, 50, 32, 40, 4, 31, 14, 43, 42, 8, 15, 17, 38, 45, 45, 26, 17, 31, 19, 26]
[43, 22, 21, 7, 10, 5, 14, 14, 9, 39, 30, 37, 16, 27, 27, 32, 46, 13, 20, 44, 39, 39, 20, 42, 10]
[14, 25, 35, 45, 8, 25, 13, 45, 48, 9, 27, 33, 5, 18, 5, 24, 35, 39, 9, 52, 8, 10, 19, 15, 7]
[16, 31, 29, 45, 29, 34, 50, 44, 30, 52, 32, 24, 49, 40, 27, 7, 30, 15, 18, 49, 48, 12, 6, 50, 50]
[20, 26, 45, 42, 42, 4, 4, 30, 13, 48, 5, 15, 26, 43, 11, 34, 29, 23, 23, 45, 39, 47, 20, 36, 44]
[18, 26, 6, 29, 9, 52, 6, 10, 46, 6, 46, 49, 17, 25, 37, 37, 35, 22, 23, 28, 34, 4, 31, 8, 24]
[43, 24, 22, 8, 44, 12, 46, 31, 33, 48, 16, 37, 30, 10, 51, 44, 44, 37, 22, 15, 17, 10, 45, 51, 4]
[24, 9, 29, 39, 24, 43, 46, 49, 20, 16, 45, 30, 41, 9, 50, 16, 5, 29, 21, 35, 41, 45, 37, 23, 23]
[13, 25, 4, 21, 36, 41, 24, 26, 27, 36, 52, 31, 51, 27, 49, 37, 30, 13, 26, 12, 40, 47, 6, 18, 5]
[23, 24, 35, 7, 23, 25, 37, 45, 19, 9, 21, 13, 27, 15, 19, 21, 22, 17, 39, 47, 50, 25, 28, 24, 39]
[40, 27, 10, 43, 52, 39, 27, 7, 40, 10, 43, 48, 11, 11, 22, 52, 52, 40, 14, 12, 20, 20, 7, 35, 25]
[37, 31, 10, 51, 7, 31, 10, 25, 20, 12, 29, 33, 39, 27, 11, 32, 31, 47, 17, 52, 9, 37, 17, 22, 11]
[28, 25, 37, 42, 23, 20, 10, 44, 45, 13, 21, 52, 27, 25, 10, 27, 52, 36, 23, 29, 46, 48, 34, 52, 12]
[14, 26, 25, 47, 12, 36, 27, 41, 23, 23, 38, 18, 26, 44, 44, 47, 6, 16, 31, 12, 43, 43, 35, 7, 22]
[45, 6, 10, 36, 17, 45, 40, 49, 24, 24, 46, 33, 25, 7, 51, 42, 11, 37, 29, 48, 31, 24, 40, 20, 45]
[8, 4, 7, 41, 51, 52, 7, 52, 50, 34, 14, 32, 31, 32, 7, 43, 14, 49, 9, 38, 15, 29, 5, 43, 23]
[14, 19, 32, 28, 13, 52, 21, 6, 5, 5, 48, 33, 40, 42, 17, 39, 40, 48, 7, 46, 43, 25, 44, 33, 18]
[32, 12, 13, 37, 13, 38, 26, 34, 30, 8, 47, 30, 10, 49, 52, 49, 33, 47, 24, 22, 39, 44, 12, 29, 11]
[34, 18, 43, 18, 42, 47, 29, 24, 28, 10, 19, 22, 42, 18, 7, 10, 43, 19, 35, 32, 20, 37, 25, 37, 41]
[8, 23, 27, 9, 43, 34, 29, 17, 24, 40, 16, 35, 12, 24, 33, 20, 12, 36, 25, 50, 5, 51, 18, 31, 14]
[24, 38, 43, 22, 24, 23, 51, 8, 10, 8, 47, 4, 10, 15, 15, 46, 29, 21, 7, 33, 10, 25, 9, 11, 11]
[7, 20, 21, 18, 30, 7, 22, 46, 16, 22, 48, 41, 16, 46, 20, 40, 14, 8, 6, 34, 20, 31, 34, 33, 24]
[30, 26, 49, 42, 16, 10, 30, 32, 39, 5, 36, 25, 46, 42, 4, 21, 27, 30, 37, 33, 22, 8, 46, 44, 39]
[5, 6, 20, 26, 16, 9, 28, 31, 48, 37, 49, 7, 27, 28, 5, 41, 21, 49, 18, 32, 25, 20, 29, 49, 50]
[28, 34, 13, 27, 5, 40, 18, 6, 40, 36, 35, 25, 25, 50, 19, 16, 24, 49, 52, 10, 45, 39, 31, 35, 7]
[14, 24, 13, 18, 27, 28, 49, 41, 11, 34, 6, 12, 29, 40, 13, 29, 32, 16, 28, 5, 46, 14, 19, 37, 20]
[39, 6, 36, 22, 18, 31, 50, 4, 50, 11, 31, 38, 14, 32, 12, 21, 36, 49, 6, 42, 43, 36, 51, 24, 40]
[46, 50, 21, 32, 50, 21, 15, 8, 51, 5, 50, 14, 51, 35, 22, 33, 27, 28, 45, 25, 7, 4, 21, 22, 31]
[37, 37, 8, 41, 43, 47, 36, 22, 18, 25, 46, 48, 26, 47, 31, 16, 47, 20, 4, 21, 47, 32, 22, 22, 50]
[11, 36, 44, 40, 5, 48, 15, 22, 10, 4, 38, 43, 40, 22, 29, 9, 20, 27, 36, 33, 27, 31, 49, 33, 13]
[51, 45, 27, 26, 51, 41, 5, 9, 39, 11, 9, 34, 7, 37, 27, 45, 6, 43, 43, 9, 52, 20, 37, 18, 18]
[28, 9, 33, 10, 17, 50, 29, 10, 48, 17, 11, 13, 18, 46, 25, 28, 7, 42, 27, 22, 49, 30, 38, 16, 26]
[31, 47, 15, 13, 29, 5, 12, 42, 51, 28, 21, 7, 34, 46, 12, 16, 19, 16, 47, 20, 51, 12, 35, 8, 25]
[33, 18, 32, 11, 33, 44, 32, 43, 30, 12, 50, 31, 51, 13, 31, 41, 34, 13, 36, 28, 18, 23, 37, 44, 10]
[28, 19, 30, 25, 12, 8, 28, 46, 41, 12, 25, 52, 44, 34, 5, 32, 27, 38, 51, 18, 4, 7, 42, 26, 19]
[26, 26, 47, 49, 26, 19, 7, 17, 48, 13, 38, 25, 6, 23, 45, 27, 30, 30, 15, 50, 15, 33, 52, 7, 45]
[9, 22, 24, 33, 43, 18, 43, 18, 50, 31, 30, 43, 25, 29, 48, 26, 48, 16, 31, 24, 32, 6, 32, 37, 29]
[51, 21, 18, 28, 36, 27, 11, 37, 25, 40, 52, 26, 40, 4, 26, 51, 44, 52, 38, 47, 15, 15, 20, 41, 51]
[10, 28, 51, 22, 25, 38, 7, 36, 25, 23, 52, 23, 30, 40, 24, 39, 18, 4, 52, 5, 7, 39, 39, 29, 10]
[49, 30, 7, 7, 36, 33, 48, 45, 32, 32, 17, 4, 38, 24, 34, 24, 33, 18, 6, 39, 48, 52, 38, 29, 52]
[26, 33, 39, 43, 17, 33, 35, 48, 9, 15, 50, 6, 45, 18, 49, 9, 25, 30, 5, 26, 43, 42, 28, 42, 22]
[30, 30, 32, 9, 50, 41, 15, 15, 36, 27, 11, 43, 47, 19, 25, 36, 41, 10, 24, 51, 41, 13, 26, 44, 46]
[18, 46, 22, 34, 4, 14, 9, 29, 22, 5, 52, 10, 39, 46, 6, 16, 28, 4, 32, 4, 34, 27, 6, 14, 14]
[47, 22, 25, 7, 29, 13, 37, 17, 49, 13, 19, 50, 38, 16, 26, 6, 9, 43, 15, 11, 42, 11, 41, 52, 45]
[38, 9, 21, 49, 40, 17, 8, 5, 35, 17, 43, 34, 20, 43, 47, 37, 35, 19, 4, 10, 18, 25, 37, 49, 44]
[47, 10, 31, 40, 23, 46, 22, 51, 29, 17, 47, 36, 14, 24, 46, 13, 20, 35, 27, 41, 9, 4, 34, 4, 6]
[7, 42, 41, 27, 30, 34, 23, 18, 22, 45, 28, 14, 29, 20, 32, 35, 30, 16, 8, 22, 32, 9, 33, 45, 45]
[30, 9, 22, 9, 47, 15, 49, 32, 34, 14, 35, 37, 25, 20, 13, 47, 20, 36, 50, 21, 26, 12, 10, 32, 45]
[24, 5, 4, 33, 46, 39, 21, 41, 36, 6, 28, 12, 47, 36, 16, 21, 15, 34, 16, 41, 14, 42, 33, 50, 52]
[29, 47, 51, 31, 7, 11, 7, 15, 32, 42, 38, 35, 10, 4, 46, 28, 45, 23, 32, 31, 18, 39, 25, 19, 5]
[16, 23, 23, 7, 14, 52, 30, 25, 30, 45, 29, 14, 20, 12, 34, 38, 16, 8, 44, 39, 11, 6, 36, 15, 10]
[43, 34, 29, 47, 15, 16, 28, 18, 42, 25, 27, 6, 39, 38, 6, 29, 34, 43, 46, 13, 35, 22, 52, 13, 21]
[20, 19, 42, 27, 35, 21, 10, 31, 52, 23, 29, 11, 36, 29, 19, 49, 32, 50, 9, 52, 11, 28, 48, 47, 34]
[10, 25, 48, 40, 37, 24, 15, 36, 46, 10, 19, 43, 31, 10, 6, 28, 43, 52, 33, 23, 38, 26, 44, 19, 25]
[40, 28, 46, 35, 45, 36, 49, 24, 41, 41, 32, 22, 15, 10, 45, 6, 15, 48, 10, 4, 52, 16, 14, 33, 16]
[49, 30, 39, 45, 5, 42, 21, 52, 42, 13, 14, 21, 39, 41, 28, 48, 30, 4, 7, 4, 48, 9, 14, 16, 34]
[50, 17, 16, 13, 22, 32, 21, 15, 16, 32, 15, 39, 46, 24, 6, 21, 47, 17, 30, 42, 24, 47, 47, 45, 21]
[32, 12, 10, 22, 45, 52, 44, 26, 37, 42, 39, 46, 41, 23, 28, 4, 37, 40, 19, 46, 27, 39, 13, 10, 30]
[7, 50, 16, 34, 51, 28, 29, 5, 33, 28, 35, 25, 40, 36, 28, 48, 15, 9, 5, 15, 50, 38, 41, 44, 13]
[15, 28, 36, 38, 22, 30, 51, 8, 43, 38, 52, 26, 7, 17, 47, 8, 49, 12, 42, 7, 20, 46, 19, 52, 52]
[6, 46, 20, 29, 19, 24, 4, 14, 26, 46, 47, 5, 6, 36, 36, 43, 18, 17, 18, 9, 12, 47, 22, 13, 42]
[47, 44, 41, 19, 28, 34, 47, 16, 46, 29, 38, 38, 15, 29, 22, 18, 21, 45, 17, 25, 8, 5, 49, 21, 4]
[31, 38, 5, 46, 8, 33, 36, 34, 17, 14, 34, 38, 24, 24, 14, 26, 46, 14, 5, 35, 37, 34, 39, 4, 9]
[52, 37, 38, 13, 15, 46, 22, 5, 33, 43, 34, 28, 12, 44, 21, 32, 49, 25, 7, 30, 10, 38, 49, 8, 20]
[17, 9, 37, 23, 44, 36, 23, 13, 8, 50, 25, 12, 18, 45, 27, 47, 6, 31, 5, 11, 47, 13, 32, 46, 13]
[16, 49, 37, 39, 21, 34, 9, 15, 27, 31, 51, 22, 37, 30, 11, 15, 44, 17, 20, 42, 26, 13, 33, 7, 43]
[36, 21, 36, 46, 52, 30, 16, 6, 47, 43, 10, 46, 9, 24, 35, 22, 31, 22, 40, 24, 26, 6, 52, 46, 41]
[34, 41, 7, 21, 10, 28, 39, 6, 32, 15, 11, 48, 30, 48, 21, 19, 31, 18, 37, 35, 22, 12, 9, 33, 37]
[42, 19, 52, 16, 16, 32, 5, 13, 50, 31, 17, 13, 15, 33, 13, 24, 17, 13, 47, 18, 31, 49, 40, 31, 42]
[10, 19, 17, 5, 39, 23, 33, 14, 47, 15, 13, 48, 44, 33, 36, 46, 33, 22, 23, 25, 48, 5, 7, 34, 46]
[36, 34, 39, 18, 21, 5, 48, 15, 15, 11, 13, 37, 45, 20, 40, 44, 47, 35, 37, 26, 17, 7, 52, 35, 6]
[50, 5, 22, 21, 19, 37, 37, 7, 48, 47, 22, 38, 18, 39, 32, 28, 7, 20, 11, 10, 13, 37, 6, 38, 25]
[14, 42, 9, 45, 32, 16, 20, 27, 47, 47, 40, 46, 42, 18, 32, 42, 5, 29, 19, 26, 17, 33, 34, 16, 12]
[27, 31, 28, 17, 17, 17, 25, 7, 11, 16, 47, 34, 33, 28, 37, 44, 8, 4, 33, 19, 36, 51, 33, 24, 51]
[19, 34, 8, 45, 47, 17, 38, 10, 40, 39, 40, 44, 29, 32, 46, 8, 6, 36, 45, 9, 50, 47, 9, 29, 18]
[45, 39, 23, 34, 22, 25, 31, 40, 42, 45, 45, 6, 17, 6, 48, 17, 30, 40, 42, 48, 13, 6, 22, 6, 14]
[41, 7, 32, 6, 36, 36, 27, 50, 38, 4, 8, 20, 38, 7, 7, 34, 25, 7, 49, 17, 28, 27, 23, 24, 21]
[32, 31, 30, 23, 9, 40, 13, 4, 7, 8, 34, 18, 22, 13, 38, 39, 5, 5, 47, 20, 25, 50, 16, 41, 41]
[28, 6, 21, 37, 12, 11, 9, 21, 28, 15, 28, 18, 4, 13, 17, 48, 36, 5, 20, 28, 14, 37, 28, 7, 33]
[21, 30, 46, 50, 15, 21, 34, 43, 19, 7, 24, 19, 22, 37, 42, 25, 28, 8, 20, 50, 17, 46, 26, 31, 16]
[19, 18, 36, 25, 52, 22, 24, 13, 26, 24, 27, 27, 45, 17, 9, 35, 4, 44, 44, 4, 40, 50, 45, 14, 5]
[24, 7, 17, 28, 26, 7, 45, 32, 16, 29, 12, 16, 51, 42, 11, 33, 28, 26, 7, 28, 42, 38, 40, 13, 24]
[42, 34, 42, 44, 25, 31, 40, 28, 22, 7, 8, 8, 50, 14, 43, 34, 35, 51, 22, 31, 50, 40, 39, 39, 4]
[20, 48, 44, 6, 36, 43, 51, 6, 18, 50, 51, 19, 41, 26, 41, 37, 25, 42, 44, 20, 34, 45, 8, 48, 12]
[32, 37, 24, 20, 51, 9, 22, 34, 47, 15, 19, 19, 6, 47, 46, 35, 42, 8, 46, 21, 31, 37, 28, 44, 38]
[5, 12, 41, 8, 24, 25, 40, 46, 5, 29, 34, 21, 40, 34, 48, 52, 25, 50, 29, 44, 41, 46, 34, 37, 36]
[9, 50, 14, 19, 14, 12, 49, 37, 31, 41, 50, 20, 40, 40, 27, 7, 36, 4, 12, 25, 19, 35, 19, 26, 35]
[34, 48, 24, 40, 32, 52, 25, 12, 13, 13, 32, 13, 49, 16, 19, 28, 18, 40, 5, 28, 43, 21, 25, 31, 30]
[17, 14, 7, 33, 41, 16, 41, 30, 38, 35, 31, 33, 4, 42, 28, 7, 48, 30, 9, 30, 36, 30, 49, 29, 11]
[46, 23, 52, 51, 42, 22, 40, 36, 26, 35, 37, 19, 16, 52, 38, 40, 37, 15, 39, 42, 8, 27, 29, 8, 18]
[28, 39, 32, 26, 7, 12, 5, 46, 41, 37, 34, 52, 14, 39, 35, 15, 27, 15, 44, 17, 12, 32, 6, 52, 12]
[12, 44, 13, 40, 46, 49, 37, 18, 50, 40, 31, 20, 31, 21, 18, 21, 14, 21, 35, 31, 11, 9, 21, 22, 9]
[51, 24, 30, 20, 47, 46, 4, 25, 17, 14, 42, 33, 14, 11, 12, 14, 48, 48, 6, 13, 10, 25, 15, 27, 41]
[22, 4, 18, 28, 29, 33, 10, 31, 24, 35, 4, 40, 16, 9, 41, 13, 36, 25, 5, 17, 51, 11, 15, 14, 26]
[12, 16, 52, 5, 39, 11, 39, 16, 39, 18, 34, 23, 5, 24, 26, 47, 4, 39, 7, 52, 28, 42, 7, 27, 32]
[39, 31, 25, 47, 24, 8, 27, 41, 48, 12, 11, 11, 44, 26, 35, 42, 13, 46, 22, 35, 43, 14, 11, 5, 36]
[7, 9, 4, 34, 5, 5, 32, 30, 4, 41, 47, 19, 12, 9, 21, 13, 41, 52, 30, 36, 51, 34, 51, 47, 21]
[52, 27, 5, 24, 10, 13, 41, 32, 51, 8, 9, 28, 41, 22, 36, 39, 23, 13, 41, 39, 25, 31, 37, 21, 42]
[25, 21, 5, 12, 14, 51, 39, 16, 38, 39, 36, 22, 9, 13, 52, 14, 33, 34, 34, 36, 34, 49, 40, 13, 16]
[39, 5, 38, 19, 44, 37, 35, 51, 22, 48, 18, 35, 18, 6, 37, 5, 17, 34, 45, 49, 29, 44, 12, 34, 34]
[18, 52, 52, 19, 14, 33, 7, 6, 10, 4, 20, 31, 21, 17, 21, 47, 9, 9, 32, 21, 21, 41, 6, 46, 24]
[48, 44, 11, 48, 33, 49, 7, 44, 50, 52, 43, 19, 29, 25, 4, 9, 34, 19, 8, 26, 26, 7, 34, 36, 9]
[36, 14, 48, 20, 29, 25, 35, 10, 18, 20, 44, 27, 15, 44, 33, 51, 43, 23, 24, 14, 47, 28, 19, 51, 10]
[44, 50, 48, 5, 38, 4, 36, 25, 15, 33, 51, 39, 11, 39, 48, 4, 44, 15, 16, 48, 25, 13, 14, 6, 6]
[45, 36, 36, 47, 23, 42, 35, 48, 29, 19, 20, 47, 18, 19, 23, 11, 22, 29, 37, 25, 52, 25, 30, 13, 6]
[10, 29, 11, 23, 46, 36, 6, 41, 32, 5, 39, 27, 10, 12, 24, 49, 49, 16, 13, 26, 14, 33, 17, 16, 45]
[8, 27, 45, 42, 7, 8, 49, 36, 8, 10, 35, 24, 17, 28, 39, 50, 22, 6, 41, 28, 36, 14, 38, 39, 15]
[21, 40, 10, 44, 9, 42, 34, 49, 26, 50, 8, 6, 17, 30, 8, 28, 22, 42, 13, 18, 45, 49, 17, 33, 26]
[15, 17, 29, 24, 13, 14, 43, 20, 15, 16, 36, 21, 24, 39, 5, 41, 9, 22, 49, 34, 4, 49, 40, 31, 47]
[21, 6, 49, 16, 26, 25, 52, 19, 33, 40, 24, 7, 38, 44, 47, 29, 38, 20, 22, 30, 4, 7, 41, 15, 50]
[4, 30, 52, 49, 5, 13, 30, 45, 6, 25, 17, 23, 47, 25, 18, 50, 51, 15, 45, 14, 51, 22, 48, 52, 12]
[34, 44, 45, 35, 25, 29, 21, 16, 29, 34, 20, 28, 39, 41, 50, 44, 49, 27, 4, 19, 41, 26, 41, 19, 32]
[38, 17, 27, 23, 46, 16, 35, 37, 5, 44, 39, 4, 19, 33, 50, 27, 11, 34, 33, 8, 46, 25, 31, 41, 34]
[38, 43, 50, 32, 30, 50, 8, 4, 26, 52, 16, 47, 6, 15, 20, 46, 36, 4, 49, 19, 32, 23, 38, 31, 12]
[44, 48, 26, 30, 49, 46, 38, 39, 49, 17, 26, 28, 10, 27, 20, 39, 23, 46, 42, 18, 43, 52, 36, 21, 12]
[13, 28, 21, 45, 6, 22, 27, 5, 5, 32, 5, 22, 5, 40, 13, 48, 7, 12, 25, 39, 51, 29, 36, 35, 6]
[29, 13, 24, 31, 30, 47, 45, 23, 13, 24, 49, 22, 30, 32, 32, 35, 38, 32, 49, 21, 22, 30, 21, 19, 39]
[42, 48, 48, 29, 28, 8, 16, 32, 36, 11, 5, 36, 20, 33, 28, 30, 38, 21, 12, 24, 38, 25, 48, 34, 30]
[48, 51, 15, 19, 34, 24, 17, 15, 38, 19, 49, 6, 34, 43, 13, 15, 41, 20, 21, 29, 10, 27, 48, 48, 29]
[4, 37, 29, 10, 15, 49, 26, 17, 31, 16, 26, 27, 40, 41, 50, 35, 39, 51, 39, 18, 16, 41, 5, 20, 16]
[38, 40, 41, 45, 37, 8, 14, 49, 51, 19, 48, 29, 25, 12, 32, 6, 28, 21, 52, 9, 27, 43, 32, 19, 28]
[44, 41, 39, 51, 15, 42, 12, 19, 50, 34, 21, 15, 15, 49, 5, 34, 13, 10, 40, 47, 32, 31, 30, 8, 12]
[50, 6, 49, 11, 25, 13, 25, 16, 38, 39, 33, 21, 21, 45, 36, 52, 30, 5, 35, 44, 5, 51, 45, 17, 23]
[52, 7, 37, 17, 40, 4, 50, 50, 12, 6, 7, 13, 26, 43, 15, 11, 9, 36, 38, 51, 37, 11, 30, 13, 38]
[42, 18, 48, 23, 22, 16, 52, 24, 29, 26, 49, 46, 30, 42, 24, 41, 35, 12, 39, 26, 37, 35, 4, 48, 30]
[15, 40, 46, 41, 28, 26, 9, 13, 19, 29, 5, 50, 6, 38, 33, 22, 7, 34, 50, 43, 13, 33, 32, 41, 24]
[18, 11, 9, 14, 40, 10, 15, 29, 24, 41, 47, 36, 10, 51, 51, 19, 11, 48, 7, 24, 14, 45, 46, 18, 40]
[19, 50, 17, 15, 10, 12, 10, 9, 14, 33, 20, 4, 26, 37, 50, 23, 33, 16, 16, 44, 34, 24, 22, 28, 14]
[38, 16, 10, 13, 11, 19, 47, 39, 11, 31, 14, 11, 39, 45, 5, 6, 52, 45, 16, 7, 44, 41, 12, 45, 27]
[9, 47, 19, 40, 4, 22, 45, 27, 19, 33, 46, 51, 37, 45, 38, 37, 33, 18, 25, 40, 25, 27, 10, 6, 46]
[31, 16, 12, 48, 29, 9, 18, 20, 30, 5, 22, 44, 46, 13, 29, 8, 17, 46, 39, 26, 24, 9, 11, 35, 47]
[11, 15, 23, 31, 38, 30, 8, 12, 48, 22, 14, 10, 34, 37, 14, 37, 24, 45, 16, 42, 22, 15, 35, 14, 6]
[17, 29, 36, 27, 5, 21, 11, 10, 7, 16, 13, 9, 14, 23, 52, 42, 52, 18, 17, 32, 45, 23, 45, 13, 41]
[18, 32, 14, 52, 23, 15, 11, 9, 33, 20, 40, 29, 43, 26, 15, 20, 32, 21, 51, 15, 27, 17, 52, 29, 47]
[17, 19, 36, 50, 39, 28, 27, 8, 7, 14, 4, 17, 31, 41, 21, 21, 23, 30, 48, 7, 37, 43, 33, 5, 44]
[37, 27, 8, 36, 27, 51, 13, 51, 9, 6, 32, 43, 31, 10, 29, 46, 48, 13, 25, 50, 28, 39, 12, 50, 28]
[12, 25, 21, 43, 51, 31, 37, 43, 31, 18, 28, 47, 36, 15, 49, 4, 44, 38, 23, 36, 30, 7, 5, 39, 51]
[41, 37, 18, 29, 19, 51, 17, 43, 18, 16, 36, 5, 46, 26, 29, 27, 27, 32, 9, 43, 19, 30, 38, 33, 38]
[41, 30, 23, 12, 27, 22, 48, 35, 29, 41, 9, 49, 28, 25, 52, 43, 23, 33, 11, 23, 24, 29, 44, 37, 48]
[42, 38, 4, 19, 50, 21, 5, 19, 42, 13, 6, 33, 11, 25, 14, 26, 10, 4, 47, 51, 21, 20, 15, 49, 27]
[47, 51, 9, 29, 49, 9, 41, 51, 42, 15, 10, 21, 13, 44, 39, 10, 39, 18, 49, 39, 33, 28, 23, 42, 37]
[30, 47, 8, 18, 49, 32, 23, 26, 42, 48, 29, 17, 44, 12, 29, 38, 49, 41, 4, 50, 36, 8, 26, 40, 26]
[16, 37, 37, 34, 27, 9, 22, 42, 11, 23, 34, 30, 26, 34, 12, 43, 37, 26, 43, 42, 42, 20, 9, 14, 6]
[32, 49, 30, 33, 37, 7, 51, 43, 48, 25, 31, 16, 48, 4, 16, 24, 22, 44, 17, 44, 5, 9, 27, 8, 16]
[51, 42, 12, 9, 8, 38, 19, 7, 11, 44, 18, 18, 32, 46, 4, 30, 29, 8, 25, 35, 39, 33, 48, 14, 11]
[34, 19, 46, 14, 4, 52, 44, 38, 15, 36, 27, 19, 43, 28, 32, 12, 49, 51, 30, 4, 52, 50, 22, 13, 51]
[48, 31, 6, 43, 17, 29, 22, 35, 43, 25, 34, 16, 19, 20, 49, 43, 10, 14, 16, 6, 49, 20, 23, 18, 20]
[24, 10, 19, 37, 39, 39, 51, 50, 51, 48, 27, 28, 9, 26, 4, 14, 7, 36, 36, 49, 12, 13, 30, 32, 37]
[27, 30, 14, 50, 32, 45, 33, 35, 51, 51, 50, 37, 27, 48, 22, 18, 33, 7, 40, 51, 10, 39, 30, 47, 23]
[30, 35, 25, 49, 30, 24, 39, 8, 52, 46, 14, 39, 39, 42, 48, 25, 19, 41, 40, 19, 20, 36, 25, 26, 20]
[31, 25, 6, 52, 50, 31, 20, 48, 28, 19, 42, 40, 42, 17, 17, 20, 5, 35, 31, 38, 27, 21, 45, 39, 47]
[5, 20, 30, 20, 6, 21, 29, 40, 12, 27, 36, 9, 18, 17, 49, 38, 15, 33, 52, 29, 10, 6, 28, 19, 20]
[13, 6, 20, 26, 45, 6, 11, 15, 27, 13, 41, 38, 28, 40, 34, 23, 32, 20, 47, 13, 41, 5, 6, 36, 20]
[41, 13, 9, 46, 42, 27, 15, 23, 25, 44, 11, 17, 12, 38, 29, 41, 13, 32, 42, 46, 44, 42, 22, 27, 17]
[26, 37, 52, 29, 13, 39, 28, 19, 41, 36, 34, 37, 26, 9, 46, 52, 43, 28, 17, 25, 28, 7, 47, 49, 33]
[42, 48, 51, 42, 27, 24, 6, 29, 14, 8, 41, 35, 8, 38, 6, 34, 7, 44, 29, 6, 5, 18, 37, 50, 17]
[7, 38, 5, 33, 12, 48, 50, 40, 46, 36, 17, 25, 28, 38, 13, 40, 16, 39, 32, 49, 13, 19, 19, 28, 47]
[31, 23, 4, 41, 36, 22, 24, 14, 52, 51, 5, 15, 29, 40, 29, 22, 23, 52, 15, 30, 22, 24, 37, 41, 8]
[45, 35, 18, 14, 29, 25, 34, 24, 45, 14, 35, 45, 27, 29, 16, 51, 16, 39, 46, 21, 23, 11, 13, 39, 26]
[45, 26, 47, 13, 24, 23, 45, 18, 47, 30, 26, 14, 46, 18, 4, 51, 25, 11, 19, 48, 38, 12, 25, 16, 13]
[6, 35, 33, 19, 21, 51, 52, 20, 34, 26, 21, 24, 20, 33, 37, 15, 16, 39, 22, 7, 12, 52, 15, 8, 49]
[7, 17, 34, 13, 21, 14, 14, 10, 32, 21, 44, 10, 16, 10, 6, 20, 51, 31, 23, 9, 23, 18, 6, 41, 46]
[41, 28, 49, 48, 23, 39, 33, 29, 23, 37, 7, 46, 24, 48, 45, 17, 22, 27, 43, 29, 17, 37, 4, 18, 36]
[24, 32, 14, 42, 16, 21, 50, 36, 41, 20, 21, 8, 29, 51, 48, 45, 33, 42, 32, 13, 45, 5, 10, 25, 17]
[12, 34, 4, 33, 21, 28, 36, 49, 23, 45, 47, 26, 4, 12, 22, 48, 50, 36, 8, 50, 49, 6, 36, 12, 32]
[19, 27, 28, 28, 35, 32, 35, 51, 4, 33, 32, 13, 39, 6, 6, 4, 20, 50, 26, 27, 28, 17, 25, 23, 28]
[37, 40, 23, 49, 8, 43, 13, 23, 20, 15, 7, 12, 11, 14, 45, 46, 25, 27, 13, 49, 48, 28, 40, 36, 25]
[19, 26, 49, 32, 20, 21, 28, 4, 16, 31, 40, 45, 24, 23, 26, 44, 38, 23, 39, 23, 16, 44, 18, 20, 22]
[33, 19, 10, 23, 18, 9, 33, 33, 31, 17, 50, 48, 35, 8, 9, 42, 9, 10, 30, 4, 19, 37, 46, 11, 36]
[20, 49, 42, 33, 29, 4, 24, 41, 37, 42, 30, 51, 44, 51, 37, 36, 15, 44, 23, 36, 44, 31, 24, 24, 28]
[7, 28, 50, 8, 34, 40, 38, 43, 46, 7, 13, 28, 32, 44, 44, 33, 28, 33, 8, 41, 11, 37, 20, 21, 19]
[47, 51, 48, 28, 15, 9, 11, 20, 20, 9, 44, 40, 26, 6, 46, 31, 4, 44, 50, 37, 37, 38, 51, 18, 41]
[39, 29, 22, 42, 45, 24, 45, 42, 41, 9, 40, 12, 42, 46, 41, 21, 14, 48, 5, 7, 52, 9, 45, 29, 25]
[43, 51, 34, 51, 14, 47, 41, 11, 31, 45, 33, 39, 20, 29, 31, 49, 39, 13, 26, 16, 6, 4, 7, 50, 30]
[46, 6, 20, 26, 32, 15, 12, 18, 39, 36, 37, 17, 13, 46, 28, 41, 30, 12, 34, 35, 34, 35, 22, 42, 22]
[32, 22, 12, 15, 46, 7, 17, 20, 4, 47, 39, 35, 44, 42, 12, 26, 17, 46, 34, 29, 17, 28, 50, 47, 28]
[30, 32, 40, 24, 25, 32, 14, 52, 12, 39, 5, 7, 41, 9, 19, 8, 47, 13, 11, 34, 50, 46, 6, 42, 27]
[11, 11, 27, 34, 23, 41, 51, 33, 23, 25, 33, 29, 19, 6, 39, 14, 8, 21, 36, 42, 47, 4, 46, 33, 29]
[52, 51, 24, 17, 31, 9, 40, 17, 8, 37, 29, 11, 7, 30, 14, 33, 42, 25, 32, 48, 44, 48, 20, 4, 28]
[31, 8, 46, 45, 4, 39, 27, 50, 27, 44, 39, 15, 41, 36, 20, 10, 37, 24, 12, 23, 15, 40, 17, 30, 14]
[17, 35, 11, 9, 8, 14, 9, 47, 27, 24, 6, 49, 16, 22, 18, 6, 6, 18, 51, 20, 8, 34, 48, 11, 31]
[8, 15, 21, 11, 14, 18, 51, 43, 6, 38, 14, 41, 8, 35, 8, 34, 22, 51, 44, 34, 12, 21, 4, 10, 8]
[16, 26, 12, 49, 22, 19, 42, 5, 26, 12, 7, 47, 42, 46, 45, 19, 28, 35, 11, 31, 21, 12, 29, 28, 46]
[23, 42, 18, 36, 24, 27, 19, 20, 13, 20, 16, 28, 51, 31, 43, 10, 31, 12, 32, 36, 49, 33, 29, 6, 16]
[8, 28, 11, 46, 45, 20, 19, 29, 10, 29, 34, 31, 37, 37, 37, 4, 48, 19, 30, 48, 33, 20, 22, 22, 22]
[46, 7, 34, 7, 8, 8, 38, 8, 35, 25, 50, 50, 47, 30, 28, 6, 24, 33, 46, 20, 22, 39, 29, 37, 46]
[48, 27, 22, 21, 11, 19, 4, 17, 10, 21, 43, 10, 11, 38, 12, 23, 43, 9, 30, 45, 13, 31, 22, 25, 8]
[26, 36, 5, 29, 23, 16, 37, 48, 9, 32, 49, 32, 48, 27, 11, 43, 41, 26, 28, 20, 48, 34, 36, 43, 40]
[11, 11, 28, 12, 33, 34, 35, 20, 18, 42, 19, 22, 26, 24, 5, 19, 17, 32, 22, 18, 38, 31, 46, 5, 45]
[40, 41, 15, 9, 40, 49, 30, 17, 30, 35, 18, 27, 39, 9, 25, 42, 21, 7, 22, 15, 11, 40, 7, 19, 11]
[5, 12, 15, 19, 49, 38, 24, 39, 47, 47, 15, 25, 45, 9, 16, 40, 49, 7, 4, 46, 50, 12, 39, 41, 40]
[14, 25, 38, 40, 47, 12, 45, 13, 49, 38, 20, 21, 11, 50, 39, 31, 19, 10, 33, 43, 52, 45, 37, 15, 5]
[7, 48, 17, 20, 38, 46, 33, 46, 10, 24, 12, 44, 40, 46, 52, 10, 46, 22, 45, 35, 14, 46, 4, 26, 11]
[31, 43, 44, 44, 31, 44, 41, 12, 52, 49, 28, 38, 52, 19, 31, 29, 36, 9, 22, 18, 47, 15, 22, 25, 10]
[10, 52, 50, 16, 13, 44, 32, 43, 14, 24, 9, 16, 25, 22, 12, 6, 40, 15, 42, 29, 34, 50, 13, 11, 25]
[39, 44, 43, 23, 21, 52, 34, 7, 17, 29, 41, 40, 52, 38, 14, 26, 16, 26, 43, 5, 5, 49, 43, 50, 42]
[43, 19, 27, 17, 34, 27, 12, 41, 41, 33, 35, 50, 50, 47, 44, 17, 47, 50, 45, 24, 33, 11, 24, 31, 14]
[5, 15, 40, 28, 27, 9, 48, 30, 22, 10, 33, 4, 4, 8, 4, 30, 44, 25, 10, 50, 42, 33, 47, 14, 43]
[37, 18, 25, 5, 10, 26, 20, 35, 26, 6, 20, 12, 44, 31, 10, 5, 43, 39, 26, 15, 37, 24, 44, 4, 28]
[37, 43, 18, 8, 52, 16, 43, 47, 23, 45, 14, 51, 19, 16, 51, 32, 24, 39, 14, 48, 14, 48, 10, 42, 27]
[12, 32, 42, 51, 6, 30, 19, 16, 46, 37, 46, 35, 36, 48, 32, 4, 28, 46, 35, 31, 13, 39, 14, 33, 46]
[38, 17, 15, 50, 8, 28, 17, 26, 11, 29, 16, 29, 34, 25, 42, 26, 50, 11, 18, 44, 19, 39, 13, 27, 4]
[30, 21, 35, 37, 16, 8, 42, 14, 34, 47, 23, 20, 26, 26, 23, 45, 35, 42, 28, 21, 49, 49, 19, 49, 6]
[43, 13, 15, 30, 41, 14, 49, 16, 10, 6, 14, 8, 33, 13, 6, 8, 37, 24, 11, 32, 29, 18, 11, 32, 5]
[10, 8, 30, 51, 43, 48, 16, 41, 4, 27, 44, 18, 35, 13, 44, 10, 50, 48, 15, 50, 5, 52, 28, 32, 43]
[19, 19, 16, 31, 30, 32, 30, 50, 9, 41, 5, 30, 32, 44, 48, 48, 45, 6, 39, 17, 46, 14, 10, 4, 13]
[14, 25, 27, 4, 11, 46, 26, 10, 24, 48, 50, 40, 52, 27, 13, 7, 20, 44, 13, 50, 38, 6, 46, 43, 9]
[26, 44, 7, 28, 7, 11, 44, 51, 26, 23, 40, 50, 52, 34, 34, 31, 26, 19, 41, 45, 31, 23, 15, 30, 31]
[21, 19, 28, 8, 48, 33, 46, 51, 21, 50, 45, 5, 52, 42, 36, 16, 21, 13, 5, 42, 28, 33, 10, 17, 48]
[7, 14, 5, 32, 31, 36, 14, 12, 35, 22, 13, 11, 15, 13, 8, 17, 48, 10, 36, 43, 34, 29, 10, 30, 6]
[20, 12, 20, 37, 4, 24, 7, 18, 36, 21, 48, 42, 37, 39, 39, 34, 36, 37, 5, 20, 23, 27, 40, 37, 31]
[39, 4, 17, 22, 17, 42, 34, 4, 40, 35, 23, 51, 50, 8, 23, 47, 17, 42, 15, 42, 14, 18, 52, 5, 5]
[49, 10, 35, 27, 48, 20, 51, 26, 51, 40, 24, 27, 17, 14, 38, 10, 8, 15, 15, 15, 46, 19, 44, 16, 48]
[42, 40, 8, 5, 41, 10, 18, 11, 30, 39, 20, 33, 12, 9, 15, 44, 11, 52, 5, 29, 37, 37, 40, 27, 9]
[8, 43, 31, 47, 6, 31, 26, 28, 36, 33, 48, 49, 41, 49, 8, 43, 29, 26, 29, 12, 43, 32, 23, 9, 27]
[43, 24, 26, 41, 48, 39, 50, 33, 4, 23, 23, 44, 6, 8, 43, 13, 47, 47, 41, 42, 8, 8, 28, 27, 19]
[46, 45, 22, 36, 47, 29, 12, 25, 42, 26, 6, 52, 36, 18, 37, 48, 6, 13, 34, 17, 14, 48, 16, 48, 21]
[17, 46, 29, 42, 34, 18, 11, 18, 49, 31, 24, 23, 11, 29, 35, 40, 36, 12, 52, 35, 6, 36, 44, 24, 21]
[20, 9, 33, 39, 26, 40, 25, 23, 30, 41, 7, 26, 13, 5, 34, 19, 50, 41, 33, 18, 21, 31, 11, 38, 19]
[18, 43, 28, 35, 15, 44, 41, 40, 20, 16, 12, 46, 47, 36, 13, 9, 26, 18, 45, 23, 51, 14, 7, 44, 29]
[17, 26, 7, 52, 9, 40, 22, 41, 51, 10, 22, 8, 51, 20, 4, 34, 7, 4, 49, 50, 20, 52, 35, 31, 18]
[9, 45, 29, 51, 50, 24, 8, 27, 27, 17, 37, 17, 10, 20, 41, 24, 50, 37, 25, 48, 23, 43, 19, 46, 40]
[32, 33, 8, 21, 26, 48, 7, 29, 27, 49, 20, 38, 9, 50, 17, 22, 10, 20, 47, 50, 39, 34, 31, 47, 39]
[43, 14, 50, 32, 11, 6, 42, 36, 7, 44, 16, 8, 35, 39, 51, 20, 27, 23, 27, 12, 43, 25, 31, 43, 10]
[6, 16, 17, 33, 23, 23, 23, 24, 51, 35, 37, 39, 49, 7, 18, 31, 18, 42, 10, 46, 11, 21, 8, 48, 21]
[19, 44, 5, 18, 4, 27, 20, 33, 17, 29, 4, 44, 52, 15, 18, 19, 47, 19, 33, 14, 21, 48, 8, 43, 17]
[10, 47, 31, 26, 26, 9, 44, 16, 28, 26, 39, 51, 31, 6, 31, 24, 36, 48, 42, 47, 35, 20, 47, 19, 29]
[17, 24, 34, 51, 40, 16, 4, 29, 47, 7, 21, 11, 33, 35, 34, 32, 40, 47, 16, 15, 51, 31, 12, 24, 7]
[45, 41, 49, 10, 5, 7, 40, 28, 18, 27, 27, 22, 29, 39, 36, 45, 18, 29, 4, 28, 27, 31, 7, 16, 26]
[38, 14, 49, 50, 9, 16, 10, 19, 26, 24, 26, 33, 51, 11, 27, 32, 41, 22, 32, 28, 10, 46, 22, 12, 29]
[35, 31, 9, 19, 52, 8, 45, 31, 35, 45, 51, 27, 42, 12, 4, 19, 33, 39, 51, 7, 9, 38, 31, 43, 36]
[15, 48, 19, 33, 48, 37, 27, 41, 12, 43, 38, 23, 51, 23, 38, 33, 32, 5, 48, 45, 42, 14, 49, 6, 16]
[13, 26, 8, 42, 52, 11, 37, 19, 48, 51, 43, 33, 24, 47, 11, 30, 4, 45, 50, 9, 33, 37, 46, 50, 40]
[45, 4, 39, 30, 18, 47, 6, 46, 36, 42, 17, 14, 30, 46, 45, 47, 35, 29, 23, 14, 15, 50, 10, 34, 24]
[21, 49, 27, 41, 32, 28, 28, 26, 32, 19, 51, 14, 7, 50, 50, 46, 39, 10, 31, 44, 10, 33, 28, 20, 20]
[48, 25, 33, 16, 28, 50, 33, 38, 35, 25, 11, 17, 42, 14, 21, 43, 10, 45, 21, 17, 19, 49, 29, 21, 50]
[10, 30, 48, 52, 18, 32, 50, 24, 47, 42, 21, 15, 22, 12, 6, 52, 24, 40, 20, 37, 42, 46, 33, 12, 33]
[29, 39, 28, 40, 27, 22, 30, 5, 18, 5, 34, 52, 28, 44, 18, 51, 17, 41, 17, 44, 27, 48, 34, 38, 15]
[24, 28, 14, 24, 32, 29, 34, 10, 13, 44, 39, 50, 12, 8, 43, 25, 27, 11, 17, 18, 21, 15, 32, 8, 48]
[14, 18, 41, 9, 9, 45, 10, 42, 5, 49, 20, 4, 46, 47, 34, 36, 45, 28, 37, 8, 14, 28, 28, 37, 13]
[41, 15, 26, 31, 16, 51, 23, 22, 33, 11, 8, 32, 35, 44, 49, 37, 38, 46, 9, 52, 52, 18, 48, 34, 12]
[52, 42, 42, 32, 39, 38, 48, 19, 18, 24, 10, 19, 7, 13, 9, 13, 29, 30, 19, 32, 7, 29, 8, 41, 19]
[7, 50, 31, 43, 30, 19, 44, 19, 28, 51, 13, 23, 19, 8, 45, 39, 26, 45, 13, 28, 21, 9, 16, 9, 13]
[8, 39, 33, 39, 22, 48, 5, 11, 44, 38, 8, 23, 25, 23, 20, 11, 23, 30, 20, 33, 31, 33, 36, 31, 44]
[28, 17, 41, 28, 6, 17, 45, 41, 40, 50, 17, 17, 11, 52, 19, 39, 47, 28, 10, 30, 27, 29, 48, 10, 49]
[22, 22, 22, 10, 45, 22, 11, 41, 51, 30, 44, 8, 15, 29, 30, 22, 19, 48, 24, 22, 40, 17, 26, 26, 15]
[25, 5, 30, 28, 32, 21, 29, 38, 45, 25, 44, 5, 4, 17, 46, 7, 12, 11, 6, 19, 24, 8, 38, 30, 27]
[51, 38, 41, 16, 12, 47, 7, 15, 15, 51, 48, 30, 44, 24, 38, 29, 30, 30, 37, 4, 45, 35, 30, 42, 51]
[13, 46, 31, 38, 37, 4, 21, 20, 14, 49, 31, 8, 35, 5, 36, 36, 45, 9, 8, 35, 11, 7, 46, 13, 24]
[25, 22, 17, 15, 24, 10, 32, 24, 40, 41, 32, 16, 9, 19, 39, 52, 32, 31, 30, 41, 18, 39, 13, 13, 7]
[9, 17, 5, 21, 39, 5, 6, 47, 5, 34, 18, 45, 24, 32, 10, 32, 27, 7, 40, 19, 42, 52, 52, 48, 44]
[34, 37, 10, 4, 34, 19, 40, 22, 21, 48, 9, 10, 21, 12, 51, 43, 29, 33, 24, 12, 32, 39, 13, 7, 41]
[10, 4, 35, 47, 28, 26, 51, 46, 5, 45, 31, 13, 35, 47, 4, 22, 31, 12, 23, 15, 46, 21, 32, 42, 32]
[11, 40, 13, 9, 28, 17, 34, 16, 40, 12, 46, 34, 39, 45, 21, 12, 40, 32, 4, 33, 33, 21, 4, 20, 52]
[36, 29, 47, 27, 32, 19, 31, 4, 25, 36, 15, 10, 16, 34, 10, 31, 44, 22, 50, 7, 19, 49, 20, 40, 25]
[20, 35, 23, 35, 27, 19, 38, 39, 6, 24, 51, 51, 45, 31, 48, 14, 44, 39, 30, 12, 28, 34, 28, 41, 51]
[34, 6, 16, 52, 46, 19, 21, 36, 18, 24, 40, 52, 21, 39, 12, 23, 21, 35, 45, 24, 37, 44, 22, 43, 12]
[32, 42, 21, 18, 34, 24, 40, 30, 43, 40, 34, 20, 12, 42, 33, 49, 34, 44, 43, 6, 38, 17, 24, 25, 28]
[10, 35, 38, 40, 37, 11, 4, 33, 15, 28, 47, 21, 34, 17, 51, 37, 9, 15, 5, 6, 13, 24, 6, 15, 38]
[33, 15, 32, 22, 46, 34, 42, 37, 34, 45, 18, 16, 28, 25, 15, 5, 34, 43, 14, 5, 12, 16, 12, 9, 15]
[35, 20, 49, 21, 8, 31, 14, 23, 40, 31, 41, 13, 15, 9, 38, 6, 31, 26, 45, 30, 48, 46, 13, 36, 34]
[20, 28, 9, 7, 40, 36, 43, 47, 45, 50, 16, 5, 31, 11, 50, 50, 50, 14, 29, 5, 40, 47, 13, 45, 19]
[4, 40, 40, 26, 17, 35, 39, 27, 13, 20, 36, 42, 6, 14, 17, 36, 50, 43, 26, 33, 47, 29, 41, 44, 16]
[24, 19, 32, 26, 32, 19, 18, 4, 29, 50, 51, 36, 19, 33, 52, 39, 31, 20, 28, 39, 50, 36, 19, 13, 28]
[7, 33, 5, 44, 14, 34, 7, 12, 49, 20, 18, 16, 41, 52, 52, 7, 50, 33, 23, 48, 32, 18, 41, 9, 32]
[52, 14, 26, 43, 29, 27, 21, 23, 35, 12, 11, 25, 47, 49, 26, 20, 10, 33, 5, 24, 51, 26, 21, 46, 28]
[20, 16, 50, 42, 7, 45, 32, 47, 39, 27, 24, 36, 34, 14, 23, 18, 35, 6, 49, 38, 17, 33, 42, 27, 48]
[40, 45, 33, 9, 38, 46, 47, 43, 14, 46, 25, 32, 50, 32, 28, 13, 50, 18, 50, 36, 45, 17, 7, 11, 9]
[34, 46, 22, 11, 14, 38, 12, 7, 31, 52, 38, 31, 21, 6, 5, 52, 15, 21, 11, 50, 6, 9, 4, 52, 26]
[46, 47, 30, 12, 6, 31, 17, 28, 28, 8, 26, 49, 51, 33, 49, 38, 17, 17, 21, 12, 51, 50, 45, 30, 44]
[43, 51, 38, 10, 38, 13, 14, 20, 9, 5, 22, 45, 24, 35, 23, 49, 26, 31, 15, 25, 44, 10, 19, 36, 35]
[50, 43, 44, 27, 26, 20, 14, 4, 31, 24, 51, 43, 14, 35, 21, 8, 32, 11, 16, 8, 41, 17, 22, 51, 8]
[38, 51, 46, 30, 4, 26, 10, 25, 44, 7, 9, 32, 46, 19, 29, 40, 17, 26, 29, 4, 22, 8, 35, 21, 29]
[47, 21, 29, 46, 25, 4, 32, 6, 45, 13, 30, 23, 50, 39, 39, 41, 27, 35, 7, 39, 44, 27, 50, 17, 24]
[20, 13, 20, 32, 26, 11, 45, 52, 42, 47, 12, 35, 17, 41, 50, 8, 13, 43, 37, 34, 16, 16, 12, 51, 11]
[20, 28, 25, 23, 13, 41, 43, 45, 36, 26, 31, 51, 22, 46, 30, 44, 13, 40, 24, 40, 6, 37, 34, 23, 37]
[15, 52, 27, 20, 37, 6, 44, 9, 25, 4, 26, 7, 43, 12, 17, 40, 45, 15, 49, 15, 49, 45, 23, 46, 37]
[25, 45, 33, 30, 11, 22, 22, 42, 43, 51, 34, 24, 23, 40, 51, 19, 38, 48, 49, 22, 39, 20, 17, 45, 47]
[17, 27, 36, 51, 15, 11, 40, 44, 46, 29, 28, 20, 52, 45, 30, 33, 24, 36, 17, 43, 35, 11, 42, 49, 7]
[29, 27, 7, 14, 18, 7, 22, 23, 26, 28, 46, 14, 8, 8, 32, 42, 19, 39, 33, 42, 31, 37, 39, 29, 10]
[18, 7, 26, 12, 37, 11, 21, 5, 46, 49, 41, 48, 34, 10, 16, 19, 32, 50, 31, 28, 39, 33, 31, 6, 14]
[16, 14, 21, 45, 9, 23, 25, 24, 9, 27, 29, 4, 46, 21, 4, 27, 40, 36, 19, 31, 5, 38, 46, 24, 25]
[46, 27, 9, 28, 13, 5, 24, 13, 34, 51, 42, 28, 23, 21, 39, 28, 11, 32, 6, 19, 49, 46, 14, 52, 47]
[32, 14, 26, 33, 10, 43, 20, 4, 7, 45, 42, 39, 38, 31, 12, 40, 19, 42, 48, 42, 11, 11, 45, 14, 51]
[14, 18, 6, 45, 4, 44, 49, 42, 5, 41, 50, 19, 48, 12, 42, 23, 18, 51, 9, 28, 8, 14, 39, 34, 22]
[39, 34, 30, 40, 35, 51, 36, 28, 43, 32, 40, 39, 5, 33, 25, 29, 8, 49, 6, 30, 23, 30, 34, 44, 8]
[41, 40, 35, 44, 44, 48, 6, 32, 29, 31, 43, 40, 47, 4, 30, 13, 39, 34, 12, 10, 7, 43, 16, 11, 10]
[41, 50, 43, 46, 44, 25, 16, 27, 31, 15, 14, 52, 4, 9, 20, 17, 44, 11, 48, 13, 10, 17, 42, 28, 34]
[9, 34, 31, 15, 20, 18, 27, 29, 38, 45, 30, 41, 29, 32, 44, 49, 40, 52, 13, 47, 35, 36, 49, 52, 4]
[5, 29, 10, 4, 50, 24, 10, 43, 22, 7, 39, 11, 24, 5, 41, 38, 45, 11, 27, 50, 47, 39, 41, 43, 6]
[40, 36, 48, 10, 33, 25, 9, 34, 25, 33, 49, 23, 27, 23, 19, 4, 13, 37, 27, 29, 52, 5, 39, 38, 24]
[32, 23, 43, 39, 44, 34, 28, 44, 34, 37, 24, 7, 52, 32, 38, 24, 42, 38, 50, 37, 24, 21, 20, 20, 4]
[26, 5, 52, 36, 22, 10, 13, 49, 47, 20, 9, 8, 12, 34, 15, 17, 45, 29, 34, 32, 38, 42, 25, 30, 12]
[32, 23, 52, 52, 7, 48, 50, 50, 24, 10, 42, 32, 8, 39, 44, 47, 25, 41, 13, 51, 45, 46, 32, 46, 52]
[24, 39, 50, 34, 47, 37, 26, 24, 50, 12, 7, 33, 51, 10, 51, 42, 40, 27, 45, 47, 24, 52, 5, 35, 45]
[12, 41, 19, 27, 17, 27, 35, 23, 8, 32, 32, 41, 27, 30, 36, 5, 23, 30, 25, 12, 17, 46, 47, 5, 34]
[18, 27, 27, 51, 41, 6, 17, 42, 7, 44, 47, 5, 33, 47, 15, 30, 10, 31, 32, 48, 39, 52, 6, 12, 50]
[45, 29, 31, 4, 46, 29, 23, 28, 15, 5, 11, 48, 13, 43, 36, 47, 27, 44, 37, 7, 9, 50, 17, 44, 49]
[12, 16, 34, 4, 22, 43, 30, 52, 24, 14, 35, 34, 25, 15, 48, 12, 28, 9, 4, 14, 44, 44, 29, 15, 41]
[50, 43, 38, 32, 47, 20, 43, 42, 28, 19, 5, 18, 41, 48, 42, 24, 46, 25, 25, 49, 23, 21, 20, 41, 35]
[16, 8, 36, 43, 41, 27, 29, 47, 46, 22, 19, 4, 21, 35, 41, 31, 28, 11, 4, 34, 44, 38, 45, 31, 17]
[25, 47, 42, 42, 50, 29, 16, 42, 16, 21, 33, 33, 44, 10, 46, 34, 38, 30, 42, 4, 51, 26, 43, 39, 51]
[8, 44, 45, 6, 48, 43, 43, 22, 18, 32, 51, 6, 38, 22, 10, 43, 24, 52, 13, 21, 29, 43, 30, 39, 30]
[20, 49, 32, 38, 41, 44, 37, 39, 23, 21, 43, 25, 15, 17, 48, 51, 36, 9, 42, 11, 8, 23, 36, 10, 21]
[33, 5, 20, 50, 44, 12, 7, 22, 11, 41, 16, 33, 33, 15, 5, 27, 4, 20, 17, 39, 8, 35, 15, 49, 25]
[39, 42, 44, 8, 14, 33, 23, 19, 49, 32, 40, 46, 14, 49, 30, 30, 10, 18, 4, 36, 50, 16, 17, 33, 15]
[38, 19, 20, 27, 29, 52, 5, 19, 22, 21, 47, 4, 25, 18, 5, 51, 27, 12, 28, 6, 4, 21, 35, 34, 8]
[48, 36, 40, 24, 11, 20, 44, 25, 33, 33, 41, 23, 13, 7, 46, 15, 25, 47, 18, 50, 27, 39, 49, 6, 25]
[49, 42, 35, 39, 52, 32, 31, 47, 16, 45, 49, 36, 9, 15, 7, 10, 29, 7, 6, 28, 6, 41, 48, 48, 48]
[49, 16, 4, 14, 43, 6, 5, 39, 52, 43, 12, 49, 26, 27, 49, 9, 31, 22, 45, 40, 16, 30, 14, 34, 44]
[30, 12, 45, 27, 32, 48, 18, 39, 42, 47, 24, 39, 33, 32, 45, 30, 41, 11, 14, 44, 16, 6, 27, 36, 52]
[16, 4, 38, 46, 33, 51, 48, 15, 6, 39, 43, 42, 29, 13, 32, 36, 13, 12, 12, 38, 6, 41, 50, 20, 19]
[47, 52, 41, 44, 18, 34, 15, 7, 19, 12, 23, 46, 51, 39, 7, 16, 6, 49, 22, 16, 11, 11, 11, 46, 38]
[24, 22, 29, 40, 50, 6, 20, 52, 49, 7, 23, 47, 48, 34, 24, 35, 28, 26, 26, 27, 31, 23, 50, 29, 40]
[21, 19, 22, 14, 45, 11, 12, 25, 28, 50, 41, 42, 34, 28, 17, 17, 11, 16, 14, 18, 34, 36, 15, 22, 50]
[29, 12, 50, 52, 6, 14, 47, 8, 25, 28, 30, 28, 22, 23, 41, 25, 42, 36, 10, 6, 13, 22, 35, 42, 45]
[41, 46, 23, 33, 48, 16, 28, 41, 49, 34, 36, 42, 34, 43, 21, 24, 52, 31, 30, 11, 22, 31, 52, 4, 7]
[37, 36, 8, 48, 13, 5, 9, 18, 25, 7, 52, 13, 42, 26, 48, 41, 7, 52, 48, 17, 38, 41, 26, 24, 19]
[9, 44, 19, 40, 47, 9, 23, 9, 7, 23, 15, 27, 12, 41, 20, 4, 16, 16, 17, 35, 4, 26, 49, 26, 48]
[6, 44, 7, 24, 41, 32, 39, 17, 32, 51, 31, 20, 39, 12, 5, 11, 40, 16, 24, 24, 46, 33, 11, 40, 4]
[19, 17, 16, 31, 38, 40, 29, 12, 21, 15, 22, 14, 23, 7, 25, 47, 25, 36, 16, 36, 37, 35, 30, 35, 40]
[42, 31, 28, 46, 16, 31, 52, 13, 20, 9, 13, 40, 38, 28, 14, 19, 20, 33, 17, 38, 12, 10, 44, 48, 27]
[9, 25, 9, 4, 51, 9, 15, 16, 23, 37, 9, 38, 49, 18, 40, 51, 41, 46, 7, 19, 38, 35, 51, 30, 13]
[31, 44, 49, 12, 34, 25, 36, 6, 37, 5, 42, 50, 13, 5, 43, 4, 30, 32, 21, 22, 16, 32, 5, 18, 50]
[40, 35, 31, 31, 13, 12, 46, 17, 43, 50, 6, 36, 36, 51, 30, 42, 18, 37, 23, 38, 8, 48, 24, 9, 25]
[15, 51, 8, 12, 37, 30, 23, 4, 42, 5, 29, 44, 7, 49, 28, 31, 29, 39, 43, 52, 6, 26, 36, 39, 52]
[29, 41, 7, 49, 42, 45, 7, 23, 24, 35, 50, 5, 30, 13, 17, 29, 49, 33, 20, 6, 18, 21, 9, 45, 29]
[45, 16, 44, 27, 25, 47, 31, 10, 49, 19, 18, 44, 45, 48, 47, 46, 14, 9, 10, 46, 21, 9, 10, 23, 38]
[46, 30, 16, 5, 18, 28, 20, 22, 41, 23, 29, 17, 41, 5, 10, 47, 52, 38, 12, 46, 39, 20, 10, 29, 19]
[50, 34, 38, 49, 50, 42, 44, 46, 49, 30, 25, 40, 37, 30, 37, 25, 27, 19, 21, 16, 9, 50, 51, 26, 45]
[46, 10, 6, 6, 5, 43, 29, 34, 52, 33, 15, 30, 7, 18, 13, 28, 13, 49, 34, 29, 44, 28, 11, 44, 42]
[29, 29, 38, 17, 10, 28, 5, 9, 50, 51, 39, 16, 21, 14, 12, 13, 24, 43, 44, 43, 30, 40, 12, 50, 48]
[29, 14, 39, 18, 38, 21, 29, 7, 10, 49, 7, 45, 45, 30, 38, 7, 49, 33, 27, 33, 35, 12, 26, 52, 6]
[9, 37, 18, 14, 35, 31, 31, 44, 7, 12, 47, 13, 36, 43, 10, 50, 34, 25, 16, 25, 16, 52, 21, 24, 4]
[36, 22, 21, 28, 26, 52, 51, 51, 33, 26, 49, 10, 48, 24, 9, 38, 8, 46, 48, 11, 15, 44, 20, 37, 11]
[38, 12, 23, 5, 33, 6, 6, 26, 20, 25, 50, 51, 30, 20, 21, 41, 51, 9, 24, 16, 25, 44, 5, 36, 34]
[28, 16, 32, 21, 49, 25, 27, 43, 34, 16, 13, 23, 37, 17, 5, 19, 17, 37, 16, 11, 34, 14, 9, 26, 38]
[20, 47, 47, 38, 50, 29, 31, 29, 11, 8, 25, 11, 35, 21, 47, 39, 24, 14, 38, 5, 15, 26, 25, 39, 17]
[52, 38, 36, 51, 11, 35, 25, 27, 46, 19, 50, 24, 51, 15, 48, 35, 29, 13, 26, 40, 49, 51, 39, 19, 38]
[30, 49, 12, 52, 49, 30, 17, 34, 26, 7, 23, 8, 8, 33, 41, 17, 19, 45, 19, 51, 10, 44, 43, 40, 15]
[36, 7, 5, 41, 50, 35, 28, 4, 23, 34, 4, 44, 46, 52, 32, 16, 51, 35, 29, 17, 24, 30, 23, 19, 36]
[7, 43, 33, 8, 37, 29, 27, 8, 15, 50, 8, 40, 50, 19, 44, 44, 47, 34, 23, 30, 28, 49, 47, 21, 27]
[4, 47, 52, 34, 33, 19, 33, 21, 25, 35, 11, 27, 45, 49, 8, 45, 10, 20, 25, 21, 24, 40, 22, 30, 41]
[24, 49, 23, 12, 31, 4, 8, 37, 47, 21, 52, 18, 34, 31, 23, 11, 33, 14, 38, 11, 44, 36, 35, 27, 42]
[38, 11, 14, 24, 20, 51, 27, 10, 7, 8, 22, 31, 5, 46, 24, 28, 49, 47, 32, 25, 46, 11, 50, 45, 48]
[38, 33, 42, 46, 26, 15, 21, 44, 50, 13, 14, 42, 42, 44, 32, 13, 45, 28, 37, 41, 16, 51, 33, 44, 51]
[43, 52, 32, 34, 51, 7, 16, 48, 43, 34, 20, 7, 45, 50, 26, 6, 5, 5, 46, 44, 44, 38, 25, 49, 18]
[39, 9, 41, 31, 45, 46, 39, 34, 47, 27, 41, 28, 25, 6, 45, 24, 24, 30, 19, 30, 5, 40, 25, 5, 11]
[17, 27, 7, 22, 27, 45, 4, 12, 32, 17, 22, 27, 14, 29, 15, 7, 49, 10, 44, 34, 12, 15, 27, 40, 31]
[22, 26, 7, 37, 46, 21, 12, 22, 45, 45, 21, 10, 22, 4, 23, 31, 14, 8, 51, 38, 33, 5, 29, 24, 46]
[23, 21, 16, 36, 46, 46, 11, 22, 47, 26, 13, 10, 50, 44, 6, 52, 40, 49, 21, 37, 7, 42, 23, 16, 18]
[31, 46, 13, 36, 31, 47, 47, 17, 18, 50, 18, 20, 7, 35, 40, 4, 38, 12, 9, 17, 49, 40, 31, 17, 48]
[11, 49, 51, 42, 42, 31, 37, 35, 23, 22, 20, 24, 16, 38, 43, 18, 23, 31, 15, 15, 28, 48, 41, 6, 49]
[50, 20, 28, 52, 43, 37, 37, 9, 14, 51, 42, 16, 29, 24, 42, 15, 49, 11, 41, 25, 10, 6, 36, 27, 8]
[7, 27, 49, 7, 9, 41, 31, 30, 8, 18, 23, 9, 44, 31, 51, 17, 28, 46, 28, 47, 43, 22, 44, 51, 7]
[42, 36, 4, 52, 30, 41, 33, 12, 22, 44, 6, 36, 21, 33, 28, 37, 50, 25, 52, 23, 49, 16, 52, 32, 21]
[9, 18, 15, 48, 51, 28, 34, 45, 10, 7, 35, 12, 11, 43, 43, 30, 50, 20, 17, 37, 42, 16, 40, 5, 6]
[9, 43, 19, 20, 7, 25, 19, 25, 9, 46, 5, 17, 51, 10, 46, 50, 20, 40, 32, 34, 21, 13, 29, 49, 21]
[19, 35, 36, 40, 49, 27, 11, 22, 41, 29, 46, 50, 40, 47, 5, 9, 27, 25, 42, 4, 9, 39, 37, 39, 28]
[11, 52, 50, 30, 38, 17, 4, 30, 23, 43, 11, 52, 22, 48, 14, 12, 10, 38, 20, 49, 45, 11, 36, 38, 36]
[27, 38, 19, 51, 12, 27, 15, 37, 24, 48, 26, 20, 10, 23, 22, 5, 19, 7, 43, 21, 16, 33, 43, 12, 24]
[33, 45, 12, 31, 31, 18, 19, 17, 29, 41, 35, 26, 14, 32, 23, 14, 5, 6, 29, 37, 6, 17, 33, 43, 46]
[6, 16, 48, 15, 40, 51, 8, 22, 49, 37, 14, 18, 50, 34, 25, 15, 29, 43, 38, 19, 9, 5, 5, 52, 8]
[12, 11, 12, 15, 46, 39, 7, 12, 4, 32, 43, 21, 48, 45, 34, 6, 4, 32, 6, 9, 17, 50, 29, 38, 27]
[32, 34, 18, 4, 13, 13, 38, 7, 11, 43, 44, 26, 23, 43, 18, 5, 8, 39, 44, 45, 33, 45, 47, 16, 40]
[37, 11, 51, 12, 32, 21, 39, 49, 31, 33, 23, 18, 45, 22, 40, 22, 5, 8, 34, 27, 4, 7, 27, 42, 28]
[12, 12, 20, 49, 51, 52, 24, 33, 46, 49, 10, 46, 15, 31, 18, 8, 47, 30, 48, 29, 28, 4, 19, 38, 38]
[40, 24, 44, 6, 26, 46, 7, 24, 39, 33, 29, 15, 38, 14, 22, 38, 21, 51, 14, 6, 13, 26, 18, 6, 48]
[22, 36, 42, 46, 47, 22, 33, 25, 45, 23, 30, 47, 31, 27, 9, 6, 36, 21, 27, 43, 50, 45, 43, 43, 44]
[6, 17, 23, 48, 8, 14, 30, 46, 48, 8, 20, 15, 45, 30, 29, 30, 48, 46, 34, 38, 4, 14, 7, 34, 42]
[21, 26, 18, 13, 25, 38, 14, 33, 45, 32, 11, 20, 52, 16, 5, 32, 52, 20, 18, 16, 27, 50, 20, 8, 43]
[48, 31, 10, 12, 43, 10, 16, 21, 11, 52, 37, 21, 31, 37, 50, 14, 24, 26, 22, 9, 21, 38, 18, 32, 35]
[50, 47, 42, 21, 19, 9, 10, 4, 46, 18, 38, 30, 12, 31, 17, 39, 40, 27, 5, 35, 32, 15, 45, 10, 46]
[35, 47, 31, 38, 9, 20, 49, 33, 33, 42, 43, 19, 9, 32, 25, 30, 8, 17, 51, 14, 6, 14, 23, 25, 27]
[35, 32, 7, 36, 36, 26, 28, 7, 13, 22, 31, 49, 38, 20, 34, 52, 26, 28, 14, 51, 4, 36, 32, 14, 24]
[11, 38, 16, 13, 4, 49, 20, 27, 45, 9, 44, 48, 11, 51, 47, 9, 17, 11, 47, 26, 9, 19, 14, 28, 37]
[49, 9, 52, 29, 16, 43, 24, 29, 17, 21, 24, 22, 25, 21, 42, 11, 40, 33, 43, 15, 22, 6, 6, 28, 15]
[32, 20, 5, 18, 4, 45, 13, 11, 42, 21, 50, 25, 26, 10, 51, 32, 48, 40, 7, 46, 20, 42, 30, 17, 31]
[23, 8, 5, 21, 25, 30, 35, 44, 19, 34, 35, 9, 52, 8, 22, 21, 16, 50, 15, 12, 29, 51, 35, 14, 30]
[35, 44, 21, 32, 14, 19, 36, 10, 32, 15, 10, 17, 33, 39, 32, 30, 19, 23, 36, 29, 21, 49, 29, 12, 21]
[44, 36, 46, 32, 46, 27, 48, 46, 43, 38, 25, 44, 50, 34, 44, 35, 7, 8, 9, 5, 40, 34, 14, 28, 41]
[44, 44, 15, 32, 15, 48, 19, 48, 14, 38, 7, 20, 27, 39, 24, 10, 31, 16, 27, 23, 52, 17, 45, 30, 5]
[52, 13, 17, 49, 23, 35, 12, 45, 35, 39, 31, 37, 7, 9, 7, 47, 20, 44, 18, 20, 24, 19, 4, 39, 49]
[49, 30, 52, 25, 22, 52, 4, 30, 17, 51, 25, 20, 4, 6, 14, 32, 26, 15, 8, 16, 33, 11, 33, 28, 50]
[33, 23, 4, 16, 49, 47, 26, 51, 37, 15, 15, 34, 24, 42, 4, 27, 12, 48, 19, 34, 27, 37, 42, 12, 25]
[17, 28, 12, 33, 5, 29, 11, 6, 52, 28, 44, 38, 21, 27, 16, 47, 41, 27, 41, 35, 39, 35, 18, 35, 20]
[23, 31, 36, 12, 34, 18, 18, 28, 6, 49, 52, 36, 26, 29, 35, 12, 46, 47, 39, 42, 31, 4, 26, 5, 52]
[35, 5, 24, 32, 47, 12, 13, 34, 40, 47, 29, 8, 41, 41, 27, 37, 34, 28, 36, 37, 38, 28, 10, 12, 32]
[4, 25, 24, 46, 22, 18, 40, 52, 14, 37, 27, 51, 7, 19, 12, 42, 36, 24, 31, 37, 9, 42, 23, 18, 40]
[21, 35, 52, 23, 40, 11, 32, 43, 18, 50, 38, 51, 45, 45, 39, 33, 29, 7, 41, 4, 35, 12, 33, 11, 36]
[49, 24, 50, 11, 18, 9, 28, 28, 39, 24, 28, 48, 43, 11, 20, 47, 12, 29, 42, 12, 42, 23, 42, 6, 21]
[51, 26, 39, 43, 21, 33, 12, 18, 30, 4, 20, 29, 46, 18, 34, 21, 46, 24, 33, 29, 29, 8, 5, 20, 49]
[48, 5, 51, 39, 38, 27, 42, 24, 37, 31, 48, 44, 29, 14, 37, 48, 44, 45, 27, 23, 31, 28, 32, 44, 17]
[12, 24, 49, 19, 36, 31, 45, 15, 17, 11, 10, 39, 9, 51, 28, 21, 10, 19, 48, 51, 48, 24, 4, 31, 34]
[16, 7, 18, 36, 12, 39, 8, 45, 18, 46, 29, 10, 4, 44, 27, 31, 37, 50, 38, 9, 29, 27, 48, 4, 35]
[50, 14, 15, 8, 44, 9, 12, 44, 5, 24, 46, 8, 48, 5, 16, 23, 11, 51, 33, 23, 7, 22, 9, 26, 10]
[7, 29, 17, 17, 5, 10, 6, 42, 13, 12, 32, 49, 17, 8, 25, 4, 51, 6, 18, 46, 24, 41, 21, 33, 28]
[41, 4, 17, 34, 6, 26, 32, 52, 15, 13, 6, 17, 36, 14, 32, 48, 30, 41, 24, 20, 7, 32, 30, 33, 39]
[51, 7, 22, 17, 10, 4, 48, 23, 38, 49, 14, 23, 41, 35, 10, 48, 23, 5, 13, 39, 35, 34, 16, 29, 34]
[27, 43, 23, 32, 5, 46, 13, 6, 43, 43, 12, 35, 48, 48, 8, 26, 29, 31, 28, 24, 36, 5, 29, 26, 35]
[44, 33, 31, 36, 44, 51, 41, 25, 47, 39, 7, 5, 24, 38, 49, 35, 38, 50, 28, 9, 37, 52, 8, 22, 19]
[31, 33, 24, 34, 46, 30, 20, 22, 15, 19, 52, 18, 6, 31, 11, 27, 30, 50, 51, 32, 6, 22, 21, 34, 15]
[4, 4, 52, 30, 41, 41, 51, 44, 6, 14, 5, 13, 23, 14, 44, 10, 30, 33, 48, 14, 33, 42, 42, 51, 11]
[45, 36, 43, 32, 8, 18, 30, 19, 16, 11, 18, 14, 36, 39, 17, 33, 22, 14, 37, 41, 26, 28, 24, 9, 25]
[25, 4, 5, 15, 30, 10, 24, 39, 15, 21, 13, 4, 22, 43, 33, 47, 7, 35, 42, 29, 52, 15, 7, 19, 41]
[9, 37, 35, 41, 51, 47, 32, 47, 21, 9, 27, 24, 28, 8, 7, 23, 47, 29, 52, 19, 47, 26, 26, 50, 49]
[15, 30, 4, 26, 42, 6, 8, 45, 25, 40, 33, 33, 16, 31, 27, 25, 32, 51, 21, 26, 34, 24, 52, 44, 17]
[31, 46, 29, 49, 37, 45, 35, 13, 28, 42, 46, 52, 19, 37, 7, 46, 21, 28, 44, 6, 19, 41, 41, 34, 39]
[6, 22, 25, 15, 5, 33, 20, 21, 39, 18, 21, 26, 52, 35, 10, 25, 47, 20, 37, 5, 33, 23, 43, 37, 48]
[39, 21, 33, 24, 36, 45, 34, 6, 15, 32, 51, 12, 10, 43, 48, 27, 4, 40, 47, 40, 11, 44, 40, 26, 9]
[46, 38, 6, 42, 13, 11, 23, 35, 7, 12, 18, 31, 46, 42, 48, 13, 23, 40, 4, 41, 34, 20, 27, 13, 39]
[51, 4, 10, 26, 41, 23, 47, 29, 7, 49, 32, 42, 30, 13, 21, 45, 41, 35, 4, 7, 39, 29, 11, 9, 40]
[46, 51, 32, 43, 41, 36, 30, 43, 34, 4, 46, 34, 28, 25, 7, 12, 19, 46, 6, 9, 25, 52, 46, 39, 11]
[46, 9, 26, 18, 31, 24, 24, 11, 36, 52, 25, 41, 22, 27, 10, 25, 10, 12, 27, 12, 29, 4, 29, 33, 22]
[12, 37, 47, 20, 12, 4, 5, 34, 5, 11, 30, 41, 21, 26, 29, 20, 35, 32, 12, 19, 47, 31, 15, 4, 37]
[14, 40, 51, 37, 49, 20, 47, 19, 30, 36, 40, 10, 6, 35, 41, 14, 43, 49, 25, 14, 26, 14, 12, 24, 5]
[38, 40, 13, 32, 5, 18, 51, 40, 6, 7, 38, 41, 47, 37, 6, 10, 42, 13, 35, 13, 14, 18, 11, 15, 43]
[42, 51, 37, 23, 31, 37, 15, 27, 34, 36, 9, 11, 20, 16, 37, 51, 12, 37, 40, 36, 18, 31, 6, 27, 37]
[52, 47, 20, 30, 37, 13, 4, 9, 37, 11, 19, 5, 33, 33, 31, 9, 27, 45, 42, 10, 19, 44, 41, 21, 29]
[33, 13, 39, 47, 52, 5, 29, 31, 21, 35, 18, 32, 22, 10, 45, 42, 52, 10, 11, 10, 49, 48, 11, 40, 22]
[35, 6, 34, 46, 26, 42, 23, 51, 9, 29, 19, 9, 48, 13, 43, 11, 14, 49, 17, 27, 52, 27, 42, 51, 52]
[34, 32, 41, 50, 36, 41, 15, 14, 23, 43, 12, 29, 10, 11, 17, 7, 36, 28, 38, 51, 4, 40, 11, 20, 13]
[52, 4, 36, 48, 7, 20, 19, 35, 44, 4, 33, 7, 21, 38, 40, 16, 10, 17, 36, 47, 17, 41, 18, 29, 15]
[22, 11, 9, 29, 19, 34, 31, 18, 28, 37, 41, 14, 20, 37, 42, 49, 17, 44, 27, 10, 29, 23, 47, 40, 45]
[18, 38, 21, 22, 24, 17, 32, 45, 18, 9, 6, 35, 18, 52, 40, 44, 17, 17, 40, 30, 42, 42, 25, 39, 42]
[50, 17, 15, 25, 17, 20, 15, 32, 48, 43, 7, 7, 22, 27, 18, 18, 26, 52, 30, 14, 13, 26, 26, 23, 40]
[15, 50, 23, 19, 28, 19, 52, 11, 20, 8, 40, 7, 15, 18, 31, 40, 19, 25, 33, 14, 28, 30, 37, 22, 39]
[45, 38, 45, 37, 11, 45, 20, 12, 15, 9, 29, 12, 22, 22, 13, 9, 9, 37, 7, 44, 52, 46, 34, 24, 38]
[30, 14, 47, 25, 41, 26, 46, 11, 49, 30, 40, 19, 18, 13, 26, 32, 26, 24, 36, 51, 43, 25, 36, 34, 42]
[16, 7, 34, 4, 14, 38, 46, 36, 32, 30, 45, 21, 44, 52, 8, 36, 31, 22, 51, 20, 16, 24, 13, 46, 46]
[19, 10, 8, 14, 16, 18, 34, 22, 9, 26, 29, 29, 32, 10, 22, 24, 52, 27, 37, 20, 26, 38, 14, 40, 8]
[29, 16, 11, 39, 23, 12, 6, 47, 24, 4, 21, 7, 44, 47, 17, 16, 27, 29, 35, 35, 10, 48, 23, 25, 50]
[47, 33, 29, 46, 40, 27, 17, 16, 37, 48, 20, 39, 37, 47, 39, 12, 46, 52, 49, 31, 10, 10, 51, 43, 5]
[40, 32, 46, 37, 49, 47, 4, 14, 29, 30, 25, 39, 15, 30, 33, 18, 30, 49, 51, 51, 11, 4, 44, 34, 4]
[37, 5, 44, 42, 22, 37, 34, 11, 37, 10, 17, 16, 24, 47, 11, 35, 16, 4, 18, 8, 16, 10, 7, 27, 38]
[36, 33, 28, 51, 8, 36, 33, 33, 5, 39, 44, 16, 31, 10, 10, 6, 5, 38, 22, 8, 36, 7, 32, 48, 37]
[33, 52, 26, 30, 52, 30, 52, 8, 9, 27, 39, 20, 47, 36, 9, 40, 34, 46, 9, 14, 15, 49, 40, 10, 18]
[47, 31, 48, 11, 19, 5, 22, 27, 37, 27, 47, 31, 27, 12, 52, 43, 39, 37, 48, 21, 23, 24, 17, 33, 10]
[14, 46, 24, 41, 45, 8, 41, 41, 40, 18, 38, 4, 21, 10, 31, 13, 40, 48, 41, 43, 35, 4, 44, 16, 8]
[28, 15, 50, 11, 34, 46, 49, 52, 40, 14, 28, 45, 6, 8, 45, 9, 26, 8, 19, 35, 19, 26, 17, 44, 6]
[21, 18, 37, 47, 18, 39, 32, 50, 43, 10, 39, 36, 10, 19, 47, 35, 23, 41, 41, 13, 35, 19, 20, 10, 34]
[13, 52, 11, 25, 24, 50, 49, 15, 45, 7, 45, 19, 29, 12, 40, 8, 24, 15, 47, 31, 19, 6, 9, 42, 18]
[26, 38, 23, 8, 12, 7, 34, 46, 23, 33, 10, 10, 24, 21, 37, 23, 50, 8, 45, 23, 32, 19, 48, 43, 26]
[25, 20, 6, 35, 33, 23, 22, 8, 45, 7, 35, 10, 20, 28, 41, 39, 39, 28, 43, 43, 41, 15, 50, 21, 14]
[40, 32, 35, 37, 33, 33, 8, 11, 34, 17, 6, 42, 14, 16, 15, 20, 37, 10, 13, 19, 30, 10, 32, 4, 50]
[15, 13, 27, 35, 29, 46, 42, 47, 17, 41, 41, 52, 5, 48, 33, 14, 34, 16, 21, 24, 26, 37, 46, 22, 15]
[16, 46, 39, 7, 29, 20, 46, 11, 12, 19, 44, 39, 48, 33, 32, 30, 52, 21, 42, 43, 26, 34, 18, 46, 30]
[15, 22, 47, 51, 4, 48, 50, 37, 41, 31, 38, 24, 32, 42, 14, 25, 18, 17, 42, 52, 21, 41, 37, 18, 44]
[29, 10, 25, 27, 25, 6, 5, 9, 9, 35, 52, 8, 17, 10, 50, 35, 39, 38, 20, 33, 41, 42, 31, 8, 51]
[30, 11, 42, 11, 52, 48, 6, 34, 12, 47, 34, 5, 23, 16, 26, 11, 45, 32, 15, 33, 40, 8, 16, 37, 45]
[15, 5, 10, 50, 39, 42, 8, 34, 27, 40, 16, 16, 42, 36, 32, 51, 12, 47, 7, 27, 48, 36, 8, 49, 34]
[6, 33, 47, 43, 21, 36, 26, 38, 30, 26, 50, 29, 17, 16, 33, 11, 35, 45, 43, 33, 4, 44, 42, 25, 35]
[25, 15, 14, 34, 21, 30, 49, 26, 21, 25, 49, 47, 40, 15, 47, 6, 47, 21, 28, 16, 50, 19, 6, 13, 29]
[27, 28, 42, 29, 4, 4, 19, 14, 8, 30, 32, 19, 9, 35, 35, 41, 12, 50, 24, 9, 29, 41, 52, 32, 8]
[35, 39, 13, 24, 52, 39, 25, 27, 34, 25, 17, 34, 26, 48, 11, 49, 37, 33, 21, 40, 49, 25, 14, 29, 13]
[10, 5, 33, 10, 12, 36, 50, 52, 45, 52, 19, 36, 35, 18, 42, 10, 44, 38, 48, 15, 22, 18, 19, 20, 13]
[30, 15, 28, 8, 13, 10, 51, 14, 32, 48, 14, 45, 38, 52, 26, 14, 44, 30, 41, 19, 37, 38, 44, 10, 15]
[21, 14, 17, 38, 39, 50, 41, 42, 47, 20, 22, 28, 40, 49, 13, 48, 35, 6, 27, 16, 15, 51, 8, 30, 23]
[22, 36, 12, 48, 24, 37, 44, 51, 42, 33, 52, 51, 39, 31, 21, 5, 39, 14, 17, 13, 14, 22, 16, 36, 18]
[49, 29, 49, 37, 11, 23, 30, 35, 32, 47, 18, 49, 32, 7, 24, 45, 16, 36, 11, 27, 13, 20, 23, 44, 49]
[46, 14, 18, 19, 31, 13, 50, 45, 49, 5, 15, 49, 50, 35, 43, 25, 6, 34, 14, 15, 28, 37, 50, 43, 43]
[35, 27, 40, 14, 40, 4, 38, 44, 9, 11, 15, 15, 25, 4, 15, 48, 24, 35, 43, 44, 36, 17, 32, 24, 37]
[33, 6, 38, 11, 17, 21, 42, 44, 45, 50, 28, 6, 13, 6, 10, 38, 43, 9, 10, 40, 16, 36, 5, 49, 19]
[6, 29, 10, 29, 48, 14, 30, 36, 39, 22, 4, 51, 6, 28, 52, 17, 10, 24, 52, 43, 4, 51, 42, 52, 46]
[44, 47, 43, 50, 38, 51, 4, 17, 21, 31, 10, 8, 6, 23, 15, 4, 35, 45, 37, 23, 44, 34, 20, 21, 12]
[33, 39, 20, 5, 11, 20, 49, 7, 28, 38, 34, 8, 35, 29, 32, 34, 14, 25, 15, 8, 25, 31, 4, 30, 9]
[5, 13, 41, 10, 34, 50, 11, 17, 30, 8, 18, 24, 31, 18, 52, 20, 35, 7, 30, 12, 50, 15, 23, 45, 17]
[37, 52, 27, 29, 26, 14, 51, 15, 22, 47, 11, 47, 7, 6, 6, 12, 46, 25, 45, 40, 29, 47, 49, 8, 39]
[37, 50, 37, 47, 48, 15, 6, 7, 37, 30, 23, 4, 20, 19, 8, 33, 19, 27, 52, 8, 6, 22, 29, 34, 49]
[23, 18, 7, 40, 11, 35, 4, 9, 13, 47, 41, 19, 23, 43, 20, 33, 30, 22, 12, 24, 27, 44, 42, 25, 24]
[5, 48, 31, 31, 35, 33, 22, 47, 28, 14, 47, 13, 12, 24, 51, 9, 7, 35, 20, 20, 21, 17, 12, 47, 19]
[18, 39, 27, 37, 18, 15, 51, 43, 16, 27, 52, 35, 47, 14, 34, 49, 27, 36, 35, 45, 5, 37, 19, 24, 13]
[16, 37, 9, 39, 9, 10, 21, 32, 27, 50, 28, 27, 5, 41, 24, 32, 45, 34, 30, 42, 14, 5, 49, 14, 20]
[44, 48, 46, 17, 5, 39, 44, 35, 38, 7, 18, 8, 43, 7, 35, 9, 31, 21, 6, 6, 23, 51, 48, 49, 23]
[44, 10, 51, 39, 23, 23, 33, 10, 6, 13, 18, 42, 8, 46, 29, 52, 10, 39, 20, 7, 47, 17, 48, 27, 24]
[33, 44, 9, 45, 5, 40, 35, 41, 15, 11, 22, 29, 48, 5, 18, 13, 44, 15, 5, 36, 8, 18, 15, 26, 8]
[37, 41, 11, 46, 15, 50, 34, 39, 18, 4, 11, 18, 14, 45, 51, 4, 24, 6, 29, 36, 52, 16, 28, 51, 9]
[24, 45, 21, 43, 22, 26, 39, 37, 18, 36, 19, 6, 26, 42, 50, 10, 44, 22, 28, 10, 17, 28, 49, 51, 27]
[27, 33, 46, 29, 34, 15, 22, 33, 10, 24, 17, 14, 32, 31, 11, 48, 47, 23, 12, 47, 8, 10, 14, 12, 34]
[25, 30, 44, 40, 47, 52, 19, 9, 28, 23, 37, 42, 7, 30, 33, 7, 12, 52, 32, 9, 50, 17, 48, 4, 50]
[36, 40, 50, 12, 48, 28, 49, 42, 5, 52, 41, 5, 41, 34, 39, 25, 13, 17, 14, 29, 20, 31, 13, 27, 4]
[35, 4, 48, 4, 12, 46, 25, 45, 20, 42, 10, 25, 49, 11, 39, 34, 33, 27, 38, 8, 13, 42, 18, 18, 49]
[43, 42, 19, 4, 33, 17, 14, 16, 26, 46, 42, 48, 4, 42, 40, 23, 42, 49, 17, 45, 6, 10, 37, 32, 8]
[50, 9, 19, 44, 24, 12, 48, 12, 8, 31, 4, 43, 10, 49, 18, 22, 16, 33, 21, 24, 28, 43, 50, 12, 32]
[19, 26, 28, 35, 12, 14, 39, 28, 44, 7, 13, 40, 7, 39, 42, 52, 48, 38, 34, 17, 32, 21, 33, 23, 33]
[15, 37, 11, 6, 31, 16, 7, 16, 51, 15, 8, 39, 5, 15, 19, 27, 17, 17, 41, 12, 44, 10, 34, 49, 46]
[40, 19, 12, 7, 33, 32, 33, 20, 11, 6, 26, 11, 4, 34, 42, 12, 13, 30, 31, 29, 33, 13, 52, 16, 43]
[51, 13, 7, 23, 37, 37, 48, 50, 15, 34, 17, 40, 33, 16, 16, 36, 9, 29, 43, 9, 24, 29, 13, 48, 52]
[38, 20, 32, 40, 48, 8, 33, 42, 41, 31, 43, 46, 48, 47, 8, 14, 4, 31, 12, 45, 36, 8, 7, 43, 20]
[15, 41, 41, 30, 52, 17, 45, 14, 32, 25, 49, 45, 37, 41, 21, 34, 20, 41, 43, 33, 51, 11, 50, 41, 11]
[21, 6, 5, 50, 38, 25, 14, 10, 49, 16, 18, 21, 11, 8, 37, 48, 11, 49, 5, 34, 13, 31, 47, 8, 39]
[10, 24, 49, 6, 27, 47, 30, 12, 28, 24, 27, 17, 36, 40, 44, 49, 9, 23, 51, 36, 19, 24, 5, 27, 29]
[47, 41, 35, 48, 8, 5, 29, 40, 4, 17, 21, 9, 38, 48, 41, 36, 42, 16, 33, 47, 9, 7, 43, 24, 41]
[47, 20, 9, 52, 11, 26, 46, 48, 46, 22, 37, 46, 40, 26, 31, 43, 15, 23, 27, 31, 7, 43, 33, 42, 43]
[29, 39, 21, 20, 15, 4, 40, 44, 33, 14, 42, 49, 28, 28, 28, 4, 15, 41, 16, 17, 23, 20, 18, 7, 43]
[17, 46, 36, 4, 19, 33, 26, 27, 36, 10, 15, 14, 37, 9, 41, 29, 38, 21, 19, 31, 27, 14, 7, 11, 36]
[22, 27, 13, 18, 36, 42, 11, 45, 46, 6, 45, 21, 50, 38, 33, 19, 45, 15, 9, 30, 9, 19, 33, 23, 8]
[36, 26, 32, 12, 21, 10, 49, 40, 17, 8, 5, 46, 52, 22, 8, 12, 8, 48, 5, 49, 12, 51, 16, 35, 9]
[5, 18, 43, 12, 20, 47, 46, 41, 29, 9, 26, 30, 5, 40, 12, 50, 5, 32, 10, 49, 48, 27, 32, 47, 41]
[49, 5, 27, 12, 46, 49, 19, 39, 44, 18, 23, 31, 34, 32, 4, 25, 29, 11, 33, 46, 9, 48, 17, 17, 20]
[15, 24, 17, 38, 20, 36, 50, 50, 16, 28, 5, 47, 4, 11, 10, 36, 29, 35, 8, 15, 29, 43, 11, 21, 11]
[50, 49, 41, 14, 49, 22, 16, 37, 19, 9, 9, 43, 50, 17, 18, 42, 18, 26, 36, 25, 45, 51, 5, 23, 41]
[33, 6, 5, 21, 42, 7, 13, 20, 17, 42, 27, 20, 9, 5, 23, 33, 29, 13, 51, 36, 5, 5, 35, 28, 22]
[28, 24, 5, 48, 49, 41, 42, 31, 11, 44, 34, 26, 52, 6, 37, 29, 23, 10, 41, 32, 32, 18, 51, 10, 22]
[24, 44, 27, 14, 43, 45, 33, 14, 13, 27, 14, 45, 32, 32, 8, 33, 34, 37, 31, 25, 7, 26, 13, 41, 48]
[21, 8, 8, 6, 16, 17, 19, 19, 15, 23, 52, 40, 4, 51, 25, 7, 31, 4, 49, 29, 36, 16, 29, 30, 38]
[19, 41, 13, 41, 47, 5, 26, 22, 34, 11, 6, 11, 50, 17, 10, 5, 28, 12, 46, 19, 46, 40, 43, 28, 11]
[48, 34, 7, 11, 43, 51, 21, 38, 19, 28, 6, 32, 9, 24, 40, 51, 21, 46, 35, 20, 45, 45, 41, 4, 7]
[15, 26, 46, 52, 22, 31, 36, 21, 6, 34, 16, 33, 8, 40, 29, 20, 14, 4, 52, 15, 23, 26, 29, 48, 19]
[5, 12, 51, 18, 29, 52, 16, 12, 21, 49, 35, 41, 27, 12, 24, 29, 46, 27, 35, 45, 23, 28, 31, 36, 41]
[32, 33, 44, 35, 38, 16, 29, 24, 14, 44, 16, 20, 48, 37, 6, 52, 13, 19, 6, 43, 52, 52, 18, 20, 27]
[19, 30, 44, 32, 27, 10, 28, 32, 21, 38, 27, 20, 9, 5, 50, 31, 34, 21, 6, 17, 42, 5, 29, 9, 36]
[41, 13, 18, 52, 33, 42, 33, 40, 34, 52, 33, 23, 39, 4, 23, 51, 20, 38, 19, 51, 11, 18, 17, 27, 20]
[26, 8, 32, 9, 44, 17, 24, 25, 14, 46, 5, 17, 27, 37, 33, 50, 12, 23, 25, 6, 37, 39, 28, 26, 4]
[13, 25, 30, 23, 39, 45, 37, 35, 29, 4, 12, 10, 30, 32, 36, 21, 21, 19, 46, 22, 13, 8, 36, 32, 44]
[9, 15, 34, 17, 14, 15, 38, 49, 39, 36, 33, 33, 27, 27, 48, 14, 42, 38, 26, 26, 9, 22, 36, 43, 45]
[40, 18, 14, 18, 49, 51, 36, 12, 31, 27, 33, 30, 13, 34, 38, 34, 40, 5, 47, 42, 36, 51, 39, 14, 6]
[24, 50, 13, 22, 37, 15, 38, 9, 47, 10, 10, 13, 36, 25, 27, 18, 14, 11, 5, 40, 43, 18, 12, 21, 15]
[6, 23, 6, 16, 35, 37, 34, 13, 51, 5, 22, 30, 27, 44, 34, 29, 8, 41, 47, 15, 45, 43, 14, 50, 9]
[33, 39, 30, 33, 17, 35, 35, 17, 47, 47, 25, 19, 46, 35, 14, 24, 45, 23, 28, 32, 31, 46, 49, 17, 46]
[25, 37, 11, 25, 38, 33, 13, 30, 5, 34, 26, 28, 47, 4, 44, 38, 42, 5, 14, 31, 32, 10, 24, 36, 10]
[23, 24, 16, 47, 5, 41, 40, 38, 50, 22, 15, 44, 15, 52, 16, 9, 41, 32, 48, 32, 44, 9, 41, 51, 32]
[22, 28, 43, 36, 18, 20, 33, 33, 50, 24, 9, 51, 23, 40, 44, 16, 9, 14, 29, 31, 30, 13, 27, 29, 17]
[21, 29, 40, 19, 18, 7, 45, 42, 12, 28, 50, 30, 19, 49, 12, 17, 42, 21, 10, 49, 19, 52, 46, 16, 20]
[25, 47, 13, 6, 39, 12, 25, 44, 8, 12, 24, 7, 12, 7, 43, 10, 51, 27, 13, 37, 23, 47, 21, 28, 52]
[49, 23, 39, 35, 8, 21, 43, 20, 17, 52, 5, 41, 14, 6, 19, 26, 45, 25, 50, 26, 50, 17, 38, 28, 4]
[28, 22, 25, 16, 19, 48, 52, 11, 15, 52, 26, 40, 39, 4, 36, 31, 15, 8, 12, 30, 7, 32, 8, 37, 40]
[40, 27, 14, 33, 52, 32, 40, 32, 20, 8, 9, 32, 22, 12, 33, 7, 21, 52, 50, 42, 6, 31, 26, 27, 12]
[18, 49, 8, 14, 15, 50, 37, 34, 22, 47, 36, 32, 23, 34, 8, 50, 42, 18, 9, 45, 14, 17, 9, 25, 45]
[49, 4, 48, 13, 42, 33, 37, 8, 7, 35, 52, 24, 8, 8, 39, 29, 38, 12, 29, 11, 40, 39, 43, 42, 52]
[23, 10, 52, 15, 15, 42, 16, 21, 35, 22, 13, 22, 39, 15, 24, 45, 28, 46, 30, 19, 16, 51, 24, 20, 41]
[39, 19, 48, 38, 6, 29, 10, 6, 41, 52, 38, 40, 14, 4, 22, 5, 11, 52, 21, 40, 46, 4, 15, 44, 6]
[12, 43, 43, 36, 36, 19, 51, 35, 33, 39, 37, 11, 43, 38, 34, 7, 11, 25, 46, 38, 34, 24, 17, 10, 39]
[35, 30, 12, 24, 29, 42, 42, 37, 13, 19, 51, 41, 37, 5, 48, 12, 49, 14, 8, 17, 50, 29, 34, 32, 49]
[51, 17, 35, 20, 47, 12, 32, 46, 39, 15, 6, 31, 42, 35, 52, 31, 42, 9, 16, 51, 6, 15, 15, 42, 31]
[16, 49, 22, 51, 17, 32, 31, 44, 33, 17, 44, 46, 49, 28, 27, 38, 29, 31, 48, 39, 4, 47, 43, 24, 27]
[17, 6, 44, 32, 36, 30, 52, 39, 45, 36, 30, 14, 42, 28, 18, 45, 11, 29, 37, 4, 14, 28, 34, 38, 29]
[45, 5, 11, 31, 8, 43, 46, 15, 14, 21, 36, 9, 35, 39, 11, 38, 19, 37, 15, 13, 29, 18, 18, 12, 13]
[9, 36, 40, 20, 24, 26, 27, 23, 8, 18, 17, 24, 15, 33, 50, 52, 22, 13, 17, 33, 20, 26, 23, 51, 8]
[51, 46, 33, 4, 7, 23, 31, 28, 37, 25, 34, 33, 30, 6, 18, 48, 19, 41, 52, 38, 48, 48, 20, 46, 8]
[42, 48, 43, 10, 34, 28, 32, 27, 8, 42, 22, 32, 16, 12, 46, 20, 8, 36, 27, 5, 39, 6, 42, 45, 51]
[4, 16, 13, 38, 46, 34, 29, 28, 35, 5, 37, 5, 23, 16, 46, 42, 4, 29, 24, 4, 12, 19, 7, 30, 37]
[22, 26, 30, 34, 17, 50, 52, 49, 21, 28, 17, 46, 30, 4, 47, 39, 23, 49, 34, 11, 49, 24, 17, 45, 35]
[4, 51, 48, 7, 39, 27, 29, 23, 20, 27, 5, 8, 29, 37, 5, 43, 35, 50, 29, 39, 33, 38, 21, 38, 22]
[10, 13, 17, 5, 19, 35, 19, 19, 38, 42, 4, 29, 17, 26, 7, 35, 16, 10, 46, 6, 35, 40, 32, 35, 42]
[5, 37, 33, 48, 47, 38, 27, 38, 31, 7, 26, 8, 48, 20, 40, 30, 47, 11, 23, 20, 48, 29, 20, 19, 47]
[11, 21, 46, 26, 44, 44, 41, 20, 29, 20, 38, 30, 47, 43, 12, 19, 24, 30, 28, 48, 46, 9, 38, 39, 44]
[4, 52, 28, 37, 7, 34, 25, 31, 33, 36, 30, 29, 10, 41, 42, 5, 43, 42, 15, 19, 14, 29, 6, 10, 20]
[39, 34, 49, 13, 20, 30, 46, 13, 4, 9, 25, 16, 13, 37, 16, 15, 6, 37, 14, 12, 17, 42, 52, 52, 19]
[6, 15, 9, 22, 7, 17, 51, 43, 19, 44, 31, 10, 50, 23, 21, 19, 43, 22, 46, 11, 31, 25, 27, 37, 52]
[47, 45, 30, 8, 15, 6, 18, 10, 27, 28, 12, 19, 48, 11, 9, 15, 32, 33, 42, 41, 24, 52, 11, 8, 18]
[30, 46, 11, 26, 22, 8, 22, 36, 15, 29, 27, 18, 35, 11, 27, 4, 29, 27, 19, 13, 38, 17, 27, 17, 44]
[47, 6, 7, 11, 50, 35, 33, 7, 24, 35, 51, 30, 11, 20, 31, 13, 21, 51, 36, 14, 14, 27, 50, 23, 39]
[47, 40, 28, 6, 12, 51, 35, 4, 32, 50, 31, 46, 30, 51, 48, 20, 49, 12, 13, 34, 49, 10, 10, 41, 18]
[13, 30, 40, 28, 20, 50, 37, 51, 22, 13, 41, 49, 23, 22, 46, 26, 6, 34, 8, 43, 12, 35, 51, 49, 14]
[49, 32, 37, 46, 51, 28, 47, 21, 17, 22, 4, 38, 23, 30, 34, 5, 9, 44, 23, 14, 30, 37, 39, 5, 21]
[36, 6, 51, 21, 21, 40, 11, 36, 11, 49, 15, 32, 47, 28, 38, 47, 51, 27, 7, 16, 29, 13, 48, 49, 11]
[6, 11, 49, 29, 33, 11, 21, 51, 17, 4, 22, 31, 7, 5, 12, 5, 4, 22, 26, 26, 34, 23, 21, 12, 5]
[13, 43, 18, 38, 36, 46, 23, 38, 38, 34, 27, 38, 16, 7, 47, 27, 19, 24, 6, 48, 24, 13, 47, 17, 16]
[31, 11, 45, 13, 31, 14, 44, 21, 27, 12, 23, 28, 24, 18, 38, 8, 41, 13, 36, 7, 31, 5, 40, 22, 18]
[5, 24, 19, 35, 17, 44, 52, 50, 34, 18, 31, 16, 17, 4, 41, 32, 4, 5, 38, 20, 24, 6, 40, 11, 34]
[12, 12, 24, 37, 26, 24, 25, 32, 31, 34, 16, 36, 19, 21, 46, 22, 12, 47, 9, 10, 37, 47, 6, 40, 33]
[41, 47, 15, 25, 28, 13, 27, 40, 4, 35, 40, 4, 39, 51, 25, 38, 26, 8, 35, 8, 15, 10, 30, 7, 7]
[43, 15, 38, 41, 40, 44, 43, 8, 23, 45, 26, 29, 19, 9, 41, 19, 43, 36, 25, 37, 49, 50, 14, 15, 36]
[30, 40, 51, 43, 20, 41, 13, 32, 21, 16, 24, 12, 15, 45, 16, 27, 40, 17, 48, 18, 23, 40, 8, 32, 15]
[48, 9, 50, 9, 9, 49, 46, 48, 33, 32, 34, 12, 38, 25, 29, 34, 50, 48, 29, 6, 45, 40, 44, 22, 44]
[6, 28, 47, 33, 4, 12, 30, 33, 43, 15, 15, 30, 22, 48, 35, 28, 32, 24, 24, 50, 30, 17, 10, 4, 38]
[4, 42, 40, 5, 35, 26, 4, 28, 50, 31, 48, 24, 17, 19, 46, 51, 50, 28, 29, 46, 7, 28, 17, 7, 26]
[15, 41, 12, 11, 34, 33, 39, 49, 42, 26, 46, 38, 40, 7, 15, 18, 43, 22, 15, 39, 38, 23, 4, 35, 26]
[33, 52, 16, 22, 43, 27, 38, 30, 42, 46, 42, 29, 41, 26, 6, 18, 39, 17, 32, 27, 13, 47, 46, 5, 14]
[23, 23, 25, 47, 25, 23, 41, 18, 24, 51, 41, 37, 21, 6, 43, 27, 52, 9, 7, 14, 22, 28, 24, 17, 23]
[15, 52, 39, 39, 51, 28, 45, 5, 14, 6, 36, 52, 4, 40, 8, 50, 24, 39, 21, 37, 6, 29, 13, 7, 7]
[50, 39, 51, 8, 15, 52, 14, 36, 49, 39, 51, 50, 40, 7, 29, 4, 12, 43, 14, 23, 13, 22, 31, 50, 47]
[13, 23, 16, 40, 24, 37, 52, 28, 41, 44, 31, 6, 26, 40, 24, 11, 4, 17, 49, 13, 5, 31, 45, 50, 40]
[38, 41, 19, 46, 32, 51, 8, 26, 19, 20, 8, 28, 22, 19, 4, 9, 41, 29, 46, 39, 45, 46, 5, 43, 42]
[51, 27, 34, 10, 43, 37, 26, 28, 32, 43, 24, 51, 28, 26, 20, 32, 49, 21, 20, 11, 33, 33, 4, 52, 46]
[20, 13, 39, 8, 30, 35, 14, 26, 13, 6, 10, 22, 16, 23, 26, 14, 18, 37, 37, 8, 35, 7, 8, 21, 36]
[35, 50, 34, 33, 28, 5, 6, 24, 38, 32, 10, 9, 6, 13, 20, 16, 5, 7, 22, 15, 5, 51, 27, 15, 42]
[4, 39, 10, 5, 20, 17, 5, 49, 19, 13, 4, 37, 8, 5, 39, 41, 9, 35, 21, 43, 8, 9, 51, 22, 49]
[48, 50, 40, 35, 40, 47, 18, 48, 16, 19, 13, 46, 12, 36, 41, 40, 11, 4, 28, 49, 25, 18, 24, 20, 50]
[44, 23, 15, 16, 37, 33, 26, 24, 11, 22, 17, 35, 36, 36, 35, 26, 5, 51, 25, 51, 5, 44, 25, 19, 37]
[23, 41, 6, 36, 33, 32, 6, 17, 44, 44, 9, 38, 15, 28, 9, 50, 46, 38, 31, 44, 18, 9, 26, 34, 24]
[36, 30, 10, 45, 6, 18, 9, 25, 18, 15, 12, 25, 11, 45, 14, 46, 12, 42, 26, 36, 42, 51, 29, 52, 34]
[17, 7, 34, 14, 10, 47, 7, 49, 33, 8, 12, 23, 31, 33, 10, 30, 23, 17, 23, 10, 40, 16, 40, 50, 8]
[16, 44, 9, 37, 47, 22, 41, 46, 19, 52, 28, 27, 46, 9, 32, 46, 14, 37, 28, 38, 45, 25, 10, 37, 51]
[25, 12, 45, 26, 48, 42, 34, 9, 38, 48, 51, 47, 40, 18, 12, 4, 51, 6, 39, 26, 10, 46, 8, 47, 10]
[28, 21, 50, 31, 14, 15, 52, 36, 48, 17, 7, 36, 36, 25, 39, 15, 16, 52, 18, 32, 26, 5, 5, 32, 18]
[45, 35, 11, 10, 24, 17, 20, 36, 18, 37, 36, 12, 35, 52, 15, 41, 13, 23, 49, 16, 27, 14, 37, 11, 49]
[41, 49, 42, 15, 6, 49, 43, 47, 44, 52, 33, 25, 8, 21, 30, 38, 39, 34, 24, 18, 20, 14, 42, 17, 24]
[14, 51, 47, 20, 10, 10, 5, 51, 34, 48, 50, 18, 22, 29, 13, 49, 43, 29, 35, 5, 27, 37, 38, 51, 51]
[38, 17, 24, 26, 52, 7, 34, 38, 23, 17, 11, 26, 44, 36, 17, 9, 12, 29, 16, 43, 16, 49, 39, 51, 22]
[17, 45, 47, 50, 44, 38, 21, 36, 10, 51, 27, 34, 33, 41, 5, 37, 6, 15, 33, 11, 31, 12, 26, 31, 49]
[36, 35, 37, 15, 29, 26, 48, 35, 40, 24, 30, 18, 9, 38, 26, 17, 21, 30, 30, 40, 34, 27, 9, 47, 47]
[21, 42, 8, 23, 26, 44, 23, 26, 49, 51, 30, 37, 20, 36, 43, 51, 46, 23, 32, 25, 5, 5, 39, 11, 34]
[4, 20, 44, 50, 50, 14, 46, 5, 21, 22, 49, 39, 38, 41, 13, 44, 10, 20, 26, 16, 15, 27, 46, 23, 16]
[8, 32, 41, 13, 17, 7, 17, 20, 49, 12, 44, 42, 35, 11, 22, 6, 24, 32, 45, 22, 49, 48, 24, 25, 7]
[50, 11, 51, 27, 28, 26, 43, 7, 35, 14, 18, 5, 19, 34, 10, 33, 20, 31, 14, 7, 30, 50, 27, 6, 27]
[6, 4, 44, 25, 33, 41, 37, 33, 13, 41, 22, 17, 44, 18, 27, 42, 13, 14, 29, 4, 47, 16, 24, 7, 22]
[51, 25, 49, 29, 19, 43, 27, 44, 44, 25, 40, 12, 5, 45, 52, 19, 16, 6, 40, 41, 23, 22, 9, 16, 16]
[13, 32, 6, 5, 9, 34, 29, 52, 50, 7, 28, 43, 26, 51, 5, 39, 7, 5, 36, 28, 4, 6, 13, 10, 13]
[23, 37, 51, 37, 43, 29, 36, 48, 21, 34, 10, 42, 43, 24, 35, 18, 52, 23, 30, 28, 30, 17, 29, 40, 43]
[8, 39, 20, 5, 43, 47, 15, 24, 50, 12, 12, 12, 41, 35, 24, 46, 13, 9, 34, 52, 21, 24, 50, 12, 16]
[23, 4, 4, 32, 10, 13, 32, 11, 48, 37, 30, 27, 26, 29, 12, 38, 26, 22, 9, 52, 12, 41, 12, 46, 33]
[5, 41, 44, 29, 45, 13, 20, 7, 32, 25, 37, 10, 27, 27, 4, 17, 27, 41, 18, 18, 9, 40, 18, 48, 46]
[21, 25, 15, 30, 7, 13, 52, 35, 5, 16, 49, 20, 10, 43, 17, 49, 20, 23, 22, 45, 25, 52, 5, 43, 32]
[51, 21, 14, 8, 32, 10, 5, 21, 38, 23, 4, 7, 28, 11, 41, 15, 42, 46, 33, 26, 35, 38, 49, 15, 26]
[18, 27, 15, 41, 49, 6, 20, 20, 35, 41, 41, 7, 16, 16, 38, 7, 48, 20, 20, 42, 12, 52, 36, 52, 44]
[26, 16, 37, 15, 19, 35, 52, 40, 16, 20, 29, 24, 42, 47, 38, 22, 43, 31, 25, 17, 10, 12, 22, 14, 31]
[50, 32, 4, 32, 29, 43, 13, 42, 4, 49, 13, 39, 49, 33, 12, 44, 13, 24, 4, 20, 40, 5, 17, 21, 15]
[28, 38, 45, 6, 17, 33, 17, 49, 12, 21, 4, 37, 44, 36, 16, 39, 22, 23, 10, 10, 6, 4, 23, 30, 10]
[8, 30, 23, 30, 7, 26, 28, 5, 13, 25, 39, 27, 4, 26, 24, 10, 44, 21, 52, 27, 7, 5, 45, 24, 38]
[7, 16, 14, 21, 48, 39, 12, 11, 46, 47, 40, 50, 46, 26, 49, 37, 8, 24, 19, 4, 11, 8, 44, 14, 5]
[32, 23, 47, 35, 19, 19, 31, 16, 39, 9, 10, 39, 23, 19, 28, 36, 52, 44, 35, 34, 4, 32, 8, 50, 28]
[6, 10, 9, 52, 26, 24, 28, 50, 7, 9, 48, 38, 8, 15, 4, 39, 19, 28, 6, 22, 10, 48, 12, 35, 27]
[41, 47, 24, 49, 7, 4, 13, 40, 21, 44, 48, 43, 20, 23, 40, 15, 43, 14, 19, 42, 16, 14, 42, 13, 18]
[45, 8, 38, 31, 12, 35, 17, 27, 48, 17, 13, 9, 25, 25, 47, 11, 15, 10, 40, 22, 23, 34, 49, 11, 40]
[36, 34, 27, 27, 21, 41, 9, 43, 51, 18, 51, 26, 50, 41, 6, 16, 20, 24, 52, 37, 31, 8, 39, 17, 33]
[51, 42, 22, 42, 40, 22, 47, 12, 30, 46, 24, 14, 18, 11, 9, 24, 17, 44, 26, 16, 49, 15, 30, 45, 32]
[43, 25, 40, 52, 16, 13, 32, 8, 8, 29, 24, 17, 51, 37, 25, 48, 6, 35, 18, 39, 29, 47, 13, 49, 13]
[17, 18, 32, 15, 19, 32, 6, 30, 14, 48, 27, 22, 44, 13, 17, 15, 49, 14, 23, 19, 42, 30, 23, 29, 30]
[30, 49, 17, 50, 30, 46, 17, 27, 5, 20, 8, 49, 47, 27, 30, 42, 33, 5, 40, 5, 29, 15, 14, 25, 42]
[48, 7, 34, 10, 6, 21, 32, 39, 37, 43, 17, 36, 22, 31, 30, 50, 46, 23, 17, 25, 23, 20, 24, 10, 5]
[27, 10, 36, 39, 21, 38, 24, 6, 38, 13, 17, 11, 36, 41, 31, 45, 22, 27, 22, 26, 36, 45, 31, 20, 48]
[40, 40, 28, 37, 15, 4, 14, 31, 32, 29, 25, 24, 8, 45, 41, 24, 8, 24, 10, 52, 48, 13, 16, 38, 37]
[26, 31, 44, 48, 37, 32, 45, 25, 27, 33, 4, 26, 8, 15, 24, 22, 36, 4, 4, 45, 41, 43, 43, 11, 10]
[52, 51, 50, 25, 27, 27, 12, 15, 45, 49, 14, 48, 23, 44, 35, 23, 6, 6, 49, 23, 20, 46, 21, 17, 23]
[24, 29, 52, 9, 46, 23, 43, 52, 30, 21, 5, 12, 39, 38, 47, 44, 20, 34, 19, 23, 28, 45, 19, 35, 22]
[19, 12, 48, 36, 9, 13, 23, 51, 29, 14, 44, 13, 33, 22, 22, 26, 31, 32, 10, 11, 7, 48, 35, 50, 15]
[46, 11, 50, 4, 13, 49, 6, 31, 32, 17, 41, 33, 37, 33, 13, 26, 12, 11, 35, 36, 47, 38, 35, 21, 50]
[31, 24, 9, 24, 33, 40, 34, 23, 21, 36, 37, 31, 8, 9, 16, 12, 50, 14, 41, 46, 12, 20, 44, 42, 20]
[20, 45, 35, 35, 39, 28, 18, 35, 48, 12, 18, 21, 5, 14, 43, 46, 22, 16, 19, 17, 37, 46, 47, 39, 42]
[10, 9, 8, 44, 14, 50, 40, 46, 28, 10, 4, 6, 6, 16, 42, 12, 41, 26, 39, 11, 27, 29, 24, 5, 35]
