[12, 33, 7, 36, 5, 12, 25, 27, 44, 49, 21, 36, 16, 30, 32, 15, 16, 52, 47, 49, 48, 27, 49, 33, 24]
[49, 28, 17, 27, 15, 35, 26, 43, 27, 17, 31, 20, 25, 29, 46, 15, 30, 51, 16, 11, 41, 51, 40, 28, 16]
[18, 42, 46, 30, 39, 31, 38, 13, 28, 30, 29, 50, 50, 44, 41, 5, 19, 22, 25, 18, 23, 32, 48, 17, 4]
[25, 43, 9, 42, 32, 36, 34, 11, 39, 38, 44, 7, 24, 7, 26, 49, 30, 41, 5, 25, 27, 42, 32, 44, 13]
[43, 19, 10, 13, 5, 36, 15, 28, 36, 9, 40, 32, 16, 43, 5, 50, 41, 12, 45, 15, 31, 32, 22, 43, 16]
[9, 41, 33, 15, 4, 41, 37, 46, 23, 23, 25, 5, 21, 50, 24, 4, 25, 7, 19, 9, 22, 26, 9, 9, 36]
[43, 20, 8, 25, 20, 50, 10, 49, 41, 11, 18, 24, 40, 47, 37, 7, 45, 26, 51, 20, 44, 51, 10, 32, 45]
[15, 48, 44, 7, 29, 35, 47, 43, 8, 31, 7, 5, 43, 30, 23, 5, 16, 12, 15, 21, 13, 6, 46, 5, 36]
[40, 13, 15, 35, 41, 21, 43, 13, 5, 29, 26, 35, 34, 22, 17, 17, 18, 9, 25, 15, 42, 50, 48, 7, 12]
[20, 37, 4, 44, 48, 33, 40, 17, 18, 45, 41, 31, 46, 35, 14, 51, 49, 50, 38, 14, 11, 12, 10, 29, 44]
[40, 23, 18, 9, 50, 32, 28, 47, 34, 14, 17, 45, 48, 26, 28, 13, 36, 47, 24, 11, 11, 45, 4, 7, 37]
[42, 14, 20, 39, 37, 17, 27, 12, 50, 5, 32, 30, 27, 52, 9, 16, 28, 45, 24, 51, 10, 42, 7, 31, 19]
[50, 28, 40, 23, 27, 29, 33, 29, 21, 24, 4, 37, 47, 24, 50, 51, 29, 40, 9, 32, 32, 23, 28, 48, 10]
[17, 7, 40, 51, 21, 31, 6, 37, 29, 48, 22, 13, 9, 38, 7, 19, 18, 46, 37, 39, 15, 22, 8, 31, 41]
[14, 30, 23, 9, 37, 34, 51, 9, 19, 4, 5, 4, 36, 15, 30, 46, 22, 33, 34, 27, 16, 39, 40, 37, 9]
[27, 5, 51, 21, 41, 52, 17, 25, 37, 21, 12, 6, 35, 29, 47, 32, 36, 14, 20, 12, 24, 43, 34, 16, 33]
[6, 39, 44, 38, 23, 43, 32, 18, 52, 6, 9, 10, 47, 47, 48, 8, 6, 28, 36, 40, 6, 7, 27, 6, 19]
[41, 47, 32, 38, 52, 24, 35, 7, 41, 4, 30, 33, 30, 7, 6, 14, 33, 34, 47, 38, 40, 37, 6, 40, 24]
[46, 39, 28, 29, 22, 16, 12, 10, 19, 8, 23, 28, 18, 14, 49, 41, 15, 48, 44, 32, 37, 48, 20, 30, 50]
[36, 51, 5, 47, 8, 20, 44, 40, 40, 45, 9, 19, 11, 33, 15, 38, 7, 34, 22, 34, 12, 52, 50, 49, 29]
[24, 40, 34, 12, 16, 30, 26, 50, 50, 35, 18, 18, 51, 6, 51, 7, 7, 27, 42, 39, 31, 13, 49, 35, 5]
[11, 4, 47, 32, 19, 29, 13, 48, 31, 13, 20, 25, 51, 48, 46, 39, 51, 26, 4, 40, 45, 22, 33, 9, 6]
[30, 16, 25, 19, 20, 39, 31, 25, 36, 15, 21, 16, 13, 16, 51, 33, 33, 11, 49, 42, 9, 29, 32, 52, 46]
[34, 21, 19, 23, 49, 26, 4, 29, 45, 11, 43, 17, 23, 40, 41, 40, 21, 19, 8, 30, 51, 14, 35, 38, 33]
[51, 17, 42, 17, 40, 18, 46, 14, 35, 46, 10, 6, 32, 19, 29, 31, 45, 52, 6, 48, 52, 4, 30, 14, 21]
[24, 40, 43, 31, 7, 24, 5, 47, 14, 18, 15, 48, 44, 36, 25, 25, 46, 31, 28, 36, 19, 20, 5, 5, 28]
[9, 29, 48, 8, 27, 42, 31, 16, 40, 39, 28, 45, 52, 39, 52, 14, 12, 29, 43, 6, 28, 38, 12, 38, 40]
[13, 13, 26, 16, 28, 10, 22, 19, 26, 36, 14, 47, 5, 17, 40, 36, 40, 43, 6, 50, 26, 41, 17, 13, 30]
[25, 34, 34, 52, 17, 7, 28, 6, 48, 32, 11, 19, 24, 23, 27, 43, 20, 50, 11, 35, 7, 36, 47, 10, 42]
[19, 42, 45, 13, 33, 39, 21, 48, 51, 22, 28, 14, 35, 13, 43, 41, 11, 28, 19, 45, 20, 37, 31, 18, 9]
[8, 14, 50, 18, 15, 14, 9, 28, 22, 28, 35, 44, 8, 31, 24, 20, 42, 21, 51, 5, 5, 35, 22, 47, 34]
[45, 27, 31, 25, 46, 5, 47, 16, 44, 41, 20, 26, 36, 44, 13, 25, 29, 22, 18, 29, 28, 31, 23, 44, 27]
[16, 52, 29, 50, 44, 27, 50, 32, 40, 34, 43, 23, 18, 10, 40, 45, 5, 35, 13, 26, 33, 13, 11, 41, 45]
[16, 34, 43, 10, 34, 5, 6, 5, 46, 52, 48, 42, 25, 23, 52, 10, 31, 5, 45, 33, 51, 40, 6, 11, 31]
[26, 11, 35, 32, 25, 16, 38, 31, 51, 17, 23, 25, 45, 26, 49, 29, 14, 37, 11, 49, 40, 5, 52, 19, 31]
[27, 25, 12, 46, 52, 22, 13, 46, 25, 49, 25, 40, 20, 18, 35, 28, 23, 35, 30, 52, 10, 6, 44, 24, 7]
[5, 31, 23, 14, 42, 19, 14, 5, 23, 16, 39, 39, 39, 10, 44, 44, 9, 39, 52, 44, 23, 14, 29, 50, 35]
[21, 24, 22, 24, 11, 44, 8, 39, 46, 47, 33, 22, 7, 51, 11, 23, 23, 29, 43, 47, 30, 18, 16, 21, 14]
[35, 49, 32, 35, 35, 51, 11, 11, 18, 19, 38, 41, 4, 17, 27, 33, 13, 16, 17, 10, 21, 28, 29, 39, 48]
[39, 37, 11, 41, 12, 12, 35, 36, 43, 12, 38, 41, 10, 6, 4, 24, 35, 49, 23, 24, 50, 16, 12, 4, 13]
[22, 22, 13, 48, 19, 8, 9, 20, 28, 44, 36, 9, 19, 22, 16, 17, 43, 17, 20, 50, 52, 45, 45, 22, 52]
[12, 6, 20, 22, 36, 6, 49, 30, 20, 10, 34, 12, 40, 37, 18, 20, 34, 13, 31, 41, 27, 9, 36, 37, 20]
[48, 8, 26, 40, 40, 37, 18, 16, 16, 51, 49, 37, 26, 11, 8, 30, 52, 18, 41, 27, 25, 15, 11, 16, 26]
[7, 7, 15, 37, 8, 46, 30, 45, 15, 13, 50, 8, 27, 13, 45, 37, 43, 45, 15, 16, 4, 24, 37, 13, 14]
[21, 26, 41, 18, 51, 28, 29, 34, 42, 33, 37, 9, 14, 32, 32, 47, 48, 30, 10, 26, 37, 41, 41, 51, 6]
[16, 21, 52, 33, 18, 6, 45, 42, 30, 40, 49, 24, 38, 45, 40, 46, 8, 49, 27, 16, 43, 21, 44, 6, 11]
[19, 50, 36, 28, 6, 34, 45, 39, 10, 48, 24, 39, 29, 25, 16, 35, 49, 39, 40, 45, 35, 44, 28, 43, 48]
[52, 33, 39, 11, 4, 40, 52, 9, 13, 43, 32, 38, 52, 34, 20, 21, 8, 7, 22, 38, 13, 44, 40, 26, 10]
[13, 15, 39, 4, 46, 30, 50, 7, 39, 25, 22, 27, 14, 52, 37, 37, 19, 48, 40, 36, 15, 10, 4, 18, 32]
[26, 35, 46, 8, 9, 37, 23, 26, 38, 40, 36, 30, 5, 15, 50, 6, 21, 19, 10, 43, 8, 49, 24, 41, 46]
[22, 46, 16, 14, 32, 7, 5, 6, 5, 23, 44, 46, 32, 39, 30, 40, 46, 23, 16, 7, 34, 47, 34, 35, 12]
[29, 40, 38, 48, 18, 40, 42, 34, 30, 37, 17, 49, 11, 43, 21, 38, 26, 42, 28, 37, 50, 11, 25, 15, 51]
[4, 11, 11, 51, 44, 49, 10, 37, 8, 35, 5, 29, 39, 42, 23, 30, 4, 37, 14, 14, 41, 40, 27, 46, 38]
[20, 36, 21, 34, 13, 4, 36, 18, 17, 32, 29, 51, 42, 41, 38, 18, 11, 31, 27, 12, 19, 27, 43, 42, 8]
[42, 12, 35, 29, 51, 44, 27, 21, 47, 30, 52, 32, 44, 46, 31, 9, 34, 15, 50, 9, 43, 48, 23, 23, 17]
[45, 49, 47, 6, 43, 45, 20, 44, 38, 9, 16, 16, 22, 21, 6, 52, 40, 40, 30, 18, 32, 28, 14, 34, 43]
[50, 52, 4, 46, 14, 32, 20, 45, 16, 42, 13, 52, 43, 20, 15, 34, 38, 41, 35, 29, 38, 30, 38, 8, 7]
[28, 43, 13, 24, 21, 47, 11, 42, 10, 44, 14, 4, 13, 12, 22, 12, 39, 25, 8, 22, 38, 52, 30, 21, 20]
[44, 27, 31, 40, 49, 46, 39, 50, 34, 21, 39, 40, 28, 35, 42, 12, 4, 18, 31, 30, 17, 43, 13, 36, 17]
[37, 9, 21, 6, 47, 23, 48, 52, 48, 24, 8, 34, 42, 4, 36, 48, 16, 16, 37, 10, 18, 30, 42, 20, 26]
[33, 48, 33, 28, 31, 13, 43, 8, 4, 27, 31, 42, 41, 4, 39, 44, 10, 25, 32, 28, 8, 12, 18, 14, 40]
[35, 5, 42, 26, 26, 43, 51, 17, 4, 42, 51, 20, 15, 36, 34, 34, 28, 36, 26, 44, 39, 16, 16, 20, 29]
[46, 45, 22, 12, 38, 9, 23, 31, 9, 16, 19, 47, 8, 33, 19, 48, 12, 43, 39, 8, 42, 19, 51, 52, 49]
[6, 12, 40, 40, 7, 25, 49, 20, 11, 19, 34, 11, 34, 51, 16, 43, 27, 8, 48, 22, 30, 18, 16, 11, 49]
[39, 8, 51, 42, 24, 51, 19, 19, 29, 7, 42, 23, 21, 14, 43, 16, 24, 14, 46, 43, 40, 33, 38, 23, 39]
[44, 50, 12, 36, 10, 4, 12, 36, 26, 50, 7, 27, 12, 34, 39, 11, 50, 42, 33, 13, 49, 5, 36, 10, 22]
[33, 16, 24, 19, 28, 27, 18, 8, 9, 36, 26, 22, 9, 18, 12, 40, 47, 44, 12, 31, 14, 4, 18, 27, 41]
[47, 32, 10, 44, 45, 19, 7, 33, 12, 37, 30, 35, 49, 19, 44, 31, 10, 40, 36, 41, 9, 11, 41, 47, 28]
[7, 18, 6, 50, 45, 9, 15, 33, 49, 51, 27, 46, 45, 49, 7, 23, 25, 33, 38, 25, 24, 34, 37, 49, 27]
[17, 10, 38, 52, 36, 8, 52, 22, 42, 26, 37, 44, 4, 5, 25, 52, 37, 44, 48, 16, 47, 8, 35, 50, 50]
[41, 29, 19, 16, 16, 38, 25, 21, 24, 50, 46, 17, 12, 40, 10, 45, 17, 15, 35, 40, 45, 39, 7, 24, 23]
[14, 19, 16, 22, 25, 16, 24, 40, 27, 47, 47, 51, 48, 5, 33, 42, 17, 51, 49, 17, 44, 25, 21, 16, 15]
[37, 10, 52, 41, 30, 45, 48, 38, 37, 40, 13, 48, 19, 49, 35, 28, 50, 6, 41, 19, 46, 46, 46, 12, 34]
[32, 22, 14, 43, 33, 40, 19, 4, 52, 38, 42, 8, 50, 12, 48, 49, 24, 47, 9, 19, 16, 9, 39, 40, 51]
[23, 26, 49, 47, 22, 33, 16, 10, 6, 28, 45, 15, 38, 9, 8, 9, 26, 10, 17, 4, 12, 10, 52, 28, 22]
[18, 38, 45, 26, 35, 20, 21, 44, 16, 15, 15, 16, 41, 27, 26, 24, 40, 13, 44, 5, 16, 7, 25, 26, 8]
[40, 51, 50, 49, 24, 52, 17, 27, 15, 29, 46, 31, 33, 45, 38, 19, 31, 20, 52, 6, 25, 23, 51, 25, 32]
[5, 32, 30, 30, 30, 11, 16, 51, 12, 6, 40, 11, 15, 28, 31, 22, 37, 46, 14, 7, 36, 31, 50, 19, 43]
[31, 45, 27, 45, 48, 49, 44, 23, 35, 16, 41, 52, 6, 21, 45, 18, 13, 10, 7, 37, 46, 21, 15, 15, 44]
[49, 44, 41, 17, 14, 47, 40, 14, 32, 10, 16, 21, 7, 48, 33, 10, 42, 36, 32, 23, 18, 25, 42, 22, 47]
[38, 31, 36, 20, 17, 28, 29, 38, 7, 52, 24, 18, 29, 38, 9, 4, 39, 17, 16, 51, 17, 34, 21, 51, 35]
[48, 36, 8, 4, 39, 41, 32, 35, 31, 43, 47, 14, 37, 42, 18, 8, 32, 32, 29, 46, 36, 8, 26, 17, 16]
[32, 47, 6, 39, 40, 48, 46, 15, 20, 20, 8, 43, 31, 27, 20, 26, 6, 21, 42, 23, 34, 35, 47, 8, 15]
[11, 35, 25, 11, 29, 15, 4, 4, 13, 31, 16, 28, 10, 24, 19, 11, 20, 23, 5, 33, 20, 49, 24, 30, 52]
[30, 20, 24, 31, 31, 50, 8, 24, 14, 20, 50, 10, 17, 40, 14, 29, 15, 24, 46, 48, 22, 36, 45, 34, 18]
[15, 30, 14, 5, 23, 42, 16, 35, 22, 39, 6, 40, 16, 8, 29, 47, 5, 16, 23, 8, 14, 40, 26, 42, 47]
[47, 16, 49, 20, 12, 25, 22, 41, 21, 7, 27, 34, 30, 37, 13, 16, 51, 8, 12, 34, 6, 50, 43, 39, 37]
[34, 44, 28, 21, 38, 11, 37, 15, 33, 33, 35, 13, 17, 50, 28, 42, 14, 27, 18, 35, 47, 33, 9, 33, 5]
[52, 6, 5, 10, 50, 22, 42, 52, 25, 26, 4, 7, 49, 28, 36, 21, 38, 11, 26, 4, 29, 19, 14, 27, 21]
[23, 15, 37, 49, 13, 10, 34, 49, 24, 46, 11, 12, 31, 32, 12, 36, 44, 6, 29, 20, 33, 26, 39, 32, 4]
[10, 41, 27, 7, 26, 21, 24, 24, 45, 12, 33, 43, 23, 31, 4, 13, 32, 5, 7, 24, 49, 46, 8, 4, 23]
[28, 25, 48, 37, 6, 17, 39, 32, 11, 5, 40, 38, 26, 41, 10, 27, 44, 24, 21, 46, 29, 16, 13, 45, 11]
[51, 4, 18, 27, 11, 48, 41, 26, 6, 27, 10, 49, 20, 11, 47, 35, 47, 32, 21, 47, 21, 20, 15, 29, 42]
[4, 24, 9, 34, 34, 15, 41, 22, 7, 41, 51, 26, 33, 25, 17, 22, 9, 38, 13, 42, 5, 47, 17, 12, 25]
[10, 23, 7, 43, 42, 18, 36, 40, 43, 18, 52, 21, 6, 16, 21, 26, 52, 30, 34, 13, 35, 38, 19, 25, 18]
[38, 9, 17, 33, 9, 38, 14, 30, 33, 8, 19, 15, 22, 46, 42, 32, 41, 4, 4, 17, 26, 15, 19, 48, 38]
[8, 46, 16, 45, 43, 26, 7, 51, 47, 14, 45, 29, 40, 16, 5, 27, 35, 4, 33, 31, 4, 24, 33, 46, 39]
[36, 18, 30, 5, 47, 13, 40, 23, 49, 34, 12, 36, 46, 20, 34, 50, 27, 20, 40, 21, 39, 17, 20, 40, 25]
[29, 38, 37, 16, 10, 14, 33, 12, 17, 22, 48, 33, 37, 8, 11, 6, 22, 38, 39, 28, 48, 17, 5, 36, 30]
[31, 17, 29, 15, 16, 23, 30, 41, 32, 25, 6, 50, 28, 9, 22, 39, 48, 9, 50, 52, 7, 29, 31, 45, 40]
