[18, 33, 15, 44, 28, 44, 41, 9, 8, 52, 11, 51, 29, 40, 51, 28, 26, 35, 23, 51, 48, 25, 46, 23, 28]
[7, 41, 7, 14, 5, 34, 6, 12, 52, 6, 17, 40, 44, 32, 9, 49, 22, 19, 50, 45, 35, 50, 11, 27, 38]
[28, 19, 22, 41, 21, 36, 20, 15, 48, 4, 7, 19, 50, 27, 14, 12, 31, 14, 8, 26, 39, 46, 25, 7, 24]
[44, 44, 4, 8, 25, 33, 9, 51, 39, 34, 24, 5, 35, 52, 28, 34, 48, 4, 36, 19, 52, 6, 18, 46, 11]
[45, 36, 52, 20, 14, 28, 48, 21, 36, 47, 41, 36, 7, 47, 8, 28, 15, 52, 38, 18, 17, 44, 15, 21, 46]
[47, 17, 43, 40, 4, 10, 37, 7, 32, 22, 32, 12, 40, 33, 24, 45, 49, 48, 7, 11, 37, 20, 7, 49, 36]
[25, 45, 9, 31, 8, 13, 46, 13, 4, 13, 27, 14, 15, 19, 31, 11, 14, 18, 43, 16, 18, 32, 13, 16, 16]
[37, 20, 18, 34, 36, 8, 51, 30, 46, 41, 33, 23, 20, 42, 46, 29, 24, 24, 49, 43, 51, 13, 35, 33, 10]
[43, 42, 5, 29, 17, 18, 42, 50, 21, 28, 18, 6, 18, 29, 52, 51, 44, 41, 40, 37, 21, 39, 45, 18, 33]
[19, 43, 16, 12, 39, 45, 7, 39, 47, 51, 29, 47, 16, 18, 17, 50, 41, 46, 39, 31, 41, 8, 21, 6, 42]
[28, 5, 46, 23, 24, 41, 24, 52, 29, 28, 52, 38, 28, 46, 50, 9, 45, 7, 10, 28, 46, 48, 20, 38, 23]
[21, 30, 35, 6, 7, 11, 49, 40, 34, 49, 23, 21, 34, 9, 42, 43, 28, 28, 32, 8, 50, 43, 24, 30, 37]
[15, 49, 42, 13, 10, 37, 39, 36, 6, 46, 19, 13, 36, 5, 44, 36, 52, 37, 47, 38, 20, 14, 30, 22, 49]
[6, 40, 29, 32, 45, 31, 28, 31, 11, 24, 37, 31, 23, 22, 4, 41, 18, 45, 29, 9, 27, 12, 28, 14, 28]
[49, 47, 45, 16, 40, 46, 4, 27, 12, 17, 31, 34, 11, 10, 12, 14, 28, 27, 51, 49, 31, 38, 47, 19, 17]
[48, 50, 37, 5, 11, 30, 23, 46, 20, 21, 14, 27, 37, 14, 15, 13, 50, 29, 16, 7, 33, 30, 28, 47, 7]
[5, 10, 51, 25, 51, 15, 43, 38, 14, 44, 30, 37, 43, 38, 27, 39, 27, 20, 25, 20, 25, 41, 31, 10, 31]
[46, 27, 6, 46, 16, 26, 45, 42, 42, 18, 47, 7, 46, 7, 26, 31, 20, 8, 28, 48, 40, 29, 52, 12, 21]
[35, 14, 10, 7, 22, 7, 27, 20, 31, 14, 4, 46, 38, 25, 10, 27, 46, 49, 22, 17, 32, 35, 23, 28, 6]
[33, 34, 25, 39, 52, 35, 10, 37, 49, 5, 26, 48, 22, 48, 21, 17, 43, 47, 4, 33, 9, 37, 40, 25, 45]
[41, 22, 41, 35, 9, 21, 33, 33, 38, 12, 12, 4, 48, 24, 39, 19, 30, 31, 18, 13, 14, 28, 33, 52, 43]
[52, 7, 13, 33, 50, 47, 32, 5, 7, 38, 5, 32, 31, 26, 43, 24, 8, 21, 27, 27, 10, 26, 50, 8, 35]
[42, 46, 32, 36, 19, 29, 50, 26, 30, 11, 39, 10, 52, 6, 22, 22, 47, 33, 35, 35, 4, 21, 5, 50, 52]
[38, 31, 34, 28, 33, 28, 31, 16, 9, 10, 51, 28, 5, 41, 29, 48, 10, 38, 21, 25, 15, 31, 22, 15, 22]
[27, 4, 33, 51, 23, 23, 40, 11, 28, 9, 36, 18, 6, 28, 28, 32, 32, 23, 15, 32, 26, 49, 41, 44, 39]
[36, 25, 48, 27, 44, 49, 30, 23, 50, 19, 10, 35, 9, 50, 5, 37, 5, 51, 41, 30, 42, 47, 9, 29, 47]
[16, 39, 49, 18, 35, 38, 12, 28, 19, 26, 22, 25, 14, 31, 47, 23, 19, 16, 37, 40, 34, 16, 36, 4, 8]
[26, 38, 14, 49, 30, 48, 11, 34, 45, 48, 25, 16, 19, 39, 35, 21, 16, 34, 11, 23, 11, 7, 32, 51, 15]
[9, 16, 47, 9, 29, 12, 13, 28, 27, 39, 50, 44, 49, 17, 32, 52, 42, 43, 52, 28, 5, 34, 48, 40, 26]
[13, 48, 8, 17, 42, 43, 25, 49, 25, 16, 13, 49, 25, 12, 6, 16, 6, 32, 28, 41, 28, 15, 12, 35, 40]
[4, 9, 19, 24, 27, 19, 44, 22, 5, 20, 38, 9, 28, 20, 36, 26, 7, 11, 42, 44, 23, 19, 38, 37, 9]
[32, 15, 20, 21, 13, 24, 8, 43, 44, 8, 21, 11, 33, 43, 19, 46, 35, 36, 20, 52, 16, 5, 27, 32, 48]
[31, 23, 21, 10, 26, 25, 35, 10, 18, 50, 49, 24, 8, 23, 11, 47, 34, 9, 13, 15, 30, 18, 26, 24, 41]
[14, 51, 50, 50, 12, 50, 38, 35, 24, 43, 46, 41, 26, 45, 33, 35, 40, 44, 31, 39, 36, 52, 6, 36, 5]
[17, 35, 26, 48, 20, 39, 22, 19, 40, 35, 20, 45, 51, 16, 20, 8, 29, 15, 12, 22, 12, 10, 4, 42, 30]
[22, 24, 30, 52, 31, 14, 17, 25, 26, 40, 6, 30, 42, 4, 16, 42, 25, 50, 17, 46, 24, 36, 34, 28, 25]
[12, 26, 38, 19, 18, 4, 28, 14, 16, 31, 48, 52, 24, 13, 13, 18, 23, 10, 34, 21, 8, 40, 49, 34, 4]
[23, 29, 17, 4, 47, 16, 36, 17, 15, 45, 16, 8, 27, 11, 18, 38, 9, 26, 14, 34, 45, 11, 51, 9, 20]
[40, 21, 31, 28, 28, 42, 47, 44, 22, 30, 43, 17, 39, 30, 38, 25, 51, 5, 45, 4, 28, 45, 42, 13, 34]
[8, 37, 11, 30, 6, 51, 14, 48, 43, 23, 15, 33, 47, 8, 34, 40, 12, 42, 26, 50, 49, 17, 19, 45, 18]
[50, 11, 12, 15, 48, 22, 16, 32, 37, 42, 45, 29, 17, 51, 7, 7, 38, 22, 19, 12, 38, 22, 37, 5, 12]
[20, 8, 24, 42, 15, 32, 34, 24, 13, 27, 42, 26, 21, 34, 48, 4, 39, 17, 30, 36, 29, 51, 10, 41, 44]
[24, 12, 44, 26, 38, 20, 52, 47, 33, 36, 40, 28, 10, 15, 45, 15, 13, 12, 9, 29, 47, 24, 29, 31, 27]
[10, 13, 28, 11, 41, 5, 15, 18, 10, 37, 28, 22, 45, 44, 37, 33, 36, 30, 24, 10, 22, 28, 39, 11, 29]
[39, 32, 27, 37, 32, 6, 18, 8, 28, 32, 34, 42, 41, 49, 40, 44, 33, 25, 44, 5, 43, 33, 44, 48, 32]
[30, 52, 36, 47, 34, 27, 19, 29, 17, 7, 9, 39, 13, 35, 30, 6, 11, 39, 5, 47, 6, 27, 16, 17, 51]
[29, 28, 28, 43, 49, 17, 21, 45, 41, 29, 8, 43, 32, 28, 49, 10, 37, 28, 46, 42, 19, 9, 14, 20, 50]
[51, 28, 40, 38, 37, 52, 29, 4, 35, 15, 44, 15, 30, 36, 25, 5, 21, 13, 33, 6, 44, 42, 8, 26, 14]
[11, 18, 23, 45, 43, 9, 5, 6, 23, 25, 35, 20, 4, 37, 23, 20, 17, 40, 48, 14, 7, 23, 17, 43, 13]
[34, 6, 39, 22, 46, 40, 26, 41, 51, 33, 28, 50, 12, 21, 41, 30, 4, 6, 6, 24, 13, 4, 43, 39, 19]
