[11, 28, 50, 4, 48, 39, 39, 45]
[27, 12, 25, 24, 14, 36, 20, 19]
[34, 6, 47, 51, 40, 39, 47, 9]
[39, 16, 45, 39, 46, 5, 31, 43]
[5, 7, 51, 20, 28, 23, 18, 7]
[21, 29, 11, 35, 47, 27, 46, 4]
[38, 35, 33, 11, 28, 47, 36, 6]
[6, 14, 22, 6, 19, 12, 17, 33]
[11, 10, 30, 23, 4, 43, 44, 28]
[14, 47, 44, 10, 41, 19, 33, 36]
[42, 40, 20, 13, 26, 41, 19, 16]
[29, 42, 49, 42, 9, 18, 30, 10]
[35, 37, 10, 29, 8, 38, 9, 30]
[34, 25, 50, 34, 24, 47, 39, 31]
[4, 21, 4, 8, 6, 17, 17, 40]
[20, 17, 52, 25, 51, 48, 21, 12]
[51, 26, 45, 25, 39, 29, 22, 39]
[20, 4, 42, 51, 49, 37, 16, 11]
[26, 38, 44, 37, 51, 22, 28, 6]
[35, 32, 4, 33, 31, 34, 14, 6]
[45, 48, 16, 14, 47, 10, 8, 27]
[7, 51, 28, 46, 29, 43, 10, 37]
[30, 5, 40, 28, 34, 38, 52, 19]
[37, 29, 14, 31, 15, 19, 32, 47]
[22, 9, 10, 30, 50, 47, 33, 49]
[50, 21, 25, 40, 14, 11, 46, 14]
[36, 24, 40, 32, 13, 17, 37, 38]
[42, 20, 32, 34, 33, 46, 5, 23]
[25, 24, 9, 42, 13, 12, 7, 35]
[10, 34, 18, 22, 38, 26, 34, 9]
[17, 46, 32, 22, 28, 10, 24, 20]
[13, 36, 22, 6, 34, 45, 15, 26]
[40, 4, 48, 35, 38, 14, 12, 33]
[52, 15, 48, 39, 24, 9, 52, 41]
[47, 50, 24, 25, 41, 16, 28, 38]
[16, 50, 26, 49, 26, 44, 26, 6]
[14, 51, 6, 21, 29, 50, 26, 28]
[46, 49, 35, 39, 39, 50, 28, 29]
[9, 10, 11, 43, 50, 12, 41, 34]
[47, 4, 20, 11, 13, 41, 25, 9]
[39, 31, 34, 38, 50, 34, 7, 46]
[43, 24, 45, 25, 27, 6, 9, 29]
[38, 22, 52, 29, 14, 39, 38, 50]
[31, 48, 8, 23, 36, 4, 39, 22]
[38, 47, 28, 42, 32, 43, 31, 20]
[20, 23, 35, 28, 5, 29, 24, 9]
[11, 12, 48, 32, 22, 6, 8, 32]
[35, 14, 13, 6, 16, 32, 23, 48]
[22, 44, 7, 8, 19, 19, 45, 39]
[30, 50, 9, 14, 5, 23, 4, 36]
[33, 26, 34, 42, 14, 23, 10, 51]
[22, 33, 17, 31, 8, 51, 27, 15]
[28, 35, 13, 49, 17, 28, 4, 43]
[30, 16, 21, 48, 12, 46, 44, 22]
[46, 41, 37, 29, 52, 41, 13, 18]
[40, 8, 12, 14, 51, 42, 49, 51]
[19, 20, 29, 14, 9, 20, 46, 39]
[18, 38, 17, 19, 25, 46, 48, 34]
[51, 27, 26, 50, 52, 36, 41, 17]
[13, 37, 39, 47, 35, 48, 21, 13]
[24, 46, 52, 30, 47, 33, 31, 21]
[6, 52, 44, 34, 28, 33, 22, 33]
[5, 9, 23, 7, 31, 25, 51, 35]
[39, 37, 34, 21, 18, 44, 34, 17]
[42, 28, 6, 10, 21, 48, 7, 36]
[4, 32, 51, 22, 39, 31, 32, 48]
[23, 26, 29, 44, 34, 20, 48, 50]
[22, 43, 23, 44, 32, 35, 4, 40]
[29, 43, 33, 7, 39, 17, 20, 30]
[52, 17, 49, 15, 6, 28, 47, 46]
[18, 43, 51, 33, 43, 51, 17, 41]
[23, 22, 7, 15, 42, 49, 47, 7]
[30, 49, 37, 4, 36, 49, 23, 52]
[8, 7, 36, 35, 19, 48, 29, 37]
[48, 21, 31, 46, 48, 11, 23, 25]
[15, 46, 39, 7, 9, 36, 49, 5]
[22, 49, 10, 19, 30, 25, 42, 31]
[7, 36, 40, 43, 42, 13, 14, 38]
[31, 9, 11, 40, 11, 30, 27, 40]
[13, 6, 38, 43, 27, 7, 15, 45]
[8, 41, 22, 32, 20, 27, 12, 30]
[34, 30, 19, 18, 27, 29, 34, 33]
[48, 52, 5, 15, 11, 36, 27, 18]
[27, 5, 4, 13, 21, 52, 22, 18]
[7, 35, 13, 51, 43, 10, 19, 38]
[10, 22, 43, 37, 36, 49, 37, 52]
[10, 16, 12, 44, 38, 10, 42, 5]
[21, 12, 23, 26, 48, 24, 5, 17]
[46, 10, 13, 16, 7, 7, 37, 4]
[42, 17, 5, 50, 38, 18, 29, 34]
[12, 18, 16, 20, 19, 44, 38, 4]
[49, 19, 10, 15, 10, 34, 47, 11]
[47, 38, 46, 24, 10, 30, 20, 27]
[17, 23, 21, 38, 18, 4, 13, 44]
[21, 44, 14, 52, 21, 24, 19, 25]
[37, 47, 36, 41, 46, 18, 4, 16]
[41, 37, 32, 8, 40, 9, 51, 48]
[44, 27, 43, 27, 4, 16, 22, 13]
[19, 30, 9, 12, 45, 46, 25, 44]
[4, 40, 39, 22, 43, 33, 30, 32]
[6, 23, 46, 36, 32, 45, 11, 23]
[50, 17, 36, 9, 43, 52, 35, 8]
[18, 45, 43, 19, 7, 32, 26, 10]
[45, 41, 18, 47, 22, 5, 17, 16]
[33, 22, 49, 30, 7, 42, 42, 42]
[51, 6, 15, 23, 4, 51, 29, 34]
[26, 41, 17, 26, 51, 35, 40, 14]
[43, 4, 23, 45, 18, 9, 11, 22]
[32, 7, 46, 5, 17, 22, 35, 49]
[11, 9, 35, 41, 15, 11, 25, 12]
[10, 13, 21, 9, 12, 15, 46, 24]
[36, 6, 20, 48, 49, 24, 11, 41]
[31, 33, 12, 45, 15, 50, 10, 12]
[6, 51, 25, 36, 33, 4, 24, 32]
[24, 35, 31, 45, 16, 5, 36, 35]
[50, 24, 20, 10, 5, 24, 21, 40]
[12, 31, 19, 35, 20, 13, 13, 24]
[33, 12, 29, 17, 8, 26, 45, 26]
[16, 38, 34, 12, 6, 10, 43, 30]
[29, 14, 8, 29, 17, 31, 9, 50]
[41, 27, 12, 28, 37, 15, 15, 19]
[7, 34, 26, 43, 48, 40, 28, 51]
[14, 25, 46, 10, 26, 42, 43, 10]
[34, 32, 42, 37, 49, 22, 5, 47]
[4, 34, 41, 16, 26, 8, 35, 50]
[28, 18, 11, 38, 16, 21, 40, 22]
[52, 52, 19, 46, 16, 27, 34, 10]
[45, 39, 41, 27, 46, 34, 42, 44]
[26, 25, 34, 52, 40, 22, 12, 26]
[28, 42, 15, 51, 22, 14, 50, 31]
[16, 11, 42, 4, 23, 8, 14, 28]
[40, 11, 16, 27, 37, 35, 35, 39]
[15, 48, 27, 44, 47, 42, 38, 32]
[20, 18, 46, 8, 33, 8, 29, 46]
[36, 23, 7, 28, 46, 12, 22, 10]
[31, 43, 45, 20, 8, 52, 43, 49]
[43, 42, 44, 9, 12, 18, 31, 21]
[23, 20, 24, 47, 34, 13, 46, 7]
[32, 30, 18, 21, 29, 40, 24, 17]
[36, 11, 32, 33, 31, 38, 10, 45]
[44, 8, 19, 17, 41, 50, 38, 45]
[49, 5, 33, 47, 13, 32, 40, 25]
[43, 10, 15, 24, 30, 40, 7, 29]
[9, 11, 5, 17, 24, 46, 27, 23]
[26, 20, 16, 13, 5, 6, 44, 22]
[27, 13, 49, 11, 35, 5, 50, 34]
[14, 48, 30, 37, 9, 19, 37, 44]
[12, 33, 6, 40, 31, 31, 11, 8]
[37, 19, 50, 10, 4, 31, 33, 42]
[33, 25, 6, 39, 44, 23, 32, 20]
[21, 47, 47, 41, 24, 16, 15, 15]
[35, 5, 38, 40, 23, 30, 44, 23]
[25, 30, 7, 48, 41, 47, 41, 4]
[19, 51, 47, 26, 42, 25, 5, 47]
[17, 44, 51, 34, 45, 14, 36, 27]
[19, 13, 39, 24, 18, 26, 16, 41]
[37, 39, 22, 49, 50, 37, 14, 29]
[15, 36, 36, 50, 6, 20, 18, 21]
[51, 22, 26, 38, 44, 32, 43, 46]
[23, 27, 15, 22, 52, 29, 16, 13]
[5, 49, 14, 18, 40, 13, 12, 24]
[16, 44, 41, 30, 22, 27, 26, 42]
[8, 31, 33, 7, 46, 22, 6, 24]
[48, 46, 24, 20, 23, 21, 23, 8]
[44, 19, 28, 45, 23, 40, 6, 8]
[24, 26, 38, 27, 35, 21, 19, 7]
[34, 45, 24, 32, 17, 15, 51, 36]
[38, 33, 27, 23, 49, 25, 50, 27]
[18, 18, 21, 5, 10, 51, 36, 15]
[24, 29, 8, 34, 25, 43, 10, 51]
[12, 31, 9, 17, 25, 49, 9, 13]
[9, 34, 14, 13, 37, 14, 50, 52]
[44, 45, 42, 33, 21, 9, 13, 28]
[46, 42, 37, 16, 27, 8, 18, 31]
[46, 15, 22, 5, 10, 38, 34, 11]
[49, 50, 29, 18, 20, 30, 41, 21]
[40, 21, 43, 6, 44, 11, 16, 46]
[50, 45, 8, 31, 10, 21, 20, 35]
[32, 36, 27, 26, 11, 33, 51, 49]
[28, 40, 4, 21, 20, 45, 30, 14]
[41, 15, 18, 36, 37, 16, 8, 37]
[47, 16, 31, 12, 15, 20, 52, 26]
[25, 13, 48, 46, 44, 44, 25, 52]
[45, 7, 40, 52, 29, 7, 18, 18]
[52, 34, 37, 48, 34, 37, 39, 48]
[5, 10, 50, 46, 52, 37, 45, 25]
[25, 52, 47, 11, 30, 52, 45, 37]
[49, 29, 52, 49, 25, 26, 30, 12]
[13, 28, 41, 9, 45, 6, 40, 43]
[15, 39, 35, 50, 42, 34, 49, 15]
[39, 40, 28, 12, 35, 28, 48, 11]
[8, 14, 17, 16, 11, 39, 6, 47]
[17, 32, 38, 19, 30, 17, 8, 5]
[48, 8, 5, 18, 32, 28, 48, 5]
[9, 39, 25, 41, 12, 4, 6, 14]
[29, 15, 27, 52, 33, 41, 32, 20]
[10, 46, 10, 4, 22, 35, 49, 42]
[41, 28, 30, 31, 7, 15, 52, 16]
[32, 19, 30, 36, 36, 45, 33, 19]
[27, 8, 31, 5, 45, 7, 21, 43]
