[35, 19, 33, 31, 49, 52, 43, 14]
[41, 5, 30, 16, 38, 50, 6, 13]
[9, 25, 26, 7, 42, 32, 22, 6]
[12, 24, 18, 46, 48, 24, 26, 5]
[32, 26, 6, 24, 9, 21, 32, 38]
[38, 22, 47, 47, 41, 22, 51, 14]
[11, 33, 28, 25, 39, 33, 48, 4]
[29, 48, 15, 47, 4, 45, 32, 45]
[38, 13, 41, 14, 45, 16, 27, 15]
[12, 11, 10, 27, 28, 36, 35, 30]
[28, 33, 51, 34, 41, 31, 25, 9]
[5, 27, 43, 52, 52, 17, 17, 20]
[15, 23, 20, 8, 28, 41, 28, 9]
[33, 24, 42, 12, 29, 28, 6, 4]
[39, 17, 15, 52, 28, 28, 42, 9]
[38, 49, 11, 42, 38, 29, 32, 45]
[39, 23, 31, 14, 20, 50, 9, 11]
[18, 4, 38, 52, 44, 4, 32, 27]
[46, 47, 47, 6, 25, 16, 24, 39]
[43, 21, 11, 29, 26, 21, 48, 47]
[35, 27, 25, 13, 12, 8, 47, 38]
[25, 38, 21, 23, 37, 34, 9, 23]
[27, 27, 26, 25, 36, 46, 10, 25]
[28, 10, 10, 6, 47, 14, 13, 22]
[14, 13, 27, 52, 17, 20, 14, 18]
[21, 32, 17, 42, 10, 32, 7, 27]
[4, 26, 34, 31, 49, 7, 18, 25]
[39, 24, 14, 4, 52, 26, 14, 41]
[28, 24, 13, 15, 35, 47, 5, 45]
[49, 39, 43, 27, 47, 37, 36, 49]
[46, 18, 37, 21, 10, 11, 24, 12]
[43, 45, 49, 46, 13, 24, 22, 23]
[26, 24, 30, 16, 14, 12, 30, 10]
[12, 41, 11, 23, 9, 29, 18, 16]
[32, 33, 19, 29, 13, 35, 20, 26]
[49, 49, 43, 11, 41, 22, 22, 13]
[33, 37, 12, 30, 39, 50, 48, 19]
[13, 22, 26, 43, 51, 37, 8, 6]
[48, 44, 28, 52, 12, 21, 14, 29]
[52, 47, 43, 33, 48, 40, 29, 49]
[30, 39, 29, 19, 31, 8, 38, 23]
[45, 35, 44, 51, 29, 50, 19, 14]
[12, 22, 21, 25, 45, 14, 15, 16]
[33, 28, 32, 45, 15, 51, 46, 21]
[45, 6, 46, 45, 42, 26, 50, 34]
[11, 20, 40, 38, 6, 22, 25, 27]
[30, 24, 42, 46, 35, 51, 40, 36]
[26, 15, 46, 30, 33, 12, 9, 4]
[24, 30, 42, 5, 11, 28, 49, 13]
[25, 30, 44, 17, 52, 8, 13, 46]
[13, 32, 34, 11, 17, 38, 28, 8]
[7, 29, 37, 41, 23, 24, 7, 41]
[36, 35, 34, 25, 27, 8, 4, 47]
[41, 41, 13, 44, 35, 13, 43, 27]
[25, 21, 21, 5, 7, 29, 49, 38]
[36, 25, 12, 49, 7, 15, 27, 35]
[52, 7, 6, 48, 19, 8, 47, 35]
[49, 14, 49, 38, 4, 22, 49, 18]
[21, 48, 11, 17, 4, 48, 38, 19]
[51, 31, 50, 24, 6, 38, 15, 22]
[24, 47, 26, 13, 12, 13, 11, 16]
[50, 22, 8, 16, 13, 41, 38, 7]
[29, 51, 21, 12, 49, 9, 42, 51]
[12, 28, 38, 41, 35, 37, 52, 30]
[4, 37, 24, 40, 36, 31, 32, 17]
[16, 7, 32, 13, 38, 28, 7, 7]
[39, 14, 18, 21, 18, 16, 18, 22]
[20, 38, 24, 46, 5, 17, 23, 44]
[36, 50, 50, 23, 46, 33, 29, 12]
[46, 18, 37, 37, 8, 38, 19, 50]
[23, 18, 25, 44, 52, 17, 24, 7]
[31, 33, 43, 47, 18, 9, 34, 37]
[22, 4, 5, 47, 24, 7, 14, 36]
[29, 28, 38, 25, 28, 14, 16, 35]
[20, 36, 32, 29, 41, 52, 46, 39]
[8, 49, 15, 26, 46, 26, 38, 45]
[15, 41, 52, 11, 44, 44, 20, 29]
[8, 36, 36, 50, 19, 31, 8, 4]
[37, 20, 51, 46, 39, 39, 16, 22]
[40, 46, 19, 11, 11, 28, 13, 16]
[36, 11, 11, 31, 35, 9, 37, 45]
[7, 12, 32, 43, 29, 51, 29, 11]
[48, 23, 9, 13, 32, 21, 24, 15]
[10, 17, 45, 11, 25, 10, 29, 50]
[26, 5, 26, 29, 31, 37, 35, 31]
[38, 47, 28, 22, 24, 29, 31, 20]
[8, 15, 22, 18, 18, 51, 13, 23]
[27, 4, 4, 31, 8, 47, 30, 24]
[17, 37, 37, 49, 23, 52, 6, 34]
[27, 8, 4, 26, 5, 43, 49, 52]
[15, 18, 32, 42, 33, 27, 45, 6]
[21, 16, 44, 15, 43, 37, 8, 33]
[42, 12, 45, 49, 50, 18, 40, 24]
[8, 46, 46, 24, 11, 39, 11, 8]
[15, 11, 6, 39, 37, 27, 22, 28]
[37, 48, 7, 36, 14, 13, 48, 5]
[36, 46, 48, 35, 33, 18, 40, 50]
[13, 22, 52, 8, 21, 19, 30, 33]
[12, 36, 49, 10, 50, 22, 28, 37]
[10, 33, 18, 16, 52, 44, 37, 41]
[50, 38, 9, 52, 29, 20, 43, 9]
[9, 30, 31, 11, 6, 40, 28, 5]
[6, 52, 27, 19, 21, 48, 43, 4]
[31, 40, 38, 33, 5, 21, 42, 38]
[34, 46, 21, 31, 13, 24, 27, 37]
[15, 39, 35, 38, 4, 17, 10, 20]
[19, 18, 12, 5, 12, 20, 10, 7]
[8, 18, 46, 21, 45, 41, 9, 41]
[38, 50, 16, 31, 52, 20, 21, 49]
[41, 4, 10, 15, 48, 11, 8, 7]
[25, 5, 39, 18, 9, 49, 10, 30]
[13, 24, 45, 28, 31, 19, 51, 27]
[23, 26, 39, 12, 42, 8, 6, 27]
[44, 46, 8, 21, 33, 48, 29, 45]
[42, 47, 36, 37, 8, 4, 12, 18]
[39, 50, 14, 13, 5, 4, 16, 35]
[46, 44, 35, 8, 44, 49, 22, 40]
[28, 15, 23, 26, 8, 50, 30, 32]
[14, 23, 4, 43, 23, 9, 11, 8]
[16, 27, 28, 38, 18, 14, 9, 50]
[15, 33, 28, 17, 16, 43, 52, 5]
[15, 7, 42, 45, 31, 25, 25, 39]
[22, 28, 5, 34, 39, 29, 16, 25]
[17, 11, 49, 43, 37, 41, 10, 45]
[50, 9, 46, 8, 8, 45, 45, 27]
[4, 21, 25, 50, 51, 35, 23, 42]
[43, 13, 30, 24, 12, 10, 21, 15]
[15, 39, 50, 50, 11, 28, 7, 29]
[42, 15, 38, 48, 6, 27, 43, 35]
[7, 19, 10, 27, 25, 30, 19, 28]
[18, 12, 18, 17, 42, 22, 44, 21]
[6, 40, 34, 16, 37, 5, 5, 21]
[27, 36, 11, 49, 26, 9, 22, 22]
[12, 17, 39, 23, 5, 10, 51, 28]
[50, 52, 19, 8, 36, 19, 10, 19]
[18, 26, 5, 25, 14, 7, 52, 27]
[17, 49, 42, 12, 43, 11, 42, 32]
[19, 22, 21, 50, 4, 13, 47, 46]
[4, 47, 4, 14, 41, 19, 26, 22]
[21, 10, 43, 7, 12, 51, 34, 44]
[43, 46, 6, 4, 52, 39, 12, 7]
[11, 15, 22, 10, 42, 20, 17, 36]
[5, 43, 17, 34, 18, 16, 37, 17]
[15, 12, 30, 27, 17, 49, 4, 14]
[41, 38, 20, 52, 52, 48, 38, 20]
[11, 7, 12, 22, 18, 18, 44, 30]
[21, 25, 18, 16, 15, 14, 12, 24]
[44, 28, 39, 6, 19, 40, 34, 42]
[21, 52, 8, 50, 32, 34, 29, 27]
[45, 18, 32, 12, 16, 29, 25, 31]
[36, 7, 16, 6, 38, 41, 10, 4]
[14, 42, 30, 37, 36, 34, 34, 41]
[12, 26, 31, 42, 28, 10, 51, 16]
[43, 37, 12, 26, 16, 36, 36, 35]
[46, 6, 52, 28, 24, 31, 32, 51]
[23, 22, 37, 35, 51, 45, 47, 47]
[16, 51, 19, 9, 27, 25, 36, 8]
[8, 29, 7, 15, 33, 25, 5, 38]
[45, 44, 36, 21, 17, 46, 46, 14]
[43, 8, 34, 48, 38, 7, 11, 42]
[38, 25, 10, 35, 21, 9, 49, 39]
[15, 29, 12, 21, 25, 21, 41, 10]
[9, 6, 6, 37, 44, 30, 33, 8]
[23, 39, 7, 37, 12, 29, 21, 32]
[24, 26, 12, 26, 4, 11, 50, 4]
[44, 7, 17, 6, 19, 4, 36, 22]
[11, 22, 9, 27, 39, 22, 34, 9]
[10, 36, 28, 33, 46, 46, 13, 26]
[8, 14, 15, 12, 25, 48, 19, 48]
[8, 23, 41, 33, 31, 49, 49, 28]
[44, 17, 45, 47, 15, 43, 8, 8]
[4, 34, 45, 17, 43, 17, 40, 50]
[18, 16, 43, 7, 19, 52, 22, 30]
[28, 46, 44, 34, 32, 44, 14, 21]
[49, 41, 34, 30, 24, 51, 28, 28]
[48, 45, 47, 45, 16, 42, 5, 36]
[9, 10, 20, 24, 28, 50, 42, 44]
[46, 35, 36, 51, 9, 11, 16, 52]
[42, 41, 39, 10, 21, 5, 9, 37]
[10, 43, 34, 4, 10, 29, 42, 38]
[18, 21, 20, 35, 46, 42, 12, 42]
[6, 10, 20, 10, 14, 37, 17, 29]
[21, 4, 4, 7, 16, 24, 18, 48]
[13, 42, 28, 45, 23, 49, 11, 6]
[44, 40, 38, 9, 40, 49, 50, 41]
[16, 16, 24, 31, 44, 31, 40, 39]
[47, 16, 50, 31, 7, 40, 6, 17]
[10, 6, 18, 50, 14, 7, 19, 23]
[36, 38, 27, 16, 27, 32, 38, 9]
[49, 50, 49, 10, 17, 9, 32, 11]
[11, 34, 40, 35, 52, 38, 32, 52]
[17, 6, 14, 6, 42, 42, 36, 12]
[44, 27, 52, 43, 16, 6, 19, 31]
[29, 35, 51, 11, 33, 26, 51, 39]
[6, 5, 16, 4, 50, 35, 36, 51]
[40, 29, 17, 35, 17, 44, 22, 5]
[8, 42, 19, 45, 39, 33, 46, 20]
[14, 12, 43, 11, 12, 8, 25, 14]
[42, 48, 15, 46, 40, 7, 4, 37]
[23, 46, 28, 38, 27, 42, 4, 42]
[13, 49, 37, 32, 35, 19, 32, 26]
[8, 35, 37, 18, 41, 31, 29, 23]
[19, 50, 19, 11, 22, 40, 19, 30]
[44, 19, 41, 15, 43, 24, 49, 18]
[8, 21, 12, 39, 16, 16, 13, 10]
[50, 18, 33, 43, 42, 7, 26, 26]
[17, 37, 22, 10, 39, 15, 21, 37]
[34, 8, 31, 15, 37, 23, 4, 25]
[51, 33, 38, 15, 9, 14, 45, 23]
[36, 39, 12, 52, 20, 48, 30, 17]
[17, 26, 46, 50, 6, 36, 20, 42]
[26, 35, 22, 11, 8, 24, 43, 31]
[5, 51, 42, 24, 31, 19, 42, 25]
[51, 25, 32, 50, 39, 27, 22, 14]
[10, 43, 39, 45, 13, 22, 10, 10]
[8, 28, 5, 46, 23, 25, 45, 30]
[49, 18, 37, 34, 33, 10, 50, 9]
[12, 28, 49, 43, 26, 31, 41, 47]
[22, 7, 36, 11, 31, 19, 39, 38]
[27, 15, 5, 25, 25, 23, 18, 22]
[21, 27, 37, 51, 44, 5, 15, 48]
[26, 43, 25, 41, 19, 51, 30, 39]
[16, 32, 36, 48, 32, 26, 19, 28]
[25, 46, 20, 35, 13, 16, 46, 35]
[36, 9, 40, 37, 15, 50, 49, 11]
[29, 45, 35, 47, 31, 8, 28, 26]
[7, 27, 13, 31, 32, 19, 21, 16]
[32, 38, 32, 48, 41, 40, 22, 8]
[46, 38, 47, 24, 43, 29, 23, 19]
[8, 33, 47, 18, 20, 7, 4, 42]
[7, 33, 18, 41, 46, 18, 19, 26]
[45, 41, 35, 4, 7, 40, 11, 23]
[38, 14, 27, 42, 15, 21, 48, 8]
[26, 11, 14, 35, 17, 41, 7, 14]
[29, 51, 19, 40, 36, 37, 46, 11]
[14, 30, 22, 36, 19, 32, 45, 17]
[26, 23, 9, 44, 51, 25, 39, 26]
[48, 46, 30, 38, 18, 4, 20, 42]
[34, 28, 51, 52, 46, 7, 43, 15]
[45, 39, 41, 29, 46, 28, 41, 15]
[22, 50, 40, 17, 20, 28, 21, 12]
[37, 20, 17, 19, 30, 27, 45, 9]
[35, 45, 9, 7, 27, 38, 41, 33]
[19, 44, 39, 40, 16, 10, 47, 11]
[29, 8, 13, 7, 42, 9, 15, 4]
[15, 11, 23, 45, 6, 16, 49, 52]
[37, 46, 30, 34, 29, 26, 34, 22]
[49, 31, 23, 38, 6, 36, 7, 29]
[21, 43, 38, 7, 46, 37, 42, 25]
[34, 21, 26, 33, 46, 51, 6, 31]
[21, 30, 32, 20, 15, 34, 19, 29]
[22, 30, 42, 40, 21, 22, 18, 40]
[32, 22, 34, 34, 5, 33, 41, 39]
[10, 50, 10, 13, 15, 37, 16, 18]
[16, 14, 42, 29, 42, 15, 31, 39]
[26, 7, 38, 9, 40, 16, 21, 26]
[42, 47, 6, 44, 8, 36, 33, 26]
[20, 34, 47, 8, 17, 17, 41, 46]
[5, 30, 45, 31, 21, 33, 16, 19]
[41, 25, 27, 50, 35, 14, 29, 23]
[33, 26, 31, 44, 10, 19, 6, 20]
[39, 11, 44, 41, 25, 26, 11, 20]
[18, 15, 33, 12, 39, 26, 19, 49]
[22, 28, 41, 19, 4, 29, 34, 23]
[35, 19, 49, 52, 39, 45, 17, 6]
[25, 14, 16, 27, 28, 40, 5, 9]
[6, 26, 17, 14, 23, 15, 37, 26]
[16, 19, 30, 48, 6, 5, 7, 37]
[18, 19, 8, 9, 23, 12, 27, 15]
[9, 28, 40, 33, 52, 15, 8, 51]
[51, 9, 30, 22, 40, 42, 30, 41]
[9, 25, 51, 14, 18, 34, 51, 48]
[15, 9, 32, 15, 13, 34, 15, 37]
[24, 28, 34, 8, 36, 51, 27, 44]
[7, 35, 35, 23, 27, 41, 19, 18]
[37, 19, 44, 29, 9, 6, 6, 32]
[25, 24, 36, 15, 52, 33, 44, 45]
[19, 27, 20, 50, 45, 38, 8, 15]
[23, 49, 22, 26, 14, 26, 9, 19]
[19, 17, 23, 7, 49, 47, 18, 25]
[52, 16, 49, 4, 14, 8, 10, 28]
[14, 7, 11, 29, 6, 15, 30, 22]
[7, 14, 38, 48, 17, 50, 20, 39]
[34, 40, 24, 17, 43, 19, 14, 10]
[33, 7, 7, 4, 6, 23, 36, 40]
[22, 25, 41, 22, 7, 10, 46, 4]
[21, 40, 30, 13, 52, 23, 35, 49]
[30, 16, 33, 39, 9, 47, 37, 45]
[32, 16, 9, 48, 51, 7, 33, 17]
[19, 6, 52, 28, 37, 38, 25, 34]
[32, 12, 21, 28, 36, 32, 11, 41]
[9, 32, 16, 30, 8, 46, 21, 40]
[32, 12, 5, 14, 21, 8, 48, 17]
[21, 45, 39, 41, 10, 18, 6, 41]
[43, 37, 29, 45, 48, 18, 46, 34]
[29, 10, 36, 21, 44, 32, 23, 43]
[30, 16, 11, 27, 5, 23, 15, 45]
[9, 51, 6, 48, 15, 49, 13, 5]
[22, 8, 14, 36, 40, 8, 33, 22]
[4, 38, 4, 26, 7, 16, 33, 25]
[6, 44, 34, 37, 19, 17, 41, 24]
[28, 4, 24, 16, 17, 44, 35, 10]
[40, 22, 28, 26, 12, 34, 4, 37]
[35, 21, 7, 25, 46, 13, 26, 35]
[43, 31, 44, 43, 48, 46, 42, 6]
[32, 52, 42, 40, 15, 22, 35, 49]
[34, 40, 47, 21, 13, 43, 11, 41]
[19, 6, 47, 35, 27, 21, 28, 19]
[34, 11, 35, 4, 5, 15, 22, 6]
[31, 5, 35, 28, 21, 38, 27, 13]
[31, 41, 33, 12, 17, 23, 12, 26]
[29, 14, 20, 43, 41, 11, 47, 49]
[37, 33, 18, 7, 41, 10, 31, 15]
[41, 13, 28, 23, 14, 16, 20, 25]
[28, 29, 49, 18, 7, 31, 40, 29]
[33, 22, 6, 26, 24, 47, 37, 51]
[22, 51, 27, 29, 50, 4, 19, 6]
[25, 26, 6, 13, 20, 34, 20, 44]
[17, 10, 26, 50, 10, 40, 8, 32]
[17, 51, 11, 49, 11, 33, 38, 26]
[18, 6, 10, 16, 38, 14, 33, 48]
[29, 10, 8, 23, 41, 29, 35, 11]
[24, 16, 19, 23, 51, 43, 6, 28]
[19, 21, 26, 26, 6, 45, 32, 47]
[38, 31, 9, 34, 24, 31, 23, 25]
[13, 27, 38, 44, 43, 33, 15, 5]
[4, 49, 12, 49, 20, 21, 30, 46]
[27, 34, 29, 11, 33, 9, 30, 43]
[26, 35, 24, 18, 43, 33, 46, 19]
[30, 24, 29, 32, 38, 52, 45, 16]
[12, 8, 28, 22, 37, 31, 19, 16]
[27, 51, 19, 42, 22, 4, 37, 20]
[34, 8, 44, 25, 45, 19, 51, 27]
[9, 36, 29, 30, 29, 45, 50, 51]
[11, 36, 46, 21, 24, 16, 27, 32]
[29, 12, 41, 47, 11, 13, 20, 16]
[41, 17, 22, 19, 44, 32, 13, 11]
[31, 12, 37, 14, 31, 9, 52, 15]
[37, 33, 52, 24, 34, 47, 18, 32]
[7, 24, 27, 26, 19, 11, 12, 33]
[17, 32, 34, 34, 46, 4, 26, 18]
[15, 5, 28, 40, 6, 16, 35, 19]
[14, 36, 20, 25, 29, 47, 29, 11]
[48, 8, 49, 24, 5, 32, 12, 23]
[46, 6, 23, 29, 51, 50, 38, 12]
[13, 13, 13, 44, 43, 7, 33, 12]
[35, 36, 43, 15, 20, 16, 42, 34]
[36, 41, 12, 20, 35, 46, 7, 29]
[45, 43, 20, 17, 6, 20, 51, 45]
[39, 25, 50, 42, 22, 51, 13, 12]
[30, 37, 12, 12, 21, 50, 30, 43]
[50, 42, 39, 29, 38, 35, 38, 21]
[20, 10, 52, 20, 26, 35, 10, 7]
[25, 47, 33, 7, 10, 30, 43, 44]
[19, 19, 38, 38, 26, 13, 37, 38]
[35, 10, 31, 26, 4, 51, 28, 33]
[21, 21, 13, 24, 29, 19, 5, 32]
[36, 47, 13, 28, 10, 7, 15, 40]
[25, 50, 27, 46, 24, 21, 49, 52]
[9, 50, 4, 26, 15, 13, 49, 51]
[50, 6, 36, 26, 33, 39, 43, 13]
[35, 18, 15, 8, 26, 17, 52, 18]
[30, 52, 46, 32, 18, 25, 19, 47]
[10, 46, 9, 41, 15, 27, 20, 49]
[28, 15, 46, 44, 9, 38, 30, 39]
[6, 15, 34, 17, 43, 11, 44, 38]
[51, 16, 22, 16, 28, 7, 27, 23]
[46, 15, 4, 36, 34, 38, 34, 17]
[49, 29, 34, 26, 20, 42, 37, 4]
[24, 16, 6, 17, 7, 34, 49, 35]
[38, 43, 50, 52, 34, 46, 18, 16]
[48, 46, 7, 18, 29, 24, 50, 15]
[48, 32, 31, 25, 15, 12, 16, 7]
[42, 50, 37, 5, 6, 17, 8, 46]
[6, 33, 28, 17, 5, 46, 11, 9]
[11, 13, 33, 46, 38, 18, 39, 7]
[33, 32, 18, 46, 52, 31, 26, 39]
[16, 25, 4, 32, 18, 17, 32, 24]
[11, 51, 43, 10, 34, 24, 49, 25]
[17, 36, 27, 52, 18, 41, 48, 7]
[20, 46, 43, 50, 11, 6, 12, 14]
[41, 29, 36, 5, 7, 46, 46, 24]
[7, 10, 32, 11, 31, 39, 37, 32]
[52, 13, 42, 40, 35, 14, 31, 23]
[30, 49, 45, 46, 49, 5, 9, 18]
[39, 17, 21, 46, 25, 35, 50, 33]
[23, 21, 22, 4, 16, 23, 33, 9]
[25, 47, 24, 35, 21, 28, 39, 32]
[25, 44, 36, 15, 34, 14, 31, 6]
[46, 50, 38, 48, 27, 14, 26, 13]
[13, 29, 35, 21, 34, 45, 34, 43]
[11, 5, 44, 50, 32, 41, 21, 24]
[11, 38, 43, 18, 44, 40, 50, 39]
[51, 7, 16, 49, 4, 6, 8, 49]
[9, 24, 14, 26, 38, 48, 43, 19]
[40, 4, 50, 48, 26, 40, 16, 10]
[12, 11, 7, 23, 8, 31, 46, 17]
[24, 27, 38, 19, 48, 28, 14, 21]
[28, 51, 47, 19, 41, 19, 48, 14]
[16, 22, 45, 41, 40, 32, 31, 52]
[16, 10, 6, 13, 51, 35, 5, 51]
[42, 9, 21, 51, 23, 44, 6, 50]
[47, 33, 8, 15, 36, 44, 5, 37]
[30, 48, 42, 26, 13, 6, 42, 43]
[46, 5, 50, 49, 21, 8, 48, 41]
[44, 49, 7, 4, 49, 10, 30, 17]
[48, 25, 17, 40, 42, 35, 44, 10]
[5, 6, 29, 4, 52, 4, 23, 37]
[23, 11, 29, 45, 46, 24, 25, 43]
[42, 11, 10, 21, 51, 6, 50, 43]
[6, 7, 35, 5, 47, 16, 35, 36]
[44, 28, 19, 45, 49, 15, 44, 49]
[34, 41, 6, 41, 51, 5, 43, 7]
[10, 15, 26, 44, 18, 6, 8, 15]
[32, 26, 8, 17, 46, 9, 35, 8]
[13, 46, 45, 17, 46, 12, 14, 27]
[47, 37, 15, 28, 28, 26, 6, 50]
[10, 7, 31, 24, 49, 19, 25, 46]
[24, 38, 10, 7, 50, 40, 15, 28]
[44, 7, 12, 46, 47, 32, 42, 20]
[26, 6, 40, 20, 24, 52, 11, 35]
[40, 40, 26, 17, 17, 45, 11, 33]
[43, 17, 27, 47, 24, 42, 44, 40]
[42, 16, 35, 47, 21, 18, 39, 16]
[22, 47, 17, 28, 34, 52, 22, 20]
[33, 47, 29, 9, 21, 46, 30, 46]
[22, 13, 25, 46, 25, 50, 9, 49]
[22, 43, 46, 47, 45, 50, 8, 6]
[25, 51, 16, 8, 52, 29, 51, 43]
[52, 7, 45, 35, 27, 27, 50, 15]
[40, 17, 37, 13, 33, 52, 26, 19]
[51, 9, 25, 13, 30, 5, 35, 28]
[45, 22, 4, 37, 37, 30, 30, 18]
[9, 29, 20, 5, 17, 28, 19, 37]
[28, 4, 19, 19, 7, 47, 23, 51]
[35, 38, 28, 17, 8, 9, 28, 4]
[38, 37, 17, 29, 51, 33, 4, 12]
[10, 41, 51, 13, 25, 38, 28, 23]
[18, 36, 16, 32, 30, 39, 38, 9]
[31, 10, 42, 6, 23, 20, 10, 42]
[50, 7, 6, 15, 25, 31, 47, 23]
[51, 38, 23, 5, 27, 13, 16, 30]
[38, 27, 34, 12, 31, 37, 18, 18]
[24, 20, 36, 35, 19, 11, 19, 46]
[38, 39, 52, 20, 11, 11, 29, 22]
[8, 30, 22, 52, 47, 32, 43, 4]
[20, 15, 37, 48, 45, 24, 5, 45]
[47, 9, 15, 45, 27, 50, 8, 26]
[34, 4, 52, 47, 34, 37, 5, 10]
[4, 16, 31, 40, 6, 48, 29, 13]
[39, 52, 38, 10, 13, 50, 46, 30]
[42, 32, 34, 46, 8, 24, 10, 30]
[39, 31, 36, 5, 29, 19, 30, 16]
[4, 32, 44, 32, 9, 52, 45, 44]
[17, 46, 31, 27, 33, 9, 46, 41]
[23, 28, 15, 13, 34, 22, 33, 5]
[49, 37, 22, 25, 4, 15, 51, 43]
[25, 39, 34, 5, 8, 27, 16, 38]
[21, 12, 33, 13, 5, 47, 34, 25]
[10, 39, 14, 40, 24, 35, 45, 51]
[22, 42, 22, 47, 27, 30, 23, 37]
[46, 7, 25, 34, 46, 38, 20, 10]
[11, 48, 23, 6, 39, 30, 20, 46]
[16, 45, 46, 39, 40, 21, 41, 33]
[15, 33, 30, 4, 38, 33, 18, 34]
[28, 25, 36, 16, 12, 20, 36, 29]
[42, 42, 41, 9, 33, 31, 28, 51]
[6, 16, 24, 45, 35, 37, 40, 36]
[27, 50, 26, 23, 25, 19, 37, 29]
[13, 13, 19, 19, 36, 32, 39, 28]
[25, 35, 29, 25, 35, 37, 46, 14]
[15, 28, 5, 46, 28, 9, 13, 7]
[18, 27, 52, 15, 20, 44, 9, 30]
[15, 33, 49, 32, 33, 43, 48, 51]
[42, 47, 48, 30, 15, 24, 25, 32]
[39, 38, 16, 31, 5, 42, 11, 7]
[32, 39, 23, 38, 7, 12, 31, 19]
[26, 12, 8, 31, 26, 21, 38, 17]
[48, 51, 37, 36, 15, 12, 13, 35]
[42, 26, 41, 16, 18, 50, 44, 31]
[49, 13, 23, 21, 18, 28, 34, 7]
[24, 18, 52, 10, 29, 6, 32, 43]
[22, 51, 24, 13, 19, 6, 43, 20]
[4, 20, 40, 52, 47, 31, 12, 6]
[8, 7, 38, 13, 40, 29, 37, 33]
[47, 10, 16, 9, 42, 38, 21, 26]
[21, 21, 22, 7, 35, 25, 46, 15]
[51, 32, 25, 6, 4, 15, 25, 21]
[16, 37, 11, 27, 47, 44, 42, 50]
[50, 43, 25, 32, 6, 13, 37, 33]
[31, 35, 17, 29, 32, 50, 22, 28]
[39, 28, 20, 35, 48, 48, 32, 25]
[45, 31, 29, 6, 44, 26, 48, 34]
[49, 21, 24, 16, 52, 24, 27, 36]
[43, 52, 30, 28, 15, 33, 17, 32]
[13, 47, 29, 42, 52, 15, 20, 19]
[22, 45, 27, 9, 35, 34, 11, 5]
[36, 13, 50, 37, 18, 41, 23, 42]
[28, 19, 22, 42, 40, 34, 47, 27]
[38, 32, 26, 14, 46, 39, 25, 46]
[18, 46, 39, 27, 11, 16, 27, 17]
[16, 27, 9, 28, 16, 20, 31, 20]
[42, 13, 14, 39, 10, 7, 19, 50]
[50, 33, 41, 10, 6, 47, 37, 52]
[24, 52, 23, 25, 30, 7, 39, 19]
[34, 36, 48, 22, 50, 32, 27, 35]
[47, 27, 26, 40, 24, 4, 12, 18]
[50, 27, 50, 25, 36, 38, 35, 27]
[39, 47, 42, 40, 4, 30, 45, 51]
[35, 43, 8, 28, 49, 48, 39, 8]
[22, 34, 27, 38, 14, 26, 7, 20]
[43, 35, 43, 23, 10, 30, 28, 15]
[37, 33, 46, 41, 37, 16, 46, 4]
[43, 15, 23, 8, 48, 48, 32, 32]
[33, 48, 13, 48, 50, 18, 30, 35]
[44, 19, 28, 7, 42, 37, 45, 7]
[6, 43, 48, 49, 39, 18, 51, 13]
[20, 45, 7, 12, 38, 10, 29, 52]
[26, 50, 14, 21, 34, 46, 12, 38]
[20, 29, 44, 35, 6, 47, 52, 37]
[49, 27, 38, 5, 32, 52, 23, 9]
[45, 14, 34, 21, 44, 13, 23, 47]
[50, 49, 34, 28, 8, 36, 41, 50]
[24, 8, 11, 27, 41, 27, 10, 50]
[16, 12, 44, 18, 31, 35, 4, 17]
[42, 8, 51, 49, 19, 38, 49, 18]
[30, 31, 44, 35, 24, 11, 41, 5]
[18, 12, 16, 10, 7, 33, 45, 32]
[4, 41, 51, 29, 5, 14, 44, 14]
[50, 7, 14, 43, 25, 43, 25, 42]
[35, 5, 45, 8, 27, 12, 22, 14]
[41, 7, 29, 39, 45, 33, 30, 36]
[36, 25, 5, 46, 26, 24, 33, 5]
[18, 18, 5, 34, 12, 21, 19, 16]
[6, 20, 12, 6, 5, 27, 25, 48]
[13, 5, 33, 7, 23, 48, 8, 50]
[15, 29, 21, 16, 23, 51, 26, 40]
[41, 24, 41, 49, 43, 8, 18, 37]
[32, 21, 21, 34, 13, 49, 35, 41]
[6, 37, 20, 14, 49, 23, 15, 15]
[16, 46, 15, 26, 24, 45, 26, 34]
[41, 30, 31, 50, 5, 47, 37, 41]
[31, 51, 40, 27, 40, 27, 28, 41]
[23, 11, 50, 7, 49, 42, 52, 22]
[13, 43, 39, 43, 5, 26, 27, 19]
[43, 24, 34, 14, 47, 29, 29, 24]
[46, 12, 37, 50, 19, 34, 28, 11]
[47, 37, 46, 27, 31, 12, 47, 41]
[44, 34, 24, 11, 32, 27, 13, 43]
[48, 52, 28, 36, 39, 41, 16, 11]
[43, 17, 33, 21, 14, 51, 48, 44]
[7, 23, 4, 29, 6, 22, 30, 16]
[48, 22, 5, 42, 35, 31, 47, 27]
[42, 42, 44, 7, 9, 7, 24, 27]
[10, 22, 13, 10, 5, 26, 47, 39]
[33, 19, 9, 16, 45, 35, 4, 26]
[49, 8, 12, 30, 35, 33, 48, 39]
[6, 9, 30, 21, 31, 4, 12, 44]
[51, 7, 13, 4, 44, 5, 9, 29]
[42, 50, 5, 12, 11, 45, 23, 40]
[38, 47, 40, 33, 6, 32, 17, 28]
[33, 42, 12, 18, 16, 45, 10, 25]
[21, 28, 23, 30, 34, 52, 23, 8]
[22, 42, 45, 36, 37, 11, 34, 15]
[30, 37, 34, 4, 38, 32, 22, 11]
[42, 11, 8, 47, 19, 8, 25, 49]
[4, 24, 30, 19, 33, 27, 34, 27]
[26, 26, 19, 13, 49, 39, 39, 34]
[48, 26, 8, 41, 16, 43, 33, 7]
[13, 49, 5, 9, 43, 45, 18, 45]
[11, 30, 41, 19, 35, 47, 34, 47]
[27, 9, 22, 6, 7, 40, 48, 34]
[16, 39, 15, 26, 24, 22, 20, 21]
[30, 50, 6, 39, 10, 17, 11, 13]
[39, 51, 29, 48, 15, 20, 40, 8]
[24, 49, 23, 44, 19, 9, 48, 20]
[22, 46, 6, 32, 10, 40, 6, 4]
[49, 48, 44, 39, 43, 40, 48, 21]
[40, 51, 13, 33, 33, 33, 24, 44]
[32, 7, 11, 39, 18, 42, 29, 46]
[37, 33, 42, 9, 41, 50, 17, 44]
[16, 13, 26, 10, 34, 12, 30, 37]
[23, 7, 26, 36, 25, 27, 46, 14]
[45, 7, 36, 47, 40, 22, 29, 21]
[49, 12, 48, 49, 46, 48, 52, 39]
[35, 13, 40, 40, 8, 18, 11, 27]
[49, 34, 4, 16, 36, 6, 47, 46]
[51, 4, 33, 42, 25, 22, 32, 34]
[18, 50, 5, 20, 30, 35, 47, 6]
[15, 28, 20, 28, 42, 31, 5, 8]
[29, 51, 6, 20, 23, 48, 19, 28]
[13, 43, 42, 32, 38, 34, 21, 21]
[34, 39, 18, 6, 13, 5, 12, 49]
[32, 33, 20, 50, 45, 39, 42, 46]
[10, 39, 41, 20, 25, 52, 28, 14]
[9, 38, 15, 45, 12, 39, 46, 26]
[51, 7, 9, 48, 22, 21, 10, 13]
[39, 48, 26, 8, 18, 9, 27, 12]
[14, 34, 29, 17, 48, 40, 13, 21]
[48, 4, 50, 39, 52, 11, 45, 22]
[32, 51, 36, 52, 5, 17, 26, 9]
[26, 27, 10, 12, 35, 42, 35, 9]
[26, 23, 18, 36, 10, 52, 16, 28]
[6, 34, 37, 26, 52, 47, 48, 22]
[44, 24, 21, 14, 24, 24, 27, 15]
[46, 18, 51, 34, 37, 37, 38, 12]
[50, 18, 42, 27, 49, 20, 40, 49]
[44, 17, 16, 7, 48, 27, 29, 25]
[41, 28, 46, 47, 38, 40, 18, 24]
[47, 11, 45, 46, 32, 43, 42, 43]
[17, 38, 51, 26, 25, 34, 4, 48]
[18, 39, 22, 52, 33, 18, 4, 18]
[8, 48, 5, 22, 38, 52, 33, 14]
[48, 27, 51, 43, 34, 6, 5, 24]
[4, 34, 22, 46, 35, 45, 41, 51]
[15, 43, 30, 38, 47, 21, 18, 31]
[51, 40, 8, 24, 37, 46, 20, 48]
[47, 27, 32, 31, 15, 39, 17, 44]
[48, 32, 40, 45, 13, 35, 8, 50]
[33, 16, 24, 34, 50, 33, 30, 40]
[43, 29, 17, 51, 6, 20, 49, 49]
[52, 33, 30, 12, 40, 30, 43, 30]
[44, 27, 23, 25, 24, 6, 44, 44]
[34, 13, 38, 20, 26, 20, 18, 23]
[4, 12, 23, 38, 6, 52, 42, 7]
[47, 47, 43, 36, 45, 17, 25, 9]
[40, 36, 50, 25, 51, 11, 22, 7]
[51, 8, 19, 23, 8, 23, 5, 20]
[23, 36, 20, 19, 29, 36, 19, 52]
[20, 48, 5, 34, 19, 35, 17, 12]
[31, 12, 7, 41, 22, 39, 15, 6]
[33, 33, 17, 15, 19, 41, 42, 49]
[14, 39, 9, 43, 7, 32, 41, 33]
[20, 15, 28, 26, 5, 42, 15, 42]
[24, 45, 23, 6, 14, 39, 29, 16]
[9, 21, 6, 16, 45, 18, 6, 46]
[22, 15, 47, 46, 29, 10, 34, 47]
[20, 21, 32, 20, 5, 30, 43, 19]
[30, 21, 19, 24, 52, 47, 42, 30]
[52, 35, 34, 37, 11, 50, 50, 39]
[8, 36, 39, 42, 33, 28, 12, 41]
[42, 48, 43, 27, 19, 44, 8, 42]
[8, 21, 11, 23, 51, 34, 12, 44]
[28, 25, 7, 41, 46, 29, 4, 10]
[45, 24, 7, 15, 41, 38, 39, 34]
[12, 9, 9, 6, 12, 6, 44, 16]
[19, 22, 49, 9, 9, 37, 50, 44]
[28, 36, 41, 26, 36, 42, 44, 31]
[21, 44, 50, 36, 31, 52, 41, 33]
[31, 23, 8, 37, 13, 29, 44, 9]
[42, 51, 44, 36, 9, 23, 23, 28]
[28, 32, 18, 9, 14, 21, 40, 24]
[9, 51, 7, 29, 31, 40, 28, 47]
[23, 48, 10, 30, 31, 42, 17, 7]
[32, 10, 51, 18, 17, 31, 47, 21]
[28, 8, 40, 38, 36, 40, 17, 42]
[27, 26, 31, 46, 9, 48, 40, 26]
[52, 23, 48, 43, 27, 11, 45, 6]
[23, 10, 48, 27, 38, 45, 45, 46]
[33, 38, 16, 11, 21, 32, 9, 25]
[14, 40, 17, 31, 47, 13, 9, 49]
[33, 20, 44, 43, 21, 28, 18, 23]
[12, 32, 19, 16, 12, 51, 13, 19]
[21, 20, 11, 24, 28, 6, 29, 40]
[52, 24, 4, 38, 18, 22, 38, 8]
[21, 16, 4, 13, 42, 28, 28, 16]
[52, 9, 42, 40, 46, 10, 43, 25]
[18, 17, 13, 17, 31, 42, 45, 34]
[38, 34, 21, 24, 40, 22, 31, 39]
[11, 17, 8, 9, 44, 45, 39, 16]
[41, 52, 50, 5, 12, 7, 20, 36]
[15, 30, 51, 33, 22, 23, 15, 9]
[14, 37, 35, 22, 44, 6, 4, 46]
[8, 32, 46, 21, 36, 20, 19, 24]
[18, 30, 13, 42, 24, 19, 9, 51]
[33, 6, 44, 34, 9, 48, 48, 17]
[48, 39, 38, 19, 30, 15, 46, 44]
[28, 9, 44, 8, 8, 23, 29, 8]
[37, 14, 21, 30, 36, 36, 7, 4]
[22, 16, 49, 22, 35, 28, 52, 18]
[24, 48, 23, 25, 27, 24, 34, 49]
[31, 42, 31, 12, 10, 28, 22, 8]
[33, 38, 23, 20, 22, 29, 14, 47]
[38, 29, 38, 7, 37, 31, 51, 28]
[30, 38, 47, 18, 26, 32, 43, 44]
[45, 37, 5, 41, 23, 12, 18, 7]
[8, 38, 41, 22, 28, 50, 11, 19]
[24, 24, 37, 8, 10, 27, 4, 14]
[20, 27, 36, 12, 7, 18, 42, 38]
[7, 42, 22, 11, 46, 39, 37, 40]
[6, 16, 35, 49, 44, 44, 44, 17]
[4, 40, 41, 41, 47, 5, 52, 42]
[12, 37, 22, 31, 6, 44, 18, 51]
[28, 52, 40, 22, 20, 16, 28, 37]
[46, 35, 48, 40, 15, 21, 41, 4]
[51, 47, 16, 20, 45, 18, 18, 50]
[18, 17, 35, 15, 39, 33, 35, 21]
[49, 18, 47, 30, 31, 47, 45, 36]
[14, 20, 26, 15, 40, 7, 44, 11]
[35, 43, 10, 52, 40, 34, 12, 45]
[50, 28, 19, 15, 48, 5, 33, 34]
[25, 5, 21, 44, 38, 45, 47, 14]
[45, 47, 27, 41, 15, 26, 28, 45]
[52, 30, 44, 23, 7, 9, 21, 21]
[19, 24, 45, 6, 25, 35, 6, 52]
[6, 31, 47, 8, 4, 33, 22, 47]
[29, 42, 5, 29, 6, 7, 25, 50]
[5, 31, 50, 46, 42, 19, 30, 20]
[39, 37, 19, 52, 33, 30, 18, 36]
[9, 40, 27, 45, 18, 30, 40, 37]
[16, 26, 16, 31, 15, 46, 4, 36]
[40, 49, 18, 36, 42, 29, 5, 45]
[36, 38, 4, 6, 14, 12, 25, 35]
[40, 16, 33, 50, 44, 50, 22, 27]
[20, 36, 24, 20, 13, 5, 35, 50]
[43, 20, 52, 6, 31, 50, 39, 43]
[4, 8, 6, 37, 41, 39, 28, 35]
[4, 16, 13, 36, 34, 39, 4, 34]
[26, 40, 45, 6, 38, 43, 4, 48]
[50, 14, 42, 27, 38, 38, 43, 8]
[20, 25, 29, 35, 11, 32, 10, 24]
[15, 41, 37, 32, 20, 44, 23, 31]
[16, 26, 52, 31, 50, 38, 7, 24]
[26, 46, 42, 32, 50, 34, 8, 19]
[12, 45, 36, 50, 44, 23, 41, 22]
[24, 49, 17, 15, 30, 35, 25, 28]
[22, 15, 32, 45, 45, 45, 49, 45]
[10, 29, 13, 42, 5, 51, 10, 34]
[17, 12, 27, 40, 34, 26, 40, 43]
[17, 52, 5, 16, 25, 51, 48, 9]
[24, 31, 13, 49, 27, 38, 25, 15]
[19, 11, 19, 26, 16, 11, 50, 8]
[41, 38, 33, 11, 37, 37, 34, 33]
[31, 25, 44, 20, 16, 41, 18, 22]
[13, 27, 22, 11, 22, 52, 15, 19]
[8, 14, 7, 34, 16, 27, 33, 9]
[4, 6, 32, 14, 12, 42, 51, 15]
[43, 25, 13, 45, 11, 47, 11, 16]
[11, 6, 31, 30, 22, 42, 32, 50]
[25, 51, 49, 27, 6, 13, 29, 36]
[34, 10, 17, 24, 10, 27, 30, 49]
[11, 40, 40, 18, 28, 46, 9, 13]
[12, 15, 31, 47, 4, 43, 52, 8]
[18, 4, 32, 35, 34, 42, 29, 17]
[12, 39, 34, 21, 32, 24, 41, 7]
[19, 36, 5, 32, 47, 35, 24, 37]
[45, 12, 42, 23, 26, 20, 20, 12]
[27, 25, 5, 7, 47, 27, 21, 34]
[44, 37, 51, 7, 8, 41, 27, 32]
[52, 24, 48, 42, 22, 30, 11, 14]
[9, 14, 28, 34, 9, 21, 25, 17]
[48, 31, 28, 38, 27, 47, 28, 46]
[42, 27, 22, 50, 48, 9, 14, 16]
[28, 23, 5, 5, 31, 28, 52, 18]
[23, 34, 41, 25, 12, 29, 39, 30]
[6, 32, 44, 11, 30, 30, 36, 50]
[49, 24, 32, 18, 28, 19, 10, 35]
[7, 9, 51, 47, 30, 45, 7, 43]
[33, 30, 37, 14, 17, 6, 31, 28]
[34, 15, 12, 14, 14, 49, 28, 47]
[35, 25, 43, 38, 18, 9, 33, 5]
[43, 21, 27, 33, 26, 47, 47, 38]
[37, 42, 38, 12, 8, 38, 10, 21]
[47, 15, 31, 36, 6, 47, 6, 39]
[40, 31, 42, 43, 25, 8, 44, 39]
[30, 6, 7, 37, 23, 44, 50, 46]
[37, 23, 20, 23, 34, 22, 20, 51]
[16, 37, 7, 36, 29, 50, 14, 31]
[41, 11, 18, 41, 21, 36, 14, 7]
[20, 30, 51, 28, 39, 18, 28, 30]
[37, 35, 6, 15, 18, 29, 28, 24]
[27, 18, 34, 18, 34, 45, 25, 39]
[12, 11, 48, 41, 40, 32, 33, 18]
[41, 36, 29, 33, 42, 12, 35, 13]
[30, 9, 35, 9, 18, 28, 10, 10]
[17, 41, 19, 14, 11, 33, 10, 45]
[22, 45, 40, 46, 37, 28, 21, 9]
[44, 33, 31, 22, 13, 16, 52, 52]
[29, 44, 22, 15, 49, 39, 7, 13]
[49, 37, 13, 31, 45, 40, 22, 42]
[39, 11, 23, 26, 48, 22, 5, 6]
[32, 41, 26, 43, 36, 50, 13, 34]
[24, 41, 44, 23, 36, 49, 27, 20]
[5, 25, 46, 15, 29, 50, 36, 32]
[51, 29, 42, 51, 27, 8, 8, 22]
[12, 18, 31, 20, 41, 49, 37, 27]
[23, 6, 6, 5, 13, 28, 21, 48]
[11, 48, 15, 7, 46, 17, 8, 47]
[38, 28, 18, 30, 5, 26, 9, 29]
[15, 44, 49, 20, 44, 30, 18, 23]
[27, 48, 33, 34, 39, 49, 7, 29]
[43, 9, 48, 38, 30, 14, 15, 12]
[37, 10, 34, 47, 38, 52, 8, 36]
[28, 9, 21, 30, 33, 20, 10, 15]
[36, 15, 9, 52, 9, 26, 51, 16]
[23, 48, 17, 23, 11, 49, 19, 28]
[31, 41, 43, 8, 20, 25, 20, 8]
[24, 26, 18, 40, 6, 31, 42, 14]
[19, 30, 34, 45, 15, 30, 5, 5]
[20, 44, 35, 12, 10, 46, 52, 8]
[35, 14, 13, 42, 51, 7, 25, 48]
[17, 50, 39, 49, 39, 27, 13, 48]
[25, 30, 24, 28, 11, 44, 44, 40]
[14, 34, 15, 21, 15, 18, 10, 7]
[24, 21, 36, 31, 42, 28, 35, 11]
[47, 35, 16, 6, 22, 9, 36, 42]
[11, 10, 30, 13, 48, 40, 51, 10]
[18, 48, 33, 33, 18, 25, 11, 21]
[27, 35, 46, 39, 15, 48, 48, 37]
[6, 18, 51, 34, 47, 32, 50, 29]
[35, 26, 46, 40, 18, 32, 15, 19]
[46, 40, 4, 13, 52, 41, 39, 27]
[41, 51, 49, 47, 4, 14, 35, 52]
[41, 42, 16, 8, 31, 26, 39, 43]
[30, 30, 8, 44, 33, 6, 29, 14]
[31, 7, 9, 4, 32, 8, 45, 44]
[35, 15, 10, 45, 10, 39, 5, 36]
[32, 12, 50, 39, 7, 25, 18, 22]
[25, 17, 52, 23, 8, 12, 23, 45]
[9, 44, 52, 26, 37, 8, 45, 15]
[28, 49, 32, 19, 6, 39, 38, 47]
[42, 28, 28, 29, 13, 40, 34, 36]
[24, 13, 21, 30, 42, 36, 44, 47]
[33, 15, 23, 52, 34, 14, 52, 32]
[24, 34, 40, 38, 50, 7, 45, 30]
[46, 16, 46, 51, 50, 44, 28, 31]
[20, 52, 10, 23, 38, 32, 30, 31]
[19, 6, 31, 13, 29, 42, 50, 28]
[7, 43, 47, 11, 14, 52, 32, 16]
[33, 44, 38, 9, 34, 28, 9, 8]
[14, 5, 5, 40, 44, 46, 11, 39]
[7, 29, 39, 13, 36, 36, 49, 41]
[41, 40, 19, 26, 46, 27, 46, 47]
[19, 51, 24, 47, 45, 35, 17, 22]
[42, 34, 8, 43, 34, 28, 47, 13]
[26, 38, 21, 41, 21, 8, 5, 40]
[46, 31, 19, 39, 10, 48, 47, 26]
[40, 18, 34, 48, 8, 18, 52, 34]
[21, 49, 42, 52, 47, 43, 42, 44]
[30, 20, 25, 4, 19, 41, 45, 18]
[52, 48, 11, 16, 42, 49, 45, 28]
[37, 34, 40, 11, 45, 25, 7, 23]
[35, 15, 47, 26, 44, 6, 32, 23]
[7, 26, 32, 28, 35, 51, 24, 21]
[13, 6, 40, 21, 24, 43, 49, 36]
[9, 46, 41, 20, 39, 19, 21, 48]
[31, 17, 17, 50, 13, 48, 46, 47]
[40, 45, 41, 51, 34, 13, 51, 43]
[20, 28, 44, 30, 5, 28, 15, 13]
[24, 39, 28, 44, 33, 23, 31, 14]
[41, 7, 37, 48, 8, 51, 19, 4]
[37, 7, 9, 51, 11, 31, 9, 24]
[5, 12, 14, 44, 39, 14, 45, 45]
[39, 48, 51, 51, 44, 25, 9, 12]
[25, 37, 31, 27, 12, 6, 28, 48]
[46, 40, 51, 43, 13, 10, 30, 11]
[18, 33, 14, 20, 38, 50, 50, 48]
[47, 49, 6, 17, 20, 48, 40, 34]
[40, 30, 45, 34, 22, 14, 10, 32]
[46, 11, 45, 51, 5, 23, 15, 27]
[39, 9, 21, 39, 14, 8, 49, 48]
[40, 23, 48, 38, 39, 25, 27, 11]
[27, 28, 50, 30, 32, 42, 37, 14]
[25, 10, 14, 4, 42, 26, 15, 29]
[52, 20, 46, 45, 6, 42, 17, 5]
[25, 25, 6, 17, 45, 29, 38, 13]
[31, 47, 29, 19, 51, 18, 8, 17]
[24, 27, 42, 20, 40, 17, 44, 23]
[22, 48, 27, 13, 8, 13, 6, 37]
[17, 17, 7, 12, 31, 15, 44, 22]
[23, 46, 48, 14, 6, 30, 30, 28]
[47, 16, 38, 32, 45, 35, 6, 43]
[47, 48, 24, 41, 28, 44, 38, 34]
[47, 6, 26, 37, 34, 47, 26, 32]
[43, 32, 45, 18, 13, 25, 38, 10]
[16, 41, 18, 49, 17, 45, 14, 45]
[15, 12, 19, 4, 20, 6, 33, 24]
[49, 36, 17, 37, 33, 39, 46, 25]
[29, 19, 49, 7, 29, 8, 36, 32]
[30, 51, 48, 45, 35, 25, 48, 46]
[9, 26, 32, 9, 12, 52, 18, 21]
[33, 21, 52, 26, 43, 11, 11, 12]
[40, 8, 50, 11, 38, 28, 43, 25]
[27, 47, 11, 27, 11, 42, 17, 18]
[10, 34, 43, 30, 35, 49, 35, 17]
[27, 9, 31, 14, 51, 33, 50, 24]
[37, 44, 11, 23, 12, 29, 9, 38]
[10, 40, 46, 32, 43, 46, 18, 13]
[13, 17, 43, 30, 47, 27, 34, 30]
[6, 5, 45, 40, 27, 17, 25, 44]
[42, 33, 10, 14, 31, 50, 43, 22]
[39, 41, 12, 41, 31, 7, 46, 37]
[8, 12, 8, 23, 34, 30, 24, 9]
[7, 34, 20, 34, 26, 46, 40, 37]
[35, 15, 28, 48, 42, 25, 40, 44]
[26, 43, 7, 50, 44, 32, 18, 50]
[21, 41, 38, 27, 21, 9, 4, 9]
[16, 49, 29, 40, 9, 22, 16, 16]
[9, 18, 43, 42, 15, 18, 17, 8]
[13, 35, 6, 40, 52, 39, 50, 20]
[27, 11, 7, 50, 15, 11, 36, 33]
[31, 37, 36, 49, 13, 38, 20, 48]
[29, 16, 52, 16, 50, 41, 39, 23]
[4, 10, 50, 35, 32, 34, 28, 44]
[42, 42, 40, 24, 41, 14, 41, 39]
[8, 39, 14, 21, 7, 47, 32, 28]
[6, 12, 32, 33, 34, 33, 45, 51]
[38, 37, 41, 49, 6, 16, 46, 49]
[35, 44, 29, 17, 4, 23, 10, 36]
[29, 12, 10, 10, 40, 51, 42, 24]
[29, 6, 52, 15, 17, 28, 5, 22]
[52, 32, 31, 17, 30, 33, 39, 29]
[43, 52, 8, 10, 20, 50, 40, 52]
[24, 14, 6, 25, 33, 9, 5, 50]
[33, 45, 35, 27, 13, 17, 41, 10]
[30, 48, 26, 20, 50, 23, 8, 16]
[9, 21, 39, 47, 50, 50, 28, 21]
[9, 45, 8, 39, 9, 16, 43, 5]
[10, 24, 18, 5, 5, 46, 50, 16]
[15, 13, 49, 18, 4, 50, 49, 47]
[28, 7, 4, 23, 37, 14, 15, 51]
[32, 6, 23, 46, 48, 14, 46, 52]
[28, 13, 24, 33, 28, 49, 23, 38]
[31, 40, 47, 27, 33, 24, 28, 24]
[43, 10, 10, 27, 30, 15, 16, 33]
[32, 29, 46, 37, 38, 17, 51, 15]
[43, 9, 44, 10, 16, 26, 37, 46]
[5, 22, 22, 25, 35, 19, 13, 32]
[52, 49, 52, 41, 41, 4, 14, 51]
[6, 13, 48, 7, 6, 34, 20, 27]
[50, 20, 7, 31, 12, 38, 24, 6]
[21, 25, 50, 25, 10, 4, 7, 37]
[27, 36, 11, 13, 26, 26, 24, 32]
[13, 24, 51, 24, 34, 24, 18, 26]
[27, 17, 50, 36, 35, 31, 46, 29]
[13, 40, 25, 26, 43, 7, 25, 17]
[35, 47, 39, 40, 47, 31, 42, 4]
[24, 8, 52, 26, 31, 16, 30, 24]
[14, 43, 27, 13, 11, 28, 5, 49]
[20, 8, 27, 41, 8, 37, 40, 51]
[28, 35, 40, 41, 29, 13, 48, 36]
[25, 44, 10, 8, 27, 21, 30, 10]
[10, 28, 24, 28, 12, 18, 45, 13]
[37, 32, 33, 49, 4, 7, 46, 6]
[43, 25, 38, 6, 45, 52, 35, 13]
[23, 24, 47, 19, 10, 8, 51, 42]
[6, 36, 43, 20, 51, 35, 6, 42]
[20, 34, 45, 52, 11, 33, 51, 8]
[24, 5, 51, 35, 25, 41, 20, 6]
[20, 32, 31, 29, 41, 30, 15, 21]
[43, 29, 30, 49, 51, 25, 17, 50]
[25, 20, 27, 43, 17, 41, 32, 37]
[17, 12, 9, 7, 52, 49, 10, 6]
[14, 18, 52, 39, 23, 26, 44, 52]
[5, 49, 10, 40, 14, 11, 47, 41]
[25, 14, 12, 42, 5, 33, 4, 52]
[23, 8, 45, 20, 11, 16, 26, 12]
[7, 12, 13, 15, 41, 15, 33, 16]
[23, 31, 50, 36, 19, 12, 12, 4]
[23, 35, 48, 44, 13, 15, 46, 6]
[12, 8, 42, 41, 36, 11, 15, 6]
[49, 35, 41, 40, 16, 48, 21, 7]
[11, 43, 8, 19, 43, 23, 52, 7]
[12, 43, 32, 28, 33, 45, 29, 27]
[19, 8, 43, 16, 40, 26, 17, 16]
[51, 24, 26, 31, 52, 5, 17, 17]
[20, 8, 22, 47, 22, 32, 5, 28]
[17, 25, 40, 36, 39, 50, 6, 39]
[24, 5, 37, 42, 5, 7, 21, 21]
[38, 45, 9, 18, 44, 51, 23, 10]
[17, 35, 38, 35, 11, 29, 14, 52]
[5, 34, 30, 23, 24, 15, 40, 4]
[50, 41, 44, 16, 42, 27, 29, 33]
[5, 23, 33, 5, 30, 20, 13, 33]
[29, 41, 47, 51, 44, 39, 19, 30]
[44, 17, 37, 38, 50, 40, 27, 49]
[13, 38, 25, 33, 20, 24, 12, 26]
[11, 33, 39, 28, 40, 40, 4, 24]
[36, 42, 34, 16, 27, 11, 31, 7]
[50, 37, 35, 7, 37, 30, 19, 32]
[36, 21, 43, 36, 46, 23, 27, 21]
[25, 25, 39, 9, 4, 36, 19, 30]
[5, 17, 7, 21, 41, 47, 24, 9]
[13, 28, 44, 30, 50, 8, 47, 36]
[41, 11, 16, 39, 17, 42, 19, 23]
[32, 19, 23, 48, 33, 38, 19, 32]
[31, 50, 5, 8, 32, 37, 10, 52]
[10, 32, 15, 17, 25, 43, 46, 18]
[37, 5, 44, 23, 46, 43, 44, 28]
[42, 34, 44, 23, 44, 19, 37, 31]
[16, 52, 36, 43, 37, 50, 51, 5]
[35, 23, 4, 43, 34, 7, 35, 4]
[27, 49, 30, 38, 42, 15, 21, 36]
[16, 52, 40, 48, 49, 39, 34, 10]
[52, 51, 41, 36, 21, 18, 31, 15]
[51, 22, 9, 38, 42, 52, 10, 48]
[41, 50, 37, 11, 9, 23, 45, 17]
[50, 51, 13, 18, 37, 34, 25, 46]
[41, 16, 46, 48, 14, 32, 35, 18]
[37, 31, 51, 19, 26, 5, 40, 46]
[42, 29, 47, 20, 33, 15, 13, 39]
[13, 10, 46, 49, 38, 18, 52, 28]
[37, 28, 15, 49, 45, 6, 32, 40]
[16, 11, 9, 23, 46, 16, 22, 11]
[47, 14, 29, 11, 13, 42, 10, 5]
[7, 11, 33, 33, 33, 20, 15, 43]
[4, 25, 19, 9, 6, 34, 17, 12]
[5, 50, 47, 18, 34, 39, 32, 47]
[46, 48, 50, 26, 11, 11, 5, 40]
[17, 45, 43, 47, 16, 32, 11, 47]
[37, 45, 51, 5, 5, 5, 22, 45]
[41, 20, 8, 13, 27, 38, 52, 9]
[25, 33, 23, 21, 19, 23, 18, 21]
[4, 44, 45, 22, 51, 25, 35, 37]
[4, 11, 37, 8, 18, 36, 32, 34]
[8, 7, 48, 10, 14, 49, 13, 42]
[19, 6, 46, 34, 35, 24, 7, 35]
[18, 14, 16, 42, 27, 31, 37, 8]
[32, 26, 10, 42, 38, 20, 13, 11]
[23, 14, 39, 10, 29, 21, 46, 11]
[7, 41, 39, 41, 18, 51, 49, 5]
[18, 20, 41, 52, 11, 45, 31, 43]
[42, 41, 44, 4, 37, 42, 22, 43]
[50, 25, 20, 42, 50, 25, 16, 15]
[18, 51, 33, 23, 30, 22, 47, 7]
[39, 28, 22, 9, 35, 47, 45, 7]
[15, 49, 27, 11, 40, 28, 11, 44]
[40, 44, 23, 8, 40, 45, 37, 4]
[23, 22, 33, 7, 48, 12, 37, 41]
[12, 52, 45, 13, 16, 51, 49, 5]
[20, 14, 39, 44, 24, 11, 36, 21]
[40, 16, 46, 44, 37, 7, 12, 4]
[51, 25, 13, 47, 34, 37, 43, 34]
[37, 43, 33, 40, 49, 49, 6, 33]
[20, 20, 35, 43, 19, 51, 43, 15]
[41, 39, 41, 16, 24, 9, 26, 35]
[30, 28, 16, 43, 27, 21, 10, 15]
[18, 50, 30, 6, 35, 29, 51, 27]
[37, 7, 33, 15, 39, 17, 27, 45]
[34, 39, 39, 11, 51, 16, 48, 22]
[4, 39, 47, 22, 15, 15, 9, 26]
[20, 38, 36, 41, 28, 44, 14, 32]
[32, 4, 16, 18, 29, 32, 20, 26]
[6, 52, 32, 8, 47, 14, 36, 5]
[26, 7, 25, 26, 50, 38, 18, 31]
[5, 36, 6, 49, 49, 30, 5, 52]
[21, 24, 5, 36, 9, 16, 28, 16]
[37, 31, 48, 27, 31, 8, 39, 47]
[17, 19, 37, 37, 49, 31, 4, 52]
[31, 6, 49, 52, 30, 6, 7, 25]
[21, 10, 51, 17, 23, 48, 10, 51]
[50, 17, 33, 44, 25, 46, 51, 7]
[23, 4, 47, 12, 15, 30, 39, 44]
[45, 22, 26, 33, 50, 14, 39, 27]
[16, 42, 25, 29, 35, 36, 15, 19]
[32, 7, 6, 42, 32, 31, 16, 41]
[45, 6, 48, 40, 52, 26, 10, 7]
[40, 20, 31, 12, 46, 11, 10, 29]
[44, 26, 47, 28, 23, 5, 44, 18]
[49, 20, 49, 17, 40, 27, 23, 30]
[33, 42, 24, 44, 5, 43, 21, 39]
[34, 13, 46, 27, 21, 49, 22, 34]
[48, 7, 13, 6, 31, 36, 49, 42]
[16, 26, 5, 30, 23, 35, 31, 22]
[44, 27, 22, 42, 28, 36, 34, 15]
[16, 50, 45, 16, 28, 25, 39, 18]
[49, 15, 41, 46, 31, 42, 15, 25]
[7, 23, 33, 35, 30, 41, 22, 5]
[15, 5, 7, 9, 24, 52, 24, 52]
[50, 47, 43, 22, 40, 40, 15, 27]
[14, 24, 18, 18, 5, 34, 21, 33]
[12, 20, 18, 24, 52, 27, 8, 16]
[29, 49, 39, 6, 26, 46, 12, 27]
[33, 27, 52, 33, 49, 15, 47, 44]
[16, 51, 37, 36, 22, 6, 20, 5]
[14, 16, 21, 50, 23, 6, 19, 50]
[32, 23, 8, 49, 32, 24, 47, 52]
[7, 50, 33, 6, 17, 30, 13, 8]
[29, 44, 46, 28, 37, 42, 16, 45]
[40, 29, 10, 31, 13, 10, 14, 30]
[32, 31, 10, 15, 46, 20, 42, 16]
[23, 8, 12, 37, 25, 16, 43, 7]
[46, 36, 33, 30, 11, 12, 50, 13]
[14, 47, 18, 15, 38, 34, 4, 51]
[24, 37, 30, 12, 4, 23, 26, 8]
[5, 20, 29, 51, 52, 52, 17, 38]
[6, 23, 48, 28, 50, 37, 36, 51]
[47, 26, 16, 22, 43, 26, 16, 48]
[52, 43, 39, 51, 42, 21, 49, 34]
[10, 36, 30, 28, 30, 26, 52, 10]
[37, 15, 44, 37, 49, 4, 23, 42]
[22, 47, 46, 40, 15, 48, 23, 28]
[41, 4, 36, 38, 16, 35, 8, 22]
[33, 17, 43, 12, 22, 44, 17, 19]
[40, 12, 24, 27, 28, 48, 32, 6]
[12, 4, 34, 39, 20, 4, 17, 47]
[32, 9, 18, 7, 7, 32, 8, 13]
[10, 30, 45, 35, 16, 29, 17, 12]
[7, 41, 12, 51, 15, 30, 45, 33]
[38, 52, 35, 6, 15, 43, 24, 22]
[29, 10, 7, 37, 28, 19, 39, 9]
[33, 48, 13, 7, 13, 14, 6, 34]
[13, 24, 32, 14, 48, 16, 45, 51]
[19, 12, 10, 38, 43, 11, 31, 20]
[26, 26, 48, 11, 44, 8, 10, 47]
[29, 22, 15, 25, 4, 5, 39, 6]
[21, 46, 45, 20, 52, 52, 31, 9]
[4, 6, 16, 32, 44, 35, 15, 42]
[46, 47, 24, 17, 47, 8, 42, 36]
[17, 6, 25, 11, 9, 49, 48, 45]
[41, 49, 49, 8, 16, 6, 25, 42]
[14, 16, 13, 30, 34, 37, 32, 31]
[50, 22, 41, 43, 11, 49, 51, 40]
[25, 22, 21, 46, 23, 10, 45, 47]
[27, 42, 4, 49, 26, 7, 15, 19]
[49, 51, 52, 40, 36, 29, 41, 35]
[14, 9, 22, 23, 8, 12, 35, 13]
[31, 30, 32, 21, 20, 40, 41, 5]
[21, 9, 38, 29, 51, 35, 42, 7]
[40, 5, 42, 25, 29, 39, 5, 20]
[44, 41, 13, 18, 28, 41, 26, 18]
[52, 11, 16, 35, 40, 20, 39, 9]
[28, 26, 19, 49, 38, 16, 8, 22]
[37, 32, 12, 43, 38, 42, 8, 40]
[42, 23, 34, 46, 9, 49, 23, 36]
[12, 48, 41, 41, 12, 16, 36, 19]
[32, 23, 11, 44, 23, 24, 50, 4]
[15, 43, 24, 33, 39, 17, 30, 41]
[50, 19, 42, 19, 36, 37, 24, 43]
[30, 19, 34, 36, 22, 44, 9, 4]
[49, 44, 5, 40, 48, 42, 12, 33]
[35, 18, 26, 50, 9, 15, 10, 33]
[22, 31, 28, 7, 21, 48, 18, 13]
[27, 49, 18, 45, 37, 36, 52, 49]
[20, 10, 31, 50, 14, 49, 41, 52]
[36, 33, 18, 31, 25, 26, 34, 29]
[19, 9, 26, 49, 30, 15, 21, 41]
[19, 22, 48, 51, 13, 9, 24, 35]
[52, 51, 17, 30, 50, 30, 34, 18]
[52, 20, 52, 32, 14, 14, 26, 36]
[13, 41, 17, 5, 51, 8, 47, 28]
[7, 20, 10, 50, 22, 27, 43, 13]
[39, 38, 50, 21, 10, 41, 33, 52]
[27, 15, 4, 40, 45, 45, 46, 19]
[9, 29, 9, 4, 44, 6, 38, 5]
[35, 31, 16, 40, 34, 21, 52, 31]
[49, 45, 25, 51, 35, 29, 27, 38]
[30, 43, 10, 46, 43, 32, 26, 13]
[45, 26, 47, 33, 25, 46, 46, 49]
[36, 26, 12, 28, 45, 33, 17, 7]
[29, 45, 36, 22, 32, 12, 26, 20]
[50, 15, 30, 31, 50, 32, 14, 45]
[43, 13, 37, 36, 34, 22, 41, 49]
[45, 38, 24, 6, 41, 44, 20, 11]
[38, 8, 8, 23, 29, 20, 42, 37]
[31, 14, 31, 19, 8, 40, 40, 13]
[50, 33, 17, 6, 34, 10, 40, 39]
[26, 31, 26, 44, 28, 21, 37, 30]
[25, 17, 33, 29, 43, 52, 44, 52]
[28, 23, 24, 35, 50, 37, 42, 30]
[29, 6, 12, 18, 4, 27, 51, 52]
[34, 13, 31, 41, 13, 52, 25, 39]
[42, 43, 18, 41, 12, 30, 49, 19]
[46, 24, 21, 32, 36, 6, 40, 38]
[34, 52, 25, 16, 14, 31, 29, 35]
[39, 40, 40, 8, 32, 19, 11, 38]
[15, 45, 38, 35, 29, 43, 33, 16]
[37, 51, 11, 37, 21, 14, 49, 40]
[37, 19, 6, 21, 21, 4, 4, 24]
[45, 31, 20, 45, 34, 30, 5, 43]
[30, 32, 20, 30, 33, 7, 17, 38]
[45, 25, 22, 48, 28, 22, 21, 43]
[21, 38, 8, 45, 30, 38, 49, 23]
[48, 44, 13, 44, 33, 43, 22, 20]
[5, 23, 4, 4, 6, 5, 45, 40]
[19, 23, 41, 14, 27, 17, 42, 6]
[34, 45, 12, 4, 36, 21, 27, 20]
[43, 12, 43, 52, 26, 46, 45, 35]
[12, 11, 15, 27, 25, 29, 25, 11]
[10, 15, 42, 48, 4, 50, 27, 46]
[50, 13, 12, 11, 8, 43, 47, 42]
[6, 24, 45, 34, 22, 50, 29, 5]
[35, 42, 21, 17, 52, 9, 7, 13]
[4, 35, 47, 34, 15, 47, 24, 31]
[39, 27, 47, 24, 47, 37, 35, 48]
[42, 34, 19, 24, 27, 26, 36, 46]
[14, 39, 6, 16, 7, 51, 22, 45]
[50, 30, 26, 12, 20, 14, 51, 29]
[34, 21, 50, 20, 36, 16, 20, 26]
[36, 10, 18, 45, 22, 39, 45, 31]
[44, 25, 24, 5, 19, 46, 11, 39]
[47, 9, 30, 10, 29, 10, 18, 15]
[19, 10, 18, 4, 49, 45, 22, 27]
[44, 51, 5, 25, 20, 42, 20, 18]
[4, 21, 7, 9, 40, 32, 34, 48]
[11, 22, 24, 36, 37, 18, 9, 50]
[38, 26, 26, 14, 49, 44, 46, 15]
[11, 28, 38, 7, 9, 7, 39, 17]
[33, 9, 37, 10, 42, 32, 24, 35]
[48, 47, 48, 41, 41, 51, 48, 21]
[23, 18, 8, 10, 39, 12, 49, 37]
[4, 8, 27, 39, 22, 44, 15, 20]
[27, 37, 5, 38, 23, 32, 13, 27]
[12, 52, 35, 5, 17, 30, 37, 50]
[38, 25, 25, 42, 29, 41, 7, 12]
[37, 11, 49, 21, 4, 47, 18, 9]
[36, 19, 38, 14, 34, 50, 43, 41]
[34, 11, 8, 50, 34, 5, 46, 20]
[16, 9, 30, 24, 37, 4, 45, 7]
[18, 48, 50, 19, 8, 16, 5, 18]
[12, 34, 23, 21, 51, 21, 17, 38]
[4, 34, 27, 16, 45, 17, 17, 42]
[37, 32, 28, 42, 15, 44, 34, 50]
[8, 26, 6, 23, 45, 31, 27, 22]
[14, 37, 51, 30, 48, 35, 46, 39]
[38, 49, 14, 47, 8, 21, 11, 5]
[40, 48, 50, 32, 39, 9, 35, 6]
[43, 6, 38, 24, 52, 39, 17, 36]
[36, 46, 7, 22, 49, 35, 22, 41]
[25, 28, 10, 40, 19, 29, 25, 23]
[51, 48, 15, 32, 4, 8, 10, 16]
[28, 7, 52, 7, 50, 24, 9, 27]
[35, 9, 14, 14, 22, 18, 40, 48]
[15, 24, 40, 32, 10, 11, 13, 21]
[44, 45, 26, 5, 17, 47, 50, 52]
[25, 12, 40, 6, 22, 50, 44, 26]
[26, 21, 51, 43, 28, 22, 39, 32]
[42, 28, 9, 42, 43, 22, 39, 40]
[48, 33, 9, 11, 38, 48, 42, 39]
[14, 13, 24, 29, 39, 39, 13, 51]
[31, 32, 29, 11, 12, 37, 41, 52]
[39, 16, 28, 11, 22, 39, 5, 6]
[7, 44, 25, 11, 26, 12, 38, 23]
[5, 26, 48, 46, 7, 34, 21, 45]
[12, 33, 27, 9, 38, 45, 30, 12]
[41, 12, 37, 4, 45, 25, 40, 15]
[45, 52, 14, 27, 16, 7, 35, 34]
[31, 42, 39, 18, 32, 46, 36, 6]
[43, 24, 35, 48, 42, 44, 5, 48]
[16, 47, 22, 18, 14, 29, 26, 43]
[27, 12, 33, 36, 46, 35, 11, 11]
[34, 20, 22, 25, 48, 11, 27, 7]
[15, 43, 11, 51, 20, 24, 19, 4]
[11, 31, 50, 28, 5, 21, 30, 49]
[52, 52, 19, 28, 4, 35, 50, 14]
[6, 40, 44, 18, 15, 38, 39, 6]
[44, 23, 28, 19, 49, 19, 51, 43]
[20, 34, 20, 27, 41, 45, 49, 8]
[37, 11, 41, 15, 36, 38, 12, 7]
[10, 17, 40, 31, 50, 46, 25, 30]
[20, 17, 31, 19, 17, 12, 23, 33]
[8, 47, 14, 48, 35, 13, 40, 29]
[10, 42, 44, 13, 14, 26, 35, 6]
[36, 22, 19, 49, 24, 25, 44, 29]
[29, 9, 4, 9, 32, 14, 30, 40]
[19, 25, 4, 30, 35, 49, 16, 42]
[15, 35, 46, 47, 4, 44, 25, 47]
[29, 48, 27, 20, 51, 45, 34, 33]
[15, 52, 9, 11, 24, 17, 4, 7]
[31, 45, 31, 19, 12, 29, 7, 8]
[40, 52, 11, 19, 49, 30, 50, 31]
[14, 24, 27, 12, 10, 36, 49, 24]
[41, 8, 14, 33, 17, 17, 36, 23]
[26, 5, 5, 33, 4, 34, 47, 15]
[48, 28, 9, 41, 42, 39, 35, 9]
[30, 50, 17, 37, 20, 18, 25, 13]
[38, 14, 38, 46, 11, 35, 36, 51]
[11, 19, 12, 4, 9, 37, 28, 42]
[28, 39, 31, 35, 18, 47, 33, 20]
[26, 4, 35, 33, 42, 6, 49, 40]
[8, 38, 50, 47, 37, 10, 49, 20]
[4, 29, 52, 23, 18, 19, 9, 9]
[23, 49, 32, 24, 47, 14, 33, 36]
[32, 17, 35, 10, 14, 25, 52, 16]
[25, 5, 30, 7, 46, 26, 30, 18]
[45, 4, 11, 6, 12, 18, 45, 41]
[23, 42, 38, 51, 29, 51, 7, 47]
[52, 14, 16, 10, 31, 28, 6, 43]
[12, 45, 23, 22, 7, 11, 8, 13]
[46, 36, 47, 12, 49, 42, 33, 14]
[35, 18, 10, 34, 29, 11, 44, 19]
[46, 29, 11, 47, 17, 31, 6, 10]
[46, 11, 9, 31, 21, 44, 48, 35]
[12, 14, 45, 38, 19, 49, 13, 35]
[25, 25, 18, 5, 17, 31, 16, 50]
[47, 15, 29, 42, 47, 47, 44, 51]
[26, 8, 5, 43, 18, 33, 29, 35]
[5, 11, 50, 9, 45, 10, 38, 24]
[19, 26, 25, 23, 6, 8, 50, 17]
[33, 20, 19, 9, 28, 38, 11, 40]
[7, 47, 52, 16, 39, 13, 47, 48]
[50, 41, 43, 34, 21, 39, 35, 31]
[50, 44, 31, 51, 13, 34, 26, 20]
[10, 37, 33, 7, 50, 15, 40, 11]
[17, 6, 7, 14, 32, 26, 12, 38]
[20, 17, 16, 18, 19, 37, 52, 4]
[27, 32, 37, 13, 21, 17, 27, 17]
[48, 27, 22, 40, 35, 9, 43, 22]
[17, 50, 27, 49, 25, 35, 46, 14]
[32, 39, 28, 9, 5, 42, 8, 16]
[43, 23, 5, 24, 41, 22, 18, 16]
[29, 26, 47, 13, 33, 29, 48, 40]
[40, 19, 17, 50, 31, 15, 41, 41]
[29, 26, 35, 47, 12, 36, 12, 8]
[42, 48, 4, 42, 14, 43, 24, 13]
[29, 25, 52, 51, 27, 30, 30, 40]
[36, 28, 11, 40, 14, 13, 6, 40]
[49, 30, 10, 23, 6, 22, 4, 17]
[49, 8, 27, 20, 30, 6, 21, 46]
[31, 29, 22, 23, 20, 52, 10, 45]
[37, 46, 44, 31, 35, 38, 38, 25]
[36, 47, 31, 14, 14, 41, 52, 29]
[23, 4, 27, 14, 21, 46, 36, 4]
[26, 30, 35, 49, 43, 31, 16, 16]
[7, 41, 24, 7, 51, 12, 7, 10]
[14, 36, 12, 8, 8, 45, 40, 24]
[26, 5, 16, 6, 36, 15, 28, 20]
[47, 8, 26, 44, 41, 37, 52, 22]
[50, 14, 37, 41, 52, 50, 41, 32]
[5, 48, 45, 52, 5, 36, 27, 49]
[29, 23, 15, 19, 33, 29, 50, 5]
[15, 16, 15, 39, 26, 16, 32, 31]
[40, 5, 29, 36, 31, 37, 44, 17]
[12, 11, 26, 21, 33, 36, 11, 14]
[23, 27, 6, 5, 42, 44, 13, 14]
[49, 43, 18, 10, 13, 48, 19, 24]
[8, 47, 7, 28, 25, 44, 29, 34]
[26, 26, 12, 13, 12, 22, 17, 32]
[15, 38, 41, 42, 40, 35, 39, 42]
[36, 17, 34, 52, 44, 45, 7, 31]
[29, 26, 17, 30, 45, 4, 24, 17]
[20, 20, 46, 39, 5, 25, 10, 39]
[12, 21, 51, 8, 20, 12, 21, 7]
[27, 34, 15, 39, 18, 34, 8, 14]
[42, 25, 31, 40, 27, 17, 34, 34]
[32, 20, 15, 14, 25, 39, 40, 29]
[13, 41, 52, 38, 47, 47, 6, 34]
[42, 14, 8, 26, 42, 42, 46, 24]
[7, 9, 46, 40, 22, 37, 31, 37]
[22, 45, 47, 41, 8, 18, 20, 5]
[17, 10, 52, 4, 38, 23, 15, 26]
[46, 34, 17, 31, 23, 26, 24, 40]
[7, 29, 7, 52, 48, 46, 12, 51]
[14, 50, 33, 29, 9, 39, 51, 47]
[35, 30, 34, 34, 43, 28, 27, 7]
[51, 46, 40, 48, 18, 23, 20, 10]
[11, 28, 39, 45, 34, 13, 27, 44]
[50, 32, 18, 40, 35, 50, 18, 22]
[10, 52, 35, 27, 44, 5, 37, 45]
[34, 50, 6, 12, 10, 51, 10, 47]
[44, 33, 43, 38, 47, 38, 22, 36]
[22, 51, 18, 21, 25, 42, 41, 6]
[4, 29, 6, 7, 18, 32, 26, 49]
[13, 37, 29, 45, 13, 40, 43, 20]
[19, 44, 4, 49, 49, 24, 6, 49]
[39, 28, 51, 51, 32, 47, 31, 24]
[36, 31, 14, 28, 9, 43, 7, 19]
[48, 27, 33, 13, 10, 44, 25, 41]
[44, 5, 16, 48, 4, 16, 27, 4]
[18, 52, 33, 32, 48, 30, 47, 20]
[15, 45, 30, 10, 10, 12, 51, 14]
[43, 19, 33, 35, 29, 21, 50, 5]
[37, 11, 49, 7, 24, 13, 41, 22]
[35, 11, 45, 39, 30, 21, 49, 48]
[44, 4, 47, 10, 36, 11, 43, 48]
[25, 45, 27, 16, 11, 34, 49, 19]
[34, 24, 4, 8, 19, 30, 34, 11]
[46, 40, 37, 41, 19, 23, 37, 11]
[14, 30, 44, 23, 51, 12, 12, 41]
[44, 10, 46, 13, 46, 18, 36, 24]
[47, 49, 9, 32, 32, 13, 14, 7]
[27, 31, 42, 11, 11, 14, 22, 15]
[37, 50, 24, 24, 22, 36, 38, 26]
[7, 39, 6, 6, 19, 19, 13, 28]
[30, 38, 8, 27, 17, 20, 30, 45]
[51, 28, 32, 32, 19, 42, 41, 27]
[17, 31, 43, 36, 27, 25, 42, 23]
[43, 30, 32, 32, 11, 52, 35, 28]
[22, 32, 42, 44, 7, 24, 39, 47]
[44, 11, 10, 34, 24, 13, 19, 14]
[30, 47, 13, 52, 4, 24, 24, 24]
[38, 4, 40, 11, 9, 8, 20, 37]
[45, 10, 9, 14, 14, 52, 46, 26]
[14, 40, 44, 48, 9, 48, 17, 18]
[40, 29, 38, 6, 12, 22, 52, 13]
[47, 32, 37, 28, 29, 38, 46, 32]
[33, 14, 14, 47, 16, 12, 9, 21]
[40, 5, 43, 26, 10, 49, 43, 25]
[36, 50, 34, 17, 44, 31, 26, 33]
[31, 45, 29, 6, 29, 27, 44, 25]
[43, 52, 21, 43, 24, 34, 17, 10]
[10, 25, 39, 49, 35, 32, 16, 25]
[33, 28, 6, 19, 14, 35, 19, 29]
[20, 40, 31, 45, 41, 33, 29, 51]
[52, 5, 4, 8, 43, 19, 17, 35]
[39, 4, 4, 52, 22, 9, 52, 11]
[45, 44, 48, 43, 16, 21, 15, 12]
[9, 4, 14, 25, 36, 23, 28, 25]
[30, 15, 10, 26, 48, 36, 28, 22]
[43, 17, 22, 34, 30, 45, 12, 32]
[21, 35, 14, 36, 19, 23, 16, 49]
[50, 30, 35, 48, 51, 46, 30, 4]
[20, 10, 28, 7, 17, 13, 35, 31]
[24, 41, 4, 8, 20, 41, 37, 16]
[50, 15, 28, 27, 45, 48, 22, 33]
[20, 46, 13, 36, 37, 35, 41, 22]
[20, 5, 20, 39, 6, 14, 13, 19]
[52, 42, 40, 36, 52, 31, 50, 39]
[34, 16, 36, 6, 19, 37, 23, 12]
[17, 14, 33, 46, 24, 39, 50, 38]
[19, 37, 8, 28, 48, 20, 24, 29]
[49, 4, 13, 25, 23, 21, 6, 18]
[23, 20, 28, 28, 32, 15, 44, 34]
[15, 4, 52, 6, 21, 12, 43, 23]
[45, 25, 25, 39, 27, 44, 5, 10]
[45, 9, 49, 46, 8, 14, 50, 50]
[40, 17, 43, 23, 27, 43, 36, 22]
[21, 24, 22, 29, 44, 47, 12, 41]
[38, 25, 31, 20, 41, 42, 41, 5]
[32, 5, 6, 52, 10, 13, 30, 30]
[46, 37, 11, 21, 46, 20, 39, 5]
[4, 29, 18, 19, 42, 6, 18, 26]
[16, 39, 17, 37, 32, 37, 52, 47]
[9, 37, 35, 42, 42, 51, 35, 25]
[26, 8, 7, 9, 16, 24, 28, 12]
[5, 27, 42, 39, 50, 35, 22, 34]
[30, 41, 48, 19, 43, 40, 46, 38]
[47, 37, 40, 20, 17, 32, 10, 37]
[16, 48, 22, 26, 9, 29, 17, 19]
[39, 14, 50, 12, 51, 22, 20, 25]
[17, 43, 42, 13, 47, 29, 34, 18]
[23, 20, 18, 33, 38, 35, 21, 42]
[15, 48, 9, 8, 35, 17, 22, 48]
[17, 33, 45, 37, 47, 11, 21, 38]
[26, 15, 5, 47, 46, 5, 41, 9]
[23, 37, 29, 24, 21, 7, 45, 23]
[23, 45, 40, 27, 33, 22, 37, 51]
[43, 21, 36, 9, 23, 36, 46, 22]
[37, 5, 27, 51, 19, 23, 19, 29]
[18, 5, 46, 42, 6, 49, 26, 15]
[51, 32, 15, 5, 9, 33, 50, 10]
[23, 42, 35, 4, 32, 24, 7, 29]
[41, 11, 14, 35, 21, 25, 52, 36]
[23, 28, 51, 5, 44, 40, 39, 38]
[6, 49, 44, 31, 9, 41, 51, 50]
[34, 26, 36, 26, 5, 7, 33, 18]
[29, 9, 44, 22, 12, 28, 34, 10]
[6, 6, 37, 19, 26, 38, 15, 17]
[29, 6, 32, 31, 15, 5, 13, 47]
[8, 12, 30, 40, 40, 29, 41, 43]
[14, 22, 6, 8, 40, 5, 38, 24]
[28, 52, 17, 11, 20, 43, 39, 21]
[18, 43, 49, 42, 33, 34, 51, 50]
[41, 6, 48, 45, 52, 12, 8, 24]
[11, 7, 45, 18, 23, 12, 42, 41]
[43, 8, 21, 21, 22, 36, 9, 12]
[23, 9, 26, 8, 32, 49, 6, 43]
[38, 30, 42, 6, 50, 48, 14, 4]
[52, 51, 52, 35, 27, 10, 32, 39]
[8, 34, 27, 11, 6, 12, 12, 51]
[31, 10, 13, 5, 48, 52, 50, 17]
[4, 14, 35, 4, 45, 22, 15, 28]
[33, 12, 20, 8, 11, 23, 21, 15]
[10, 4, 4, 20, 35, 10, 19, 35]
[21, 26, 14, 12, 26, 8, 13, 38]
[50, 31, 11, 50, 9, 41, 8, 4]
[28, 32, 22, 14, 9, 40, 43, 49]
[38, 7, 39, 24, 11, 21, 16, 14]
[50, 39, 19, 33, 24, 51, 26, 46]
[38, 44, 35, 42, 27, 23, 43, 47]
[49, 25, 4, 22, 24, 22, 12, 14]
[29, 35, 4, 48, 14, 41, 21, 49]
[39, 25, 18, 42, 26, 8, 5, 40]
[34, 13, 24, 6, 42, 12, 10, 13]
[39, 49, 34, 9, 22, 46, 20, 12]
[43, 32, 24, 40, 36, 23, 38, 25]
[17, 52, 6, 32, 18, 43, 14, 15]
[9, 33, 28, 25, 12, 10, 6, 44]
[32, 39, 5, 22, 25, 18, 39, 17]
[17, 38, 24, 19, 22, 24, 26, 7]
[8, 6, 49, 45, 46, 20, 4, 14]
[40, 29, 49, 12, 20, 42, 11, 12]
[21, 10, 26, 43, 27, 21, 14, 13]
[5, 8, 49, 38, 20, 4, 16, 19]
[47, 51, 51, 35, 24, 6, 7, 4]
[12, 43, 22, 35, 27, 12, 15, 47]
[6, 30, 5, 44, 47, 45, 11, 9]
[51, 37, 14, 44, 17, 26, 36, 15]
[18, 43, 5, 32, 31, 25, 12, 30]
[11, 12, 6, 6, 30, 43, 14, 8]
[11, 19, 50, 52, 21, 43, 30, 43]
[20, 17, 5, 44, 46, 37, 18, 27]
[19, 31, 11, 8, 7, 47, 11, 50]
[14, 19, 40, 51, 20, 46, 12, 26]
[48, 12, 24, 20, 10, 32, 16, 17]
[44, 27, 32, 36, 36, 7, 5, 18]
[43, 38, 13, 12, 48, 34, 44, 11]
[5, 31, 24, 22, 50, 18, 27, 43]
[11, 38, 22, 13, 27, 34, 29, 11]
[39, 41, 22, 32, 47, 28, 13, 8]
[21, 25, 11, 44, 50, 31, 41, 7]
[25, 35, 18, 28, 23, 8, 21, 6]
[40, 47, 51, 43, 46, 4, 8, 12]
[18, 45, 45, 22, 39, 37, 10, 49]
[15, 42, 29, 37, 23, 15, 9, 10]
[42, 24, 39, 37, 24, 49, 52, 36]
[24, 27, 33, 40, 33, 5, 38, 22]
[22, 46, 22, 38, 45, 37, 17, 37]
[30, 31, 20, 11, 13, 27, 5, 42]
[38, 4, 36, 33, 5, 26, 32, 49]
[8, 49, 49, 12, 23, 37, 12, 50]
[52, 14, 47, 52, 15, 47, 51, 49]
[35, 31, 16, 30, 32, 47, 48, 23]
[44, 50, 52, 46, 31, 24, 27, 14]
[14, 4, 36, 12, 38, 14, 49, 45]
[45, 40, 35, 47, 20, 13, 22, 13]
[31, 29, 33, 44, 7, 14, 8, 20]
[31, 47, 21, 38, 28, 22, 43, 25]
[4, 42, 37, 23, 40, 52, 38, 43]
[52, 19, 26, 6, 29, 35, 12, 17]
[23, 9, 14, 48, 29, 16, 28, 31]
[52, 44, 32, 24, 45, 26, 19, 42]
[50, 39, 36, 25, 42, 41, 12, 35]
[35, 38, 4, 19, 31, 27, 31, 39]
[46, 15, 29, 24, 38, 24, 26, 52]
[4, 18, 40, 13, 14, 27, 51, 40]
[50, 33, 22, 45, 8, 21, 8, 25]
[48, 37, 51, 8, 51, 41, 31, 49]
[26, 43, 20, 37, 37, 7, 4, 11]
[19, 8, 8, 43, 24, 34, 36, 23]
[47, 40, 16, 32, 7, 7, 13, 18]
[5, 22, 12, 4, 10, 17, 6, 40]
[51, 29, 12, 21, 25, 21, 23, 10]
[27, 14, 10, 42, 34, 38, 51, 23]
[16, 26, 43, 20, 50, 13, 17, 28]
[47, 52, 38, 35, 42, 38, 37, 27]
[28, 13, 49, 38, 22, 40, 35, 20]
[40, 50, 36, 10, 28, 16, 16, 7]
[38, 7, 10, 4, 20, 20, 43, 33]
[8, 5, 37, 22, 15, 4, 33, 25]
[26, 49, 16, 24, 20, 37, 8, 37]
[36, 9, 4, 38, 11, 13, 11, 6]
[41, 42, 8, 15, 42, 13, 34, 24]
[34, 8, 17, 37, 5, 39, 27, 45]
[10, 7, 10, 5, 7, 36, 14, 28]
[10, 42, 41, 13, 16, 43, 19, 30]
[14, 37, 51, 28, 44, 12, 6, 10]
[48, 33, 40, 43, 21, 33, 7, 9]
[21, 47, 12, 32, 46, 50, 6, 24]
[41, 42, 47, 51, 18, 41, 4, 28]
[50, 7, 5, 47, 46, 20, 36, 29]
[52, 14, 44, 37, 24, 51, 48, 42]
[34, 6, 31, 25, 30, 36, 20, 47]
[37, 12, 14, 9, 39, 15, 26, 10]
[18, 29, 46, 47, 15, 28, 4, 50]
[50, 23, 42, 19, 41, 19, 17, 18]
[11, 12, 32, 15, 32, 49, 51, 6]
[21, 20, 7, 30, 17, 19, 24, 27]
[45, 41, 36, 43, 20, 12, 15, 31]
[34, 4, 7, 37, 35, 4, 51, 46]
[32, 8, 36, 32, 44, 34, 29, 4]
[46, 30, 18, 4, 40, 43, 4, 30]
[10, 35, 34, 4, 20, 4, 50, 5]
[16, 16, 4, 23, 35, 29, 22, 30]
[10, 8, 48, 51, 43, 22, 15, 14]
[34, 27, 21, 13, 30, 16, 42, 19]
[49, 9, 11, 50, 16, 22, 24, 45]
[6, 18, 29, 29, 22, 13, 35, 26]
[15, 20, 16, 9, 22, 5, 22, 22]
[9, 44, 15, 21, 49, 46, 50, 21]
[18, 50, 25, 36, 28, 40, 15, 32]
[16, 30, 52, 51, 22, 44, 15, 30]
[41, 32, 11, 50, 44, 49, 14, 22]
[33, 19, 41, 15, 8, 41, 43, 52]
[44, 27, 34, 48, 14, 46, 40, 38]
[32, 10, 8, 33, 39, 51, 4, 27]
[52, 43, 24, 17, 32, 20, 14, 25]
[44, 50, 6, 39, 8, 18, 5, 5]
[19, 6, 30, 49, 49, 11, 9, 33]
[41, 50, 39, 34, 6, 26, 30, 35]
[52, 17, 21, 31, 20, 12, 25, 29]
[41, 33, 5, 9, 21, 45, 36, 25]
[44, 35, 10, 18, 52, 36, 23, 50]
[51, 29, 31, 51, 18, 4, 49, 40]
[20, 24, 51, 28, 47, 37, 48, 30]
[19, 17, 37, 35, 19, 39, 29, 41]
[36, 16, 32, 16, 42, 19, 8, 51]
[34, 15, 8, 12, 39, 51, 12, 12]
[14, 6, 42, 14, 12, 26, 14, 10]
[46, 6, 20, 42, 44, 36, 44, 34]
[13, 28, 22, 33, 31, 36, 15, 17]
[24, 51, 50, 48, 52, 21, 29, 27]
[22, 7, 12, 39, 29, 7, 41, 5]
[25, 13, 49, 24, 16, 42, 35, 52]
[9, 10, 11, 49, 17, 34, 26, 12]
[22, 11, 23, 42, 40, 34, 42, 23]
[29, 8, 23, 22, 35, 21, 9, 20]
[52, 35, 48, 29, 46, 46, 9, 24]
[21, 33, 21, 35, 15, 7, 34, 48]
[5, 31, 20, 14, 23, 5, 37, 24]
[7, 41, 24, 52, 42, 5, 24, 5]
[14, 49, 17, 22, 43, 5, 16, 52]
[8, 13, 12, 10, 51, 28, 35, 9]
[27, 32, 38, 7, 31, 11, 16, 44]
[44, 13, 31, 21, 45, 30, 11, 8]
[29, 48, 22, 14, 52, 29, 12, 9]
[27, 25, 34, 47, 24, 17, 39, 12]
[34, 16, 49, 6, 44, 10, 37, 41]
[41, 30, 15, 34, 4, 19, 48, 25]
[26, 8, 36, 41, 7, 9, 17, 48]
[36, 41, 41, 5, 29, 52, 50, 30]
[8, 5, 14, 50, 26, 41, 45, 16]
[44, 13, 50, 33, 39, 41, 35, 33]
[34, 46, 37, 17, 29, 11, 25, 36]
[5, 48, 20, 48, 41, 4, 20, 46]
[37, 34, 19, 6, 38, 8, 52, 30]
[5, 40, 23, 27, 51, 46, 4, 6]
[18, 44, 20, 49, 44, 51, 26, 40]
[18, 5, 16, 17, 25, 33, 24, 32]
[39, 28, 4, 24, 28, 44, 46, 38]
[42, 20, 50, 52, 24, 29, 25, 21]
[10, 46, 35, 36, 16, 9, 34, 10]
[35, 45, 28, 16, 19, 17, 44, 27]
[22, 23, 37, 21, 25, 51, 24, 45]
[4, 41, 50, 37, 51, 10, 32, 20]
[52, 20, 17, 50, 6, 5, 40, 10]
[51, 49, 24, 37, 14, 47, 11, 33]
[17, 49, 31, 6, 5, 27, 42, 11]
[43, 47, 23, 31, 32, 36, 6, 40]
[14, 24, 22, 14, 26, 6, 29, 34]
[30, 23, 6, 36, 28, 8, 28, 41]
[7, 32, 19, 34, 12, 5, 41, 49]
[10, 44, 21, 13, 52, 23, 39, 15]
[18, 41, 44, 43, 10, 45, 30, 29]
[51, 19, 7, 51, 12, 4, 9, 38]
[15, 29, 8, 43, 29, 9, 13, 10]
[10, 28, 41, 11, 17, 5, 43, 44]
[31, 47, 12, 11, 11, 48, 32, 35]
[35, 8, 48, 47, 30, 6, 32, 24]
[11, 49, 12, 18, 5, 14, 48, 49]
[26, 5, 18, 31, 23, 35, 52, 48]
[42, 39, 40, 39, 50, 4, 10, 20]
[36, 28, 19, 5, 44, 30, 23, 34]
[30, 29, 27, 34, 41, 31, 14, 32]
[7, 27, 49, 29, 8, 39, 45, 48]
[11, 23, 21, 11, 18, 28, 20, 30]
[39, 21, 49, 33, 28, 47, 17, 20]
[16, 14, 29, 48, 41, 34, 9, 16]
[37, 44, 39, 50, 10, 30, 31, 49]
[48, 18, 25, 18, 7, 21, 34, 14]
[33, 42, 17, 28, 13, 35, 23, 40]
[12, 32, 20, 38, 30, 18, 39, 11]
[29, 49, 10, 48, 8, 12, 19, 25]
[24, 20, 45, 24, 43, 30, 9, 29]
[17, 19, 13, 16, 19, 22, 8, 7]
[46, 30, 9, 43, 37, 41, 28, 44]
[17, 33, 38, 52, 18, 33, 18, 30]
[30, 42, 10, 44, 17, 6, 18, 32]
[44, 50, 23, 33, 35, 45, 26, 15]
[32, 28, 6, 45, 33, 7, 49, 32]
[47, 24, 26, 12, 24, 31, 42, 30]
[38, 49, 26, 25, 28, 19, 40, 5]
[12, 40, 25, 33, 23, 14, 26, 42]
[18, 30, 52, 50, 13, 23, 33, 33]
[48, 29, 28, 31, 50, 39, 20, 7]
[51, 35, 33, 46, 28, 12, 26, 41]
[13, 29, 49, 38, 49, 24, 42, 24]
[14, 30, 12, 44, 48, 33, 24, 51]
[43, 48, 19, 31, 5, 38, 51, 41]
[18, 33, 13, 44, 5, 34, 42, 49]
[30, 31, 34, 26, 10, 6, 43, 19]
[44, 24, 43, 40, 22, 28, 41, 52]
[6, 14, 7, 17, 40, 18, 5, 28]
[52, 18, 12, 5, 21, 26, 4, 24]
[39, 43, 17, 12, 33, 40, 25, 49]
[45, 19, 30, 16, 47, 8, 21, 43]
[9, 35, 14, 51, 6, 25, 19, 6]
[16, 36, 45, 42, 26, 35, 50, 28]
[29, 41, 13, 44, 12, 14, 20, 43]
[51, 50, 17, 22, 30, 11, 38, 8]
[38, 16, 34, 32, 27, 7, 15, 27]
[25, 22, 41, 9, 40, 47, 22, 17]
[25, 26, 13, 52, 28, 4, 29, 43]
[45, 38, 45, 39, 28, 14, 49, 5]
[47, 35, 52, 17, 15, 5, 30, 42]
[19, 19, 43, 39, 15, 33, 45, 14]
[33, 20, 43, 49, 6, 47, 12, 44]
[23, 14, 47, 50, 39, 46, 49, 21]
[5, 46, 29, 5, 32, 4, 31, 12]
[43, 43, 47, 44, 31, 47, 51, 25]
[37, 15, 21, 40, 22, 39, 52, 28]
[45, 48, 38, 41, 47, 37, 30, 9]
[18, 31, 38, 29, 5, 16, 49, 9]
[45, 44, 47, 35, 28, 42, 39, 38]
[12, 52, 41, 33, 16, 43, 50, 12]
[28, 10, 33, 32, 25, 29, 21, 44]
[15, 44, 37, 24, 4, 17, 12, 51]
[18, 52, 31, 35, 47, 14, 33, 21]
[47, 6, 44, 16, 18, 23, 30, 36]
[6, 37, 6, 5, 29, 27, 32, 12]
[30, 12, 29, 20, 48, 21, 7, 43]
[17, 39, 9, 33, 47, 31, 34, 6]
[39, 22, 20, 22, 20, 49, 45, 29]
[10, 15, 29, 22, 37, 38, 34, 34]
[36, 5, 9, 19, 26, 44, 20, 34]
[30, 35, 41, 40, 23, 47, 29, 49]
[6, 16, 31, 48, 37, 41, 47, 29]
[33, 28, 19, 35, 11, 29, 36, 28]
[39, 41, 32, 14, 11, 15, 5, 13]
[32, 34, 9, 7, 21, 7, 50, 27]
[18, 36, 32, 32, 42, 48, 16, 13]
[36, 43, 18, 14, 46, 28, 9, 39]
[31, 51, 52, 8, 24, 25, 10, 28]
[33, 36, 27, 26, 8, 8, 35, 51]
[33, 45, 8, 51, 27, 51, 8, 32]
[24, 41, 32, 43, 38, 11, 23, 10]
[6, 11, 30, 35, 38, 43, 22, 13]
[5, 51, 27, 17, 37, 17, 38, 35]
[17, 33, 20, 4, 9, 33, 12, 22]
[47, 11, 52, 10, 45, 10, 28, 47]
[52, 50, 32, 41, 51, 9, 25, 27]
[5, 46, 28, 23, 47, 52, 47, 44]
[29, 36, 14, 48, 11, 50, 40, 39]
[24, 16, 48, 27, 34, 14, 27, 39]
[10, 32, 43, 22, 50, 38, 24, 13]
[11, 22, 33, 45, 46, 25, 19, 49]
[21, 34, 27, 16, 43, 27, 37, 12]
[28, 15, 13, 23, 28, 20, 45, 21]
[33, 18, 26, 21, 13, 41, 47, 40]
[33, 4, 39, 49, 48, 33, 19, 26]
[37, 9, 44, 24, 8, 27, 9, 11]
[34, 35, 25, 20, 49, 13, 46, 26]
[14, 44, 22, 18, 9, 41, 7, 25]
[5, 38, 20, 35, 25, 30, 16, 36]
[46, 14, 23, 36, 7, 40, 43, 21]
[17, 18, 7, 24, 12, 41, 8, 13]
[43, 21, 21, 8, 17, 17, 30, 40]
[15, 44, 10, 35, 52, 24, 36, 37]
[8, 38, 15, 31, 23, 17, 11, 20]
[5, 29, 52, 14, 21, 25, 34, 33]
[23, 45, 14, 15, 4, 15, 12, 25]
[5, 6, 43, 41, 12, 15, 42, 23]
[25, 17, 28, 12, 33, 25, 7, 21]
[51, 26, 11, 18, 51, 47, 33, 23]
[42, 12, 9, 41, 11, 37, 29, 39]
[13, 23, 51, 29, 25, 17, 50, 8]
[28, 39, 34, 12, 33, 19, 29, 32]
[11, 32, 15, 9, 19, 27, 11, 18]
[31, 49, 12, 24, 46, 18, 7, 22]
[7, 31, 26, 27, 4, 21, 18, 9]
[45, 47, 46, 11, 50, 10, 47, 21]
[8, 49, 8, 46, 28, 23, 10, 35]
[17, 5, 29, 23, 12, 18, 23, 45]
[45, 27, 22, 40, 26, 36, 44, 41]
[5, 29, 32, 6, 29, 32, 21, 32]
[24, 34, 25, 25, 31, 30, 27, 16]
[21, 47, 10, 52, 38, 32, 31, 28]
[27, 9, 29, 42, 50, 33, 12, 42]
[24, 41, 13, 50, 27, 9, 30, 7]
[15, 44, 34, 22, 22, 21, 35, 14]
[46, 31, 18, 4, 31, 6, 35, 45]
[52, 13, 7, 8, 22, 18, 16, 38]
[40, 35, 25, 51, 47, 49, 11, 46]
[30, 12, 35, 34, 21, 10, 27, 48]
[30, 5, 19, 45, 7, 6, 49, 30]
[25, 36, 39, 46, 47, 45, 29, 22]
[5, 51, 19, 17, 14, 8, 33, 18]
[10, 10, 15, 43, 39, 19, 6, 25]
[35, 13, 22, 48, 20, 37, 11, 49]
[30, 42, 19, 45, 14, 9, 26, 42]
[9, 21, 33, 46, 31, 49, 23, 37]
[4, 37, 11, 30, 37, 41, 8, 47]
[8, 35, 46, 47, 8, 15, 45, 9]
[35, 31, 8, 30, 5, 51, 39, 27]
[20, 45, 36, 4, 31, 44, 7, 44]
[47, 14, 49, 16, 4, 41, 26, 46]
[33, 40, 43, 7, 19, 27, 47, 31]
[23, 11, 4, 25, 4, 4, 11, 37]
[16, 34, 32, 38, 32, 29, 20, 5]
[10, 33, 41, 19, 52, 37, 16, 9]
[46, 21, 18, 28, 22, 50, 41, 6]
[24, 18, 24, 22, 40, 22, 39, 24]
[4, 20, 45, 39, 49, 20, 31, 10]
[46, 45, 23, 46, 33, 7, 29, 36]
[48, 26, 23, 42, 24, 14, 30, 49]
[27, 51, 39, 40, 37, 35, 32, 51]
[18, 10, 16, 16, 51, 49, 7, 50]
[36, 18, 14, 30, 30, 10, 22, 8]
[35, 12, 46, 47, 4, 17, 48, 34]
[31, 5, 32, 18, 38, 15, 29, 44]
[37, 47, 30, 26, 31, 9, 37, 42]
[36, 4, 8, 45, 23, 16, 22, 47]
[33, 23, 48, 11, 49, 49, 19, 48]
[42, 49, 9, 28, 15, 26, 52, 35]
[43, 12, 23, 24, 4, 13, 20, 34]
[30, 17, 20, 30, 45, 31, 4, 14]
[8, 47, 32, 25, 48, 27, 15, 18]
[45, 8, 12, 46, 4, 45, 44, 17]
[24, 9, 49, 48, 27, 39, 6, 38]
[40, 21, 16, 40, 21, 25, 12, 50]
[17, 32, 4, 28, 26, 27, 28, 28]
[4, 50, 32, 37, 7, 24, 50, 12]
[28, 5, 14, 15, 52, 10, 52, 50]
[36, 6, 36, 15, 19, 18, 16, 32]
[38, 25, 44, 15, 26, 43, 30, 46]
[41, 19, 33, 8, 24, 27, 33, 26]
[27, 19, 49, 9, 32, 16, 41, 46]
[9, 14, 38, 25, 19, 18, 51, 25]
[47, 14, 47, 13, 43, 29, 49, 52]
[36, 52, 16, 44, 5, 41, 49, 15]
[27, 50, 4, 44, 14, 41, 27, 27]
[16, 45, 35, 31, 18, 6, 45, 43]
[16, 47, 36, 18, 17, 13, 31, 23]
[48, 47, 15, 39, 47, 13, 35, 35]
[27, 46, 26, 32, 43, 52, 21, 12]
[13, 43, 25, 36, 20, 33, 36, 45]
[44, 5, 7, 38, 51, 7, 33, 44]
[22, 51, 33, 5, 27, 8, 12, 31]
[50, 32, 30, 15, 49, 9, 38, 44]
[27, 4, 6, 44, 10, 12, 48, 4]
[16, 45, 51, 20, 43, 9, 30, 40]
[37, 31, 5, 43, 51, 19, 52, 38]
[37, 37, 26, 21, 9, 28, 17, 7]
[51, 10, 16, 45, 38, 30, 24, 19]
[26, 16, 24, 40, 26, 16, 22, 14]
[16, 36, 36, 43, 28, 29, 51, 34]
[18, 33, 16, 43, 23, 42, 38, 23]
[20, 18, 29, 10, 27, 48, 8, 38]
[45, 17, 14, 49, 48, 10, 19, 31]
[22, 31, 32, 27, 24, 43, 48, 31]
[40, 30, 15, 6, 39, 24, 39, 23]
[45, 34, 50, 22, 10, 5, 14, 17]
[39, 48, 14, 5, 23, 15, 25, 32]
[20, 45, 36, 20, 14, 37, 32, 18]
[7, 24, 8, 18, 19, 41, 14, 35]
[48, 41, 5, 9, 29, 24, 20, 35]
[52, 28, 21, 28, 33, 33, 40, 30]
[35, 50, 40, 27, 37, 35, 34, 50]
[16, 39, 48, 15, 7, 12, 40, 43]
[48, 52, 11, 29, 10, 37, 25, 12]
[33, 13, 12, 35, 51, 40, 12, 22]
[26, 26, 40, 18, 44, 5, 29, 21]
[29, 25, 6, 25, 39, 43, 26, 13]
[35, 13, 46, 30, 23, 23, 17, 11]
[48, 28, 4, 17, 37, 51, 50, 41]
[38, 49, 34, 19, 31, 45, 16, 43]
[40, 48, 42, 15, 37, 20, 37, 7]
[11, 34, 16, 6, 11, 13, 37, 45]
[5, 4, 42, 10, 16, 13, 32, 31]
[23, 21, 5, 6, 17, 9, 29, 6]
[31, 19, 33, 50, 40, 13, 31, 17]
[19, 28, 4, 11, 36, 27, 33, 21]
[27, 40, 34, 27, 34, 50, 32, 33]
[9, 12, 29, 14, 46, 8, 43, 9]
[51, 42, 5, 10, 17, 37, 37, 48]
[31, 32, 39, 39, 21, 30, 4, 18]
[4, 14, 24, 21, 26, 9, 47, 40]
[39, 36, 5, 18, 34, 33, 8, 31]
[45, 10, 20, 42, 10, 23, 22, 41]
[37, 14, 19, 19, 6, 44, 15, 36]
[33, 46, 35, 17, 8, 17, 26, 6]
[39, 41, 51, 32, 20, 49, 43, 51]
[15, 21, 17, 15, 34, 23, 29, 42]
[49, 43, 39, 25, 32, 19, 10, 19]
[46, 30, 34, 18, 41, 25, 9, 12]
[32, 42, 44, 30, 12, 12, 8, 39]
[28, 19, 25, 29, 32, 25, 40, 21]
[32, 16, 22, 27, 33, 17, 32, 46]
[42, 24, 34, 4, 36, 22, 7, 19]
[45, 19, 22, 42, 35, 51, 30, 45]
[47, 25, 51, 42, 17, 15, 41, 14]
[15, 29, 46, 20, 41, 41, 22, 46]
[6, 18, 8, 40, 30, 30, 51, 46]
[7, 40, 13, 10, 28, 46, 45, 6]
[26, 41, 6, 21, 22, 45, 17, 14]
[37, 5, 13, 10, 19, 39, 43, 12]
[42, 13, 42, 5, 30, 35, 52, 27]
[36, 42, 15, 39, 23, 44, 20, 52]
[28, 12, 42, 45, 19, 32, 32, 37]
[4, 30, 40, 26, 29, 18, 40, 5]
[28, 4, 28, 50, 22, 6, 15, 5]
[8, 25, 48, 20, 33, 32, 8, 12]
[20, 51, 25, 38, 47, 11, 51, 25]
[34, 19, 41, 9, 50, 43, 26, 27]
[46, 26, 9, 19, 20, 42, 14, 7]
[52, 22, 51, 29, 42, 17, 40, 37]
[18, 24, 50, 27, 11, 21, 23, 36]
[22, 46, 16, 26, 29, 45, 50, 52]
[11, 38, 10, 14, 49, 42, 7, 9]
[6, 45, 51, 9, 30, 32, 6, 49]
[26, 43, 15, 49, 11, 49, 37, 7]
[45, 52, 17, 38, 44, 38, 45, 39]
[44, 21, 8, 12, 41, 35, 4, 18]
[29, 52, 30, 38, 12, 29, 6, 22]
[42, 20, 11, 10, 10, 5, 33, 46]
[24, 5, 38, 10, 42, 27, 33, 11]
[47, 20, 14, 23, 29, 36, 8, 40]
[42, 52, 7, 24, 9, 52, 51, 36]
[8, 42, 7, 5, 9, 45, 24, 45]
[41, 24, 17, 38, 13, 48, 31, 48]
[47, 17, 24, 49, 13, 35, 36, 25]
[44, 36, 52, 33, 33, 35, 42, 40]
[8, 27, 48, 15, 41, 48, 16, 5]
[50, 14, 38, 41, 27, 40, 29, 16]
[6, 33, 12, 9, 7, 4, 26, 46]
[32, 22, 6, 39, 22, 5, 48, 40]
[4, 14, 48, 33, 10, 27, 49, 29]
[13, 22, 32, 7, 46, 14, 50, 28]
[21, 5, 40, 39, 51, 28, 37, 29]
[8, 18, 38, 8, 36, 51, 40, 22]
[50, 7, 51, 18, 16, 22, 4, 11]
[44, 42, 13, 11, 36, 18, 11, 42]
[20, 10, 15, 34, 48, 14, 30, 25]
[49, 36, 22, 52, 33, 26, 5, 25]
[11, 11, 28, 33, 38, 34, 33, 9]
[38, 41, 22, 49, 40, 4, 13, 36]
[36, 5, 12, 24, 49, 50, 52, 46]
[42, 4, 41, 38, 7, 15, 48, 47]
[44, 43, 7, 21, 50, 34, 51, 15]
[9, 17, 47, 13, 27, 33, 5, 32]
[45, 6, 23, 7, 20, 14, 51, 4]
[25, 44, 49, 40, 47, 43, 36, 37]
[24, 16, 8, 41, 47, 39, 18, 17]
[40, 47, 15, 15, 34, 38, 47, 38]
[14, 5, 39, 27, 11, 26, 41, 50]
[6, 50, 37, 23, 32, 5, 9, 29]
[50, 28, 9, 39, 37, 23, 27, 38]
[12, 23, 37, 17, 9, 45, 48, 30]
[39, 40, 17, 26, 51, 16, 16, 34]
[32, 43, 19, 51, 25, 11, 20, 43]
[32, 36, 34, 48, 9, 22, 41, 29]
[28, 48, 38, 29, 39, 13, 43, 20]
[44, 10, 52, 25, 20, 29, 42, 18]
[48, 31, 16, 31, 41, 49, 48, 10]
[49, 29, 18, 42, 11, 45, 7, 33]
[52, 27, 48, 5, 17, 7, 45, 17]
[4, 36, 23, 4, 22, 32, 41, 46]
[29, 37, 16, 36, 14, 34, 22, 49]
[6, 48, 15, 23, 18, 46, 23, 42]
[16, 31, 51, 42, 22, 26, 22, 32]
[27, 4, 21, 27, 32, 17, 38, 9]
[28, 49, 36, 26, 33, 23, 19, 44]
[16, 33, 30, 22, 31, 27, 32, 31]
[48, 44, 43, 18, 43, 4, 33, 20]
[17, 33, 23, 47, 11, 10, 47, 34]
[15, 7, 28, 43, 10, 9, 18, 40]
[40, 50, 48, 27, 29, 10, 29, 13]
[14, 6, 12, 30, 8, 35, 50, 33]
[6, 32, 38, 4, 24, 17, 36, 32]
[12, 6, 36, 28, 6, 14, 4, 26]
[5, 40, 16, 12, 11, 40, 25, 15]
[42, 16, 26, 13, 49, 22, 47, 15]
[45, 38, 29, 29, 20, 37, 9, 17]
[37, 48, 35, 36, 9, 11, 36, 37]
[47, 46, 41, 22, 4, 50, 7, 39]
[47, 41, 9, 6, 42, 11, 20, 20]
[28, 46, 29, 29, 27, 46, 18, 34]
[26, 35, 39, 41, 13, 45, 36, 33]
[22, 51, 23, 33, 10, 40, 19, 8]
[52, 8, 7, 31, 49, 19, 38, 32]
[37, 30, 52, 36, 48, 51, 52, 23]
[22, 49, 22, 5, 24, 21, 24, 48]
[28, 46, 18, 30, 30, 43, 4, 37]
[23, 19, 35, 44, 38, 42, 36, 21]
[46, 22, 21, 29, 45, 31, 12, 28]
[44, 15, 21, 5, 23, 33, 24, 51]
[48, 52, 13, 30, 52, 49, 40, 47]
[41, 17, 45, 16, 8, 34, 12, 20]
[29, 50, 30, 31, 16, 51, 38, 36]
[27, 8, 7, 49, 5, 41, 47, 45]
[52, 41, 24, 44, 48, 51, 19, 44]
[45, 42, 4, 36, 50, 44, 7, 18]
[39, 47, 52, 35, 39, 46, 50, 31]
[4, 44, 46, 9, 33, 27, 31, 14]
[12, 50, 35, 20, 21, 52, 9, 43]
[10, 23, 12, 10, 7, 22, 49, 23]
[18, 20, 17, 25, 19, 11, 44, 16]
[39, 13, 16, 38, 35, 32, 13, 12]
[47, 34, 49, 48, 36, 39, 47, 4]
[10, 45, 25, 44, 48, 8, 50, 8]
[52, 42, 9, 36, 30, 6, 4, 43]
[34, 10, 34, 15, 15, 15, 48, 45]
[36, 18, 49, 9, 7, 7, 10, 42]
[24, 25, 33, 17, 31, 45, 31, 41]
[30, 7, 35, 18, 7, 7, 35, 32]
[34, 42, 51, 52, 19, 48, 5, 10]
[6, 13, 51, 39, 28, 6, 47, 9]
[19, 40, 19, 12, 31, 13, 45, 48]
[51, 25, 33, 38, 51, 48, 12, 32]
[17, 18, 19, 44, 8, 10, 34, 12]
[27, 7, 6, 7, 5, 30, 31, 26]
[5, 13, 13, 24, 39, 35, 33, 49]
[6, 12, 12, 35, 40, 43, 16, 52]
[52, 18, 23, 32, 20, 32, 48, 35]
[22, 18, 29, 15, 17, 43, 5, 18]
[17, 6, 36, 6, 26, 41, 29, 37]
[31, 27, 37, 12, 17, 32, 13, 52]
[23, 44, 40, 51, 43, 33, 4, 18]
[38, 40, 14, 25, 40, 35, 11, 52]
[25, 31, 17, 17, 45, 50, 23, 8]
[19, 8, 18, 29, 36, 18, 14, 14]
[23, 52, 28, 42, 30, 44, 29, 5]
[22, 12, 47, 47, 46, 7, 25, 7]
[9, 25, 26, 6, 38, 7, 52, 50]
[50, 17, 23, 13, 16, 34, 11, 45]
[49, 42, 48, 22, 39, 43, 5, 29]
[11, 24, 9, 37, 37, 18, 50, 11]
[51, 21, 11, 41, 32, 31, 13, 7]
[50, 16, 34, 31, 21, 12, 5, 18]
[14, 19, 52, 13, 34, 43, 21, 35]
[4, 15, 49, 21, 26, 15, 25, 46]
[50, 20, 37, 16, 52, 48, 11, 15]
[38, 24, 26, 6, 46, 28, 19, 23]
[8, 21, 9, 48, 20, 30, 17, 28]
[23, 44, 8, 32, 43, 4, 38, 9]
[32, 34, 4, 39, 37, 48, 11, 35]
[14, 40, 25, 9, 11, 48, 18, 41]
[17, 35, 24, 45, 15, 21, 5, 48]
[16, 20, 46, 12, 17, 34, 31, 41]
[49, 36, 9, 35, 7, 49, 9, 46]
[40, 44, 10, 22, 48, 38, 19, 38]
[24, 22, 21, 14, 41, 20, 19, 34]
[24, 23, 32, 28, 13, 47, 23, 38]
[12, 10, 45, 21, 6, 10, 43, 33]
[45, 15, 46, 18, 27, 38, 13, 25]
[52, 4, 27, 10, 38, 22, 17, 13]
[34, 14, 49, 34, 14, 17, 17, 31]
[9, 32, 47, 50, 30, 8, 21, 48]
[39, 52, 7, 42, 23, 15, 50, 7]
[17, 40, 49, 16, 35, 9, 17, 48]
[41, 15, 28, 41, 18, 48, 26, 36]
[22, 7, 27, 10, 33, 52, 8, 30]
[9, 8, 28, 34, 5, 17, 47, 9]
[10, 40, 15, 15, 48, 15, 36, 49]
[4, 45, 45, 47, 29, 44, 35, 52]
[21, 6, 18, 9, 14, 41, 52, 38]
[38, 26, 17, 51, 23, 46, 46, 38]
[19, 9, 43, 37, 19, 24, 19, 26]
[10, 23, 31, 6, 13, 46, 6, 36]
[16, 44, 17, 46, 25, 29, 9, 6]
[9, 13, 44, 14, 4, 14, 22, 29]
[19, 23, 21, 25, 26, 13, 5, 5]
[8, 4, 11, 39, 48, 23, 7, 5]
[32, 45, 20, 16, 23, 8, 16, 16]
[21, 21, 29, 16, 28, 46, 32, 46]
[26, 24, 35, 31, 39, 36, 26, 50]
[8, 38, 49, 47, 12, 23, 18, 12]
[13, 31, 27, 37, 16, 24, 24, 37]
[19, 42, 15, 30, 17, 43, 34, 6]
[27, 51, 31, 21, 4, 22, 33, 7]
[31, 4, 21, 34, 7, 41, 37, 4]
[47, 4, 5, 29, 41, 35, 52, 5]
[29, 11, 33, 42, 11, 5, 17, 36]
[4, 14, 25, 23, 25, 52, 17, 42]
[13, 23, 11, 19, 15, 44, 33, 35]
[46, 34, 21, 45, 16, 44, 46, 19]
[8, 31, 19, 38, 14, 26, 42, 37]
[13, 11, 4, 32, 12, 49, 41, 33]
[51, 43, 43, 10, 16, 8, 14, 33]
[25, 12, 9, 10, 21, 6, 28, 46]
[37, 28, 9, 4, 43, 50, 44, 16]
[9, 4, 9, 24, 47, 32, 14, 18]
[9, 46, 37, 23, 36, 8, 31, 43]
[52, 23, 21, 13, 43, 13, 27, 17]
[25, 38, 9, 4, 19, 6, 24, 42]
[38, 8, 27, 34, 47, 48, 11, 51]
[38, 52, 25, 7, 51, 34, 20, 33]
[46, 23, 20, 7, 51, 42, 6, 36]
[20, 38, 40, 19, 32, 51, 32, 40]
[7, 44, 26, 14, 35, 17, 48, 11]
[5, 34, 25, 11, 50, 49, 7, 16]
[32, 40, 52, 9, 12, 29, 18, 25]
[51, 7, 44, 33, 25, 22, 5, 10]
[7, 49, 42, 24, 26, 48, 9, 28]
[44, 52, 4, 28, 33, 19, 9, 22]
[31, 9, 13, 30, 5, 49, 44, 37]
[51, 24, 37, 8, 23, 45, 20, 42]
[41, 20, 13, 9, 31, 16, 26, 10]
[44, 14, 50, 36, 18, 9, 29, 43]
[26, 31, 23, 41, 16, 29, 45, 10]
[36, 23, 20, 22, 22, 7, 4, 47]
[13, 19, 41, 41, 7, 38, 46, 28]
[41, 40, 46, 33, 26, 40, 47, 39]
[33, 24, 45, 27, 42, 8, 18, 33]
[19, 11, 12, 22, 13, 17, 41, 28]
[13, 15, 10, 28, 42, 18, 8, 30]
[20, 24, 47, 11, 6, 35, 21, 15]
[47, 17, 31, 49, 9, 44, 34, 39]
[31, 36, 30, 27, 24, 16, 44, 33]
[48, 34, 37, 29, 10, 8, 7, 11]
[39, 4, 33, 37, 22, 20, 23, 8]
[41, 50, 11, 4, 4, 15, 38, 42]
[16, 24, 39, 19, 37, 38, 18, 6]
[49, 16, 21, 49, 44, 40, 15, 36]
[35, 12, 29, 50, 42, 10, 44, 39]
[41, 39, 45, 14, 22, 24, 43, 41]
[30, 23, 9, 49, 10, 11, 51, 13]
[40, 45, 18, 37, 16, 11, 48, 32]
[33, 13, 49, 31, 39, 49, 14, 28]
[29, 42, 24, 45, 39, 36, 9, 23]
[12, 49, 38, 5, 48, 16, 23, 29]
[14, 17, 44, 7, 11, 32, 40, 4]
[22, 32, 7, 16, 4, 12, 28, 22]
[11, 36, 26, 50, 36, 19, 44, 44]
[47, 39, 21, 33, 4, 18, 50, 11]
[19, 48, 16, 35, 14, 40, 4, 23]
[28, 36, 28, 51, 17, 44, 22, 20]
[43, 39, 32, 43, 52, 46, 32, 21]
[52, 22, 46, 41, 8, 52, 27, 38]
[12, 46, 34, 26, 13, 9, 32, 43]
[4, 32, 20, 43, 15, 25, 37, 45]
[4, 26, 35, 34, 41, 46, 46, 12]
[12, 51, 30, 29, 35, 25, 23, 19]
[5, 26, 7, 11, 14, 24, 20, 33]
[41, 28, 15, 27, 47, 48, 39, 40]
[45, 50, 16, 34, 5, 25, 42, 14]
[23, 13, 19, 17, 40, 18, 49, 25]
[6, 13, 40, 7, 25, 4, 22, 42]
[29, 14, 20, 22, 28, 24, 17, 24]
[30, 29, 35, 29, 42, 21, 34, 31]
[35, 18, 35, 18, 31, 36, 5, 12]
[5, 22, 50, 38, 28, 5, 52, 15]
[10, 43, 29, 38, 48, 4, 44, 32]
[31, 21, 11, 46, 12, 4, 15, 4]
[32, 39, 15, 52, 52, 38, 7, 39]
[31, 7, 46, 16, 31, 40, 8, 31]
[18, 24, 8, 38, 15, 52, 49, 52]
[21, 36, 35, 17, 26, 30, 26, 43]
[31, 20, 23, 5, 22, 52, 17, 8]
[30, 33, 36, 33, 7, 25, 45, 32]
[41, 49, 41, 9, 13, 49, 29, 19]
[49, 47, 7, 24, 34, 20, 36, 21]
[27, 32, 42, 33, 50, 22, 9, 47]
[48, 18, 37, 16, 25, 36, 37, 6]
[41, 26, 22, 8, 35, 6, 46, 19]
[11, 48, 17, 19, 39, 11, 34, 12]
[42, 41, 17, 39, 4, 16, 30, 20]
[21, 9, 6, 44, 16, 28, 31, 50]
[33, 50, 5, 51, 21, 16, 19, 20]
[24, 17, 47, 11, 37, 49, 23, 48]
[23, 35, 23, 49, 42, 23, 47, 47]
[19, 23, 47, 5, 50, 48, 46, 29]
[20, 6, 38, 35, 49, 42, 9, 23]
[19, 42, 48, 42, 24, 42, 40, 52]
[26, 18, 26, 17, 43, 40, 5, 11]
[34, 29, 25, 32, 45, 36, 12, 31]
[33, 29, 37, 37, 34, 38, 47, 30]
[52, 32, 11, 49, 49, 31, 31, 42]
[20, 9, 12, 25, 9, 32, 48, 22]
[19, 10, 40, 28, 36, 27, 38, 34]
[21, 13, 11, 10, 45, 14, 24, 39]
[16, 20, 50, 5, 7, 16, 44, 6]
[25, 29, 28, 21, 43, 43, 42, 33]
[12, 48, 40, 52, 14, 11, 34, 34]
[11, 38, 8, 24, 50, 4, 31, 12]
[48, 20, 42, 34, 26, 34, 33, 18]
[51, 50, 7, 35, 40, 36, 42, 24]
[16, 6, 28, 48, 40, 50, 9, 51]
[23, 52, 14, 51, 28, 37, 22, 40]
[46, 15, 45, 35, 14, 19, 10, 37]
[23, 5, 42, 20, 17, 47, 13, 36]
[12, 36, 25, 9, 32, 24, 23, 46]
[14, 34, 44, 43, 24, 32, 49, 25]
[52, 27, 15, 4, 21, 50, 6, 35]
[47, 12, 43, 7, 39, 20, 37, 12]
[32, 13, 48, 35, 20, 19, 34, 44]
[51, 46, 50, 45, 13, 10, 32, 45]
[9, 42, 18, 31, 45, 15, 23, 44]
[11, 7, 5, 22, 16, 33, 31, 40]
[4, 14, 48, 7, 40, 21, 12, 29]
[42, 15, 25, 5, 23, 22, 22, 27]
[21, 15, 26, 35, 49, 48, 33, 52]
[34, 13, 39, 32, 9, 45, 37, 47]
[38, 52, 30, 21, 45, 44, 20, 51]
[34, 45, 35, 10, 52, 44, 45, 48]
[5, 5, 42, 25, 13, 29, 23, 30]
[22, 34, 44, 4, 38, 45, 41, 16]
[22, 32, 29, 38, 34, 19, 14, 31]
[49, 10, 14, 34, 16, 20, 30, 35]
[6, 6, 33, 10, 41, 36, 37, 15]
[28, 31, 34, 48, 20, 14, 11, 21]
[33, 26, 20, 31, 27, 5, 47, 12]
[51, 30, 48, 48, 45, 9, 22, 51]
[30, 50, 45, 22, 46, 35, 32, 25]
[26, 43, 17, 43, 35, 12, 29, 11]
[43, 31, 10, 29, 38, 32, 44, 51]
[17, 10, 15, 52, 41, 52, 24, 50]
[11, 11, 40, 32, 30, 47, 25, 10]
[42, 21, 45, 41, 31, 18, 9, 11]
[35, 19, 8, 32, 28, 43, 32, 13]
[27, 45, 28, 32, 43, 21, 35, 19]
[35, 18, 12, 36, 26, 10, 43, 13]
[41, 47, 52, 41, 25, 36, 11, 13]
[37, 41, 8, 48, 46, 24, 47, 43]
[29, 25, 39, 18, 10, 13, 52, 18]
[19, 52, 48, 13, 36, 6, 23, 4]
[41, 43, 22, 36, 49, 32, 41, 31]
[15, 48, 5, 38, 24, 26, 37, 33]
[31, 40, 35, 35, 44, 36, 51, 29]
[20, 18, 13, 27, 8, 50, 46, 47]
[10, 11, 28, 18, 37, 49, 9, 24]
[44, 14, 38, 12, 47, 36, 24, 51]
[14, 8, 36, 34, 21, 40, 27, 8]
[20, 39, 35, 47, 7, 30, 14, 48]
[6, 52, 32, 20, 50, 35, 12, 22]
[32, 36, 12, 41, 37, 13, 48, 41]
[48, 5, 20, 31, 50, 19, 38, 45]
[40, 42, 25, 22, 7, 31, 21, 43]
[49, 26, 41, 30, 16, 15, 9, 36]
[8, 19, 14, 33, 25, 23, 22, 5]
[10, 6, 45, 33, 41, 28, 5, 41]
[27, 51, 19, 35, 41, 4, 33, 23]
[17, 35, 28, 21, 36, 33, 52, 28]
[13, 10, 36, 19, 33, 38, 24, 27]
[25, 31, 7, 23, 14, 48, 45, 14]
[8, 40, 9, 19, 26, 40, 14, 20]
[45, 21, 29, 6, 48, 16, 43, 16]
[9, 37, 36, 25, 51, 29, 24, 12]
[27, 52, 32, 25, 4, 20, 49, 35]
[10, 43, 42, 17, 48, 4, 15, 44]
[21, 18, 50, 29, 13, 46, 49, 50]
[39, 27, 31, 40, 26, 43, 27, 8]
[27, 44, 15, 39, 36, 15, 20, 46]
[28, 20, 26, 14, 27, 21, 42, 21]
[52, 8, 16, 49, 39, 23, 14, 4]
[32, 19, 39, 8, 44, 43, 36, 43]
[9, 46, 15, 34, 10, 49, 50, 42]
[11, 15, 42, 37, 29, 11, 30, 38]
[40, 48, 32, 51, 5, 33, 42, 38]
[35, 52, 8, 10, 28, 11, 23, 4]
[18, 14, 27, 37, 51, 50, 21, 12]
[6, 41, 13, 47, 24, 8, 31, 20]
[10, 50, 12, 24, 13, 44, 5, 36]
[29, 32, 4, 20, 41, 6, 34, 41]
[24, 51, 29, 7, 6, 24, 48, 21]
[27, 32, 9, 36, 28, 36, 34, 21]
[31, 20, 18, 26, 19, 25, 4, 46]
[43, 34, 46, 32, 21, 23, 28, 37]
[30, 34, 50, 46, 11, 27, 11, 25]
[13, 43, 10, 38, 18, 20, 45, 24]
[51, 49, 40, 42, 14, 32, 34, 4]
[17, 14, 16, 14, 51, 6, 32, 26]
[13, 35, 7, 40, 32, 36, 25, 32]
[50, 47, 41, 41, 29, 14, 17, 33]
[21, 18, 13, 25, 9, 34, 34, 15]
[16, 35, 17, 9, 27, 4, 38, 28]
[9, 39, 10, 51, 14, 24, 19, 26]
[16, 16, 9, 13, 7, 31, 9, 50]
[24, 18, 27, 4, 25, 42, 26, 24]
[11, 19, 15, 47, 34, 46, 16, 23]
[7, 5, 17, 30, 16, 36, 33, 37]
[18, 20, 19, 10, 44, 12, 25, 26]
[40, 38, 47, 32, 25, 52, 6, 9]
[30, 33, 29, 29, 47, 29, 48, 30]
[17, 29, 28, 4, 27, 44, 40, 48]
[50, 25, 37, 47, 39, 30, 43, 45]
[38, 25, 10, 18, 22, 25, 16, 35]
[15, 13, 42, 43, 17, 31, 46, 17]
[49, 48, 28, 36, 21, 29, 31, 20]
[33, 45, 27, 32, 8, 8, 14, 24]
[19, 30, 15, 38, 5, 51, 52, 42]
[32, 47, 29, 15, 44, 9, 11, 52]
[26, 39, 9, 4, 5, 52, 19, 34]
[40, 43, 12, 17, 16, 52, 11, 11]
[46, 44, 35, 30, 52, 30, 5, 23]
[26, 29, 33, 22, 50, 22, 23, 15]
[7, 37, 52, 51, 24, 16, 39, 52]
[34, 16, 24, 20, 46, 30, 43, 40]
[18, 28, 4, 12, 48, 5, 23, 20]
[38, 41, 14, 34, 11, 4, 26, 44]
[9, 19, 43, 28, 41, 4, 28, 8]
[9, 44, 27, 24, 36, 39, 11, 29]
[28, 18, 17, 22, 41, 6, 13, 46]
[19, 37, 7, 30, 46, 19, 27, 51]
[9, 27, 6, 19, 24, 47, 38, 8]
[6, 44, 42, 40, 15, 7, 34, 46]
[29, 45, 10, 48, 49, 10, 24, 32]
[47, 51, 45, 30, 47, 50, 47, 50]
[24, 38, 16, 31, 42, 21, 5, 25]
[33, 46, 25, 11, 21, 4, 8, 48]
[51, 51, 44, 14, 15, 35, 6, 15]
[41, 45, 49, 52, 48, 8, 13, 4]
[46, 51, 30, 49, 32, 44, 46, 16]
[8, 44, 34, 14, 37, 23, 4, 49]
[10, 34, 47, 25, 49, 49, 15, 50]
[30, 10, 8, 50, 12, 23, 4, 40]
[7, 8, 40, 30, 25, 23, 22, 43]
[29, 7, 8, 18, 51, 37, 36, 26]
[30, 11, 39, 28, 30, 27, 33, 27]
[51, 37, 15, 24, 45, 37, 48, 36]
[10, 26, 10, 51, 42, 51, 39, 41]
[14, 7, 6, 32, 30, 11, 31, 43]
[11, 51, 39, 16, 41, 20, 43, 44]
[12, 23, 17, 5, 51, 34, 31, 14]
[20, 26, 18, 32, 7, 24, 21, 20]
[24, 32, 49, 44, 43, 49, 32, 9]
[48, 10, 13, 18, 9, 51, 38, 38]
[15, 28, 15, 4, 9, 23, 36, 28]
[32, 5, 15, 47, 36, 49, 16, 48]
[45, 37, 23, 40, 48, 36, 26, 13]
[31, 16, 44, 50, 16, 11, 14, 44]
[49, 46, 15, 17, 20, 32, 24, 8]
[12, 33, 9, 46, 31, 40, 33, 5]
[43, 17, 15, 4, 37, 49, 19, 40]
[12, 43, 34, 8, 22, 38, 43, 9]
[47, 29, 39, 35, 37, 20, 14, 9]
[36, 33, 30, 30, 14, 21, 20, 8]
[24, 32, 46, 4, 43, 40, 38, 24]
[27, 38, 13, 36, 51, 6, 44, 27]
[13, 52, 48, 50, 30, 38, 5, 21]
[49, 20, 37, 25, 32, 28, 48, 34]
[45, 4, 52, 31, 52, 52, 48, 35]
[31, 48, 39, 51, 47, 39, 16, 23]
[31, 40, 48, 11, 11, 20, 23, 30]
[11, 11, 13, 17, 16, 4, 15, 41]
[36, 9, 13, 10, 40, 41, 22, 24]
[35, 24, 43, 47, 16, 18, 37, 38]
[11, 15, 5, 4, 13, 28, 14, 49]
[15, 35, 22, 33, 45, 51, 35, 15]
[38, 10, 30, 5, 20, 21, 10, 27]
[5, 21, 19, 21, 17, 19, 25, 34]
[5, 45, 39, 33, 4, 10, 52, 15]
[43, 25, 15, 41, 29, 13, 7, 26]
[50, 7, 13, 40, 29, 38, 37, 14]
[49, 4, 51, 20, 50, 13, 23, 38]
[6, 42, 23, 4, 47, 7, 28, 39]
[7, 46, 23, 52, 52, 5, 6, 47]
[45, 50, 37, 32, 19, 36, 11, 47]
[38, 39, 19, 23, 39, 42, 36, 40]
[51, 36, 35, 9, 45, 46, 45, 30]
[22, 33, 16, 50, 43, 22, 51, 49]
[38, 18, 51, 39, 19, 31, 52, 44]
[27, 27, 10, 43, 23, 38, 39, 29]
[9, 39, 52, 37, 30, 15, 20, 43]
[25, 30, 10, 25, 35, 6, 14, 12]
[41, 27, 46, 33, 29, 22, 23, 50]
[16, 30, 14, 9, 7, 10, 35, 33]
[26, 19, 15, 44, 52, 15, 42, 13]
[47, 32, 36, 51, 21, 20, 25, 29]
[24, 5, 38, 19, 8, 21, 41, 13]
[13, 31, 14, 6, 9, 33, 13, 30]
[31, 31, 20, 44, 17, 4, 33, 31]
[34, 37, 20, 44, 6, 31, 46, 14]
[16, 9, 43, 28, 38, 51, 52, 42]
[48, 11, 18, 9, 48, 9, 6, 29]
[49, 11, 12, 33, 15, 20, 40, 23]
[34, 19, 46, 32, 43, 23, 52, 33]
[35, 4, 14, 46, 10, 13, 47, 16]
[47, 26, 45, 50, 20, 17, 41, 24]
[16, 44, 30, 50, 23, 24, 13, 33]
[7, 13, 21, 7, 19, 16, 18, 48]
[37, 39, 9, 24, 48, 31, 12, 44]
[43, 27, 18, 5, 29, 52, 23, 5]
[9, 16, 5, 22, 18, 20, 31, 48]
[7, 19, 32, 11, 23, 4, 41, 38]
[25, 48, 33, 50, 9, 50, 13, 41]
[32, 46, 30, 37, 6, 23, 44, 31]
[6, 4, 16, 24, 39, 34, 31, 38]
[52, 51, 52, 27, 46, 47, 15, 26]
[13, 42, 24, 4, 32, 50, 35, 10]
[31, 23, 37, 37, 28, 5, 7, 17]
[44, 39, 23, 19, 47, 25, 21, 32]
[31, 17, 26, 43, 13, 10, 23, 26]
[47, 4, 5, 6, 49, 38, 39, 41]
[12, 38, 8, 46, 5, 25, 16, 17]
[10, 32, 40, 9, 49, 4, 16, 28]
[13, 50, 12, 22, 13, 47, 12, 39]
[51, 40, 19, 40, 40, 47, 31, 7]
[47, 42, 26, 52, 50, 42, 42, 16]
[38, 9, 43, 15, 23, 33, 15, 26]
[4, 30, 46, 24, 33, 51, 7, 47]
[15, 52, 5, 40, 10, 48, 43, 39]
[5, 49, 23, 33, 17, 25, 22, 6]
[24, 12, 50, 46, 6, 40, 7, 27]
[41, 29, 49, 20, 18, 9, 27, 26]
[35, 7, 10, 32, 46, 42, 5, 29]
[28, 21, 4, 36, 13, 29, 7, 31]
[7, 12, 52, 36, 28, 26, 52, 19]
[6, 19, 24, 44, 36, 26, 33, 10]
[8, 11, 10, 8, 37, 30, 31, 22]
[17, 30, 27, 18, 19, 31, 24, 19]
[36, 50, 6, 37, 46, 48, 52, 38]
[49, 31, 32, 44, 24, 10, 37, 47]
[6, 8, 11, 34, 43, 33, 28, 41]
[13, 14, 7, 30, 35, 20, 39, 22]
[7, 51, 51, 45, 34, 13, 48, 9]
[49, 43, 24, 28, 8, 22, 5, 35]
[52, 33, 48, 22, 38, 47, 36, 11]
[32, 9, 27, 27, 27, 39, 28, 9]
[11, 20, 27, 7, 10, 50, 45, 21]
[15, 8, 5, 17, 38, 50, 31, 50]
[8, 49, 20, 20, 11, 17, 40, 14]
[33, 38, 21, 31, 42, 17, 32, 50]
[37, 21, 51, 27, 51, 12, 21, 28]
[33, 49, 21, 23, 43, 19, 12, 13]
[46, 16, 19, 5, 42, 44, 35, 20]
[13, 27, 44, 9, 35, 28, 50, 42]
[44, 22, 23, 20, 13, 7, 41, 37]
[13, 35, 42, 35, 33, 44, 36, 39]
[33, 51, 4, 17, 37, 26, 25, 10]
[27, 36, 45, 22, 31, 36, 50, 4]
[39, 16, 41, 4, 43, 42, 48, 46]
[35, 21, 31, 43, 52, 15, 16, 33]
[9, 24, 32, 36, 46, 17, 26, 43]
[21, 33, 36, 19, 9, 35, 9, 37]
[40, 34, 9, 42, 28, 22, 15, 16]
[23, 38, 21, 49, 37, 31, 16, 48]
[30, 27, 4, 21, 30, 21, 10, 38]
[46, 10, 4, 45, 18, 25, 23, 13]
[27, 35, 6, 16, 32, 24, 33, 17]
[4, 38, 47, 49, 17, 46, 21, 15]
[14, 17, 4, 4, 36, 9, 50, 31]
[28, 38, 31, 46, 19, 4, 26, 6]
[7, 18, 25, 16, 26, 15, 24, 38]
[34, 25, 50, 9, 18, 14, 14, 15]
[8, 38, 40, 36, 29, 19, 42, 28]
[52, 19, 9, 5, 30, 49, 16, 31]
[24, 40, 28, 19, 30, 48, 34, 50]
[33, 9, 15, 6, 45, 14, 26, 6]
[46, 13, 35, 50, 52, 26, 35, 52]
[18, 46, 31, 20, 47, 46, 31, 29]
[7, 15, 29, 15, 50, 7, 28, 50]
[19, 33, 36, 29, 17, 36, 41, 36]
[50, 46, 15, 14, 29, 48, 13, 34]
[26, 37, 18, 49, 37, 34, 38, 22]
[38, 43, 41, 30, 48, 8, 10, 7]
[7, 38, 40, 17, 9, 9, 5, 18]
[30, 27, 49, 48, 47, 25, 43, 38]
[27, 19, 28, 26, 40, 36, 34, 39]
[39, 38, 17, 28, 11, 52, 40, 48]
[47, 15, 39, 37, 13, 38, 27, 8]
[45, 20, 26, 12, 34, 45, 7, 31]
[45, 49, 29, 40, 11, 13, 14, 37]
[17, 17, 39, 5, 45, 12, 31, 18]
[38, 44, 42, 4, 30, 5, 14, 44]
[6, 47, 11, 8, 31, 39, 18, 12]
[46, 45, 11, 24, 52, 22, 31, 36]
[16, 21, 22, 27, 27, 8, 8, 25]
[6, 39, 19, 28, 50, 36, 42, 35]
[18, 21, 43, 48, 24, 37, 52, 8]
[19, 35, 31, 41, 7, 29, 36, 26]
[36, 35, 8, 22, 30, 25, 20, 34]
[35, 22, 14, 49, 50, 11, 28, 39]
[15, 21, 38, 27, 32, 40, 12, 43]
[35, 40, 48, 10, 20, 45, 50, 17]
[39, 10, 45, 4, 17, 43, 9, 36]
[47, 44, 4, 52, 35, 11, 17, 33]
[31, 30, 7, 35, 49, 14, 48, 51]
[8, 21, 5, 14, 45, 8, 25, 28]
[24, 45, 29, 26, 22, 18, 15, 42]
[29, 31, 36, 15, 20, 39, 6, 11]
[31, 4, 43, 12, 21, 16, 5, 38]
[33, 13, 51, 8, 26, 31, 31, 51]
[19, 6, 37, 46, 44, 5, 26, 42]
[6, 44, 44, 49, 32, 15, 25, 7]
[11, 4, 49, 51, 23, 31, 31, 10]
[18, 44, 35, 15, 31, 31, 35, 34]
[40, 43, 49, 15, 13, 27, 6, 48]
[40, 29, 40, 30, 7, 33, 21, 11]
[13, 34, 24, 29, 26, 22, 38, 16]
[49, 23, 40, 21, 8, 12, 36, 23]
[29, 14, 32, 43, 18, 37, 14, 30]
[41, 26, 31, 24, 8, 15, 29, 5]
[12, 17, 47, 28, 39, 45, 35, 29]
[10, 4, 30, 39, 43, 7, 7, 28]
[42, 34, 50, 32, 50, 46, 9, 30]
[43, 37, 29, 7, 28, 9, 37, 24]
[5, 43, 7, 5, 36, 52, 20, 4]
[50, 52, 10, 41, 41, 52, 10, 6]
[34, 47, 36, 49, 28, 34, 39, 41]
[39, 52, 45, 45, 20, 10, 34, 11]
[35, 29, 47, 37, 40, 48, 13, 33]
[20, 30, 11, 13, 26, 10, 6, 48]
[29, 21, 23, 6, 8, 35, 16, 32]
[23, 24, 18, 41, 7, 40, 28, 42]
[13, 25, 30, 15, 16, 5, 29, 52]
[14, 4, 50, 18, 37, 27, 18, 24]
[11, 28, 36, 20, 12, 6, 11, 47]
[26, 6, 12, 30, 26, 28, 21, 8]
[27, 12, 52, 45, 27, 19, 24, 5]
[37, 35, 51, 5, 30, 20, 35, 30]
[25, 36, 36, 44, 41, 9, 36, 21]
[39, 11, 46, 42, 24, 12, 32, 43]
[37, 32, 35, 38, 19, 38, 19, 35]
[16, 16, 11, 8, 15, 17, 21, 9]
[10, 9, 34, 12, 49, 14, 16, 18]
[22, 37, 50, 50, 37, 49, 24, 13]
[4, 40, 6, 31, 29, 44, 37, 52]
[20, 21, 42, 18, 49, 39, 49, 10]
[28, 15, 17, 33, 32, 42, 34, 39]
[15, 37, 32, 24, 51, 51, 31, 16]
[48, 23, 29, 29, 24, 17, 37, 11]
[34, 41, 45, 22, 19, 35, 16, 19]
[19, 47, 46, 14, 15, 49, 27, 48]
[10, 30, 21, 16, 32, 9, 45, 5]
[26, 34, 17, 36, 43, 51, 23, 24]
[4, 18, 4, 19, 35, 25, 9, 10]
[21, 16, 33, 13, 48, 30, 15, 19]
[19, 31, 31, 30, 11, 16, 39, 20]
[25, 5, 29, 10, 4, 25, 4, 36]
[5, 50, 48, 11, 37, 12, 13, 33]
[32, 52, 35, 28, 30, 47, 20, 29]
[13, 30, 37, 28, 10, 34, 17, 44]
[22, 23, 15, 9, 23, 5, 33, 29]
[4, 17, 47, 32, 27, 18, 22, 48]
[34, 16, 40, 24, 25, 12, 44, 17]
[27, 29, 5, 31, 5, 48, 17, 16]
[30, 26, 36, 39, 18, 43, 10, 24]
[46, 49, 16, 40, 14, 52, 38, 15]
[36, 17, 25, 35, 38, 34, 40, 37]
[18, 18, 7, 34, 39, 24, 47, 51]
[7, 45, 20, 25, 5, 12, 28, 30]
[13, 35, 42, 47, 14, 23, 16, 52]
[50, 13, 29, 31, 47, 40, 25, 28]
[9, 27, 4, 35, 43, 41, 51, 40]
[44, 22, 51, 25, 49, 45, 32, 37]
[43, 47, 33, 12, 8, 16, 36, 8]
[52, 28, 10, 37, 17, 5, 15, 36]
[23, 20, 13, 26, 13, 30, 23, 14]
[47, 15, 35, 34, 48, 26, 17, 50]
[35, 28, 19, 39, 16, 16, 4, 31]
[21, 21, 46, 34, 50, 30, 48, 13]
[9, 41, 31, 13, 48, 24, 13, 48]
[13, 42, 43, 50, 43, 26, 34, 17]
[25, 13, 14, 4, 36, 4, 17, 25]
[43, 29, 25, 14, 34, 18, 33, 27]
[5, 22, 38, 36, 4, 45, 47, 6]
[6, 50, 15, 51, 27, 46, 32, 29]
[36, 13, 21, 22, 30, 43, 4, 52]
[20, 44, 14, 9, 52, 38, 20, 22]
[26, 25, 36, 18, 37, 36, 27, 46]
[21, 23, 21, 27, 32, 14, 44, 41]
[13, 33, 21, 41, 17, 14, 47, 6]
[14, 22, 10, 46, 46, 27, 36, 8]
[18, 39, 41, 25, 29, 38, 47, 32]
[41, 36, 41, 8, 11, 32, 14, 9]
[4, 45, 33, 39, 15, 52, 38, 31]
[12, 48, 16, 33, 16, 22, 40, 14]
[50, 5, 4, 36, 27, 7, 27, 10]
[44, 11, 39, 52, 46, 51, 34, 27]
[52, 51, 18, 15, 27, 52, 30, 27]
[45, 46, 47, 48, 33, 13, 43, 11]
[14, 23, 39, 38, 30, 25, 13, 37]
[47, 17, 41, 14, 49, 11, 40, 17]
[50, 38, 35, 25, 19, 34, 8, 49]
[23, 34, 45, 19, 14, 43, 8, 8]
[40, 9, 28, 47, 44, 43, 33, 21]
[18, 5, 25, 46, 5, 19, 37, 17]
[49, 27, 10, 38, 24, 32, 25, 45]
[39, 10, 13, 20, 36, 26, 23, 40]
[52, 27, 49, 46, 36, 50, 17, 20]
[28, 4, 41, 48, 15, 41, 12, 51]
[27, 10, 23, 25, 33, 19, 18, 37]
[34, 40, 7, 52, 51, 31, 34, 52]
[30, 40, 39, 34, 17, 27, 28, 21]
[24, 33, 37, 25, 11, 7, 25, 9]
[51, 28, 47, 6, 51, 10, 26, 13]
[28, 39, 4, 46, 13, 33, 44, 17]
[51, 31, 39, 52, 10, 37, 48, 15]
[28, 21, 50, 52, 39, 21, 4, 31]
[9, 49, 24, 22, 16, 17, 47, 6]
[45, 11, 25, 24, 39, 40, 21, 21]
[7, 51, 34, 20, 21, 10, 24, 4]
[49, 24, 31, 28, 45, 20, 27, 15]
[23, 5, 52, 9, 32, 30, 17, 36]
[41, 29, 6, 52, 48, 45, 7, 25]
[25, 6, 27, 19, 19, 13, 44, 35]
[36, 42, 20, 29, 39, 39, 6, 49]
[50, 4, 16, 48, 22, 39, 46, 11]
[14, 34, 25, 33, 42, 4, 28, 10]
[45, 6, 39, 11, 15, 28, 12, 4]
[15, 52, 52, 39, 26, 17, 26, 46]
[38, 11, 49, 51, 21, 18, 33, 12]
[50, 41, 24, 4, 43, 11, 33, 4]
[40, 33, 11, 11, 33, 51, 27, 33]
[22, 30, 18, 22, 32, 51, 22, 25]
[51, 39, 40, 47, 4, 11, 49, 31]
[20, 42, 38, 42, 6, 36, 14, 26]
[19, 39, 23, 11, 19, 21, 52, 6]
[32, 27, 26, 39, 22, 10, 26, 38]
[46, 12, 25, 11, 41, 35, 32, 45]
[31, 48, 17, 32, 23, 20, 49, 45]
[30, 23, 20, 34, 37, 19, 44, 32]
[5, 10, 31, 10, 47, 19, 47, 7]
[26, 18, 25, 15, 35, 26, 13, 32]
[43, 18, 14, 33, 50, 11, 7, 44]
[19, 48, 50, 40, 26, 5, 9, 13]
[51, 19, 24, 13, 7, 43, 38, 34]
[41, 41, 14, 32, 40, 4, 41, 50]
[42, 47, 13, 29, 4, 9, 6, 40]
[22, 19, 39, 37, 7, 12, 11, 35]
[24, 16, 45, 7, 32, 10, 40, 47]
[35, 8, 46, 23, 15, 19, 16, 47]
[30, 30, 23, 26, 16, 48, 9, 46]
[17, 50, 11, 21, 32, 28, 19, 33]
[31, 33, 50, 29, 34, 49, 48, 4]
[46, 47, 47, 45, 31, 36, 42, 15]
[49, 16, 14, 14, 44, 26, 19, 23]
[44, 31, 28, 33, 34, 47, 47, 5]
[30, 27, 29, 34, 18, 39, 49, 44]
[27, 20, 37, 26, 26, 26, 37, 10]
[29, 31, 22, 23, 7, 20, 23, 8]
[33, 32, 45, 26, 36, 52, 18, 11]
[11, 30, 11, 5, 41, 35, 42, 11]
[48, 18, 29, 50, 14, 29, 36, 52]
[17, 46, 7, 12, 41, 6, 35, 46]
[12, 21, 6, 16, 30, 24, 7, 6]
[5, 6, 11, 5, 14, 41, 40, 40]
[13, 18, 19, 13, 7, 4, 38, 51]
[13, 43, 8, 26, 12, 12, 38, 45]
[40, 7, 14, 45, 19, 34, 43, 37]
[20, 24, 22, 34, 34, 25, 39, 12]
[17, 38, 45, 30, 52, 41, 39, 12]
[35, 10, 26, 29, 20, 50, 51, 45]
[7, 43, 20, 5, 14, 23, 24, 25]
[51, 8, 15, 5, 23, 36, 21, 44]
[42, 36, 41, 50, 4, 48, 24, 26]
[34, 19, 7, 14, 50, 32, 21, 23]
[35, 9, 24, 7, 39, 18, 35, 35]
[30, 49, 24, 52, 20, 47, 23, 19]
[51, 19, 30, 51, 28, 7, 14, 4]
[12, 11, 34, 21, 18, 46, 39, 48]
[32, 21, 32, 27, 43, 28, 24, 35]
[22, 48, 19, 47, 12, 26, 47, 50]
[5, 19, 36, 19, 48, 52, 20, 11]
[8, 9, 20, 8, 31, 6, 24, 24]
[18, 20, 41, 30, 35, 9, 18, 39]
[43, 22, 13, 21, 46, 6, 46, 43]
[51, 22, 30, 30, 44, 21, 49, 11]
[28, 27, 25, 50, 44, 42, 35, 47]
[25, 15, 46, 18, 20, 27, 44, 20]
[28, 12, 30, 20, 5, 47, 18, 24]
[52, 17, 21, 17, 30, 5, 16, 48]
[4, 39, 24, 17, 22, 33, 28, 45]
[21, 13, 48, 8, 9, 31, 39, 39]
[52, 37, 25, 45, 40, 25, 19, 17]
[19, 18, 51, 31, 45, 46, 13, 16]
[45, 39, 52, 19, 52, 44, 20, 31]
[11, 26, 33, 20, 11, 47, 38, 50]
[26, 36, 38, 46, 23, 13, 51, 47]
[31, 6, 11, 17, 8, 14, 21, 38]
[20, 35, 50, 29, 34, 24, 29, 24]
[47, 22, 41, 45, 13, 22, 25, 48]
[45, 29, 12, 23, 18, 18, 25, 9]
[47, 19, 22, 12, 33, 9, 23, 8]
[51, 16, 50, 28, 24, 30, 21, 21]
[14, 29, 8, 6, 23, 51, 47, 44]
[49, 43, 9, 21, 7, 12, 26, 30]
[47, 47, 11, 28, 46, 15, 41, 27]
[31, 50, 43, 26, 17, 51, 4, 20]
[48, 43, 14, 50, 6, 30, 30, 30]
[32, 22, 38, 13, 34, 20, 43, 18]
[52, 39, 10, 32, 26, 11, 40, 41]
[14, 11, 43, 13, 37, 4, 46, 17]
[51, 34, 47, 50, 48, 50, 38, 44]
[4, 15, 15, 35, 25, 21, 29, 30]
[38, 42, 37, 10, 41, 30, 27, 19]
[17, 30, 31, 37, 49, 41, 38, 49]
[20, 22, 49, 48, 29, 45, 13, 14]
[33, 12, 27, 39, 25, 33, 39, 18]
[11, 9, 44, 39, 52, 31, 50, 22]
[37, 19, 21, 8, 18, 9, 16, 19]
[49, 4, 25, 45, 14, 17, 31, 23]
[11, 46, 30, 16, 35, 5, 5, 4]
[46, 52, 4, 9, 24, 42, 35, 36]
[5, 31, 10, 15, 49, 10, 39, 35]
[22, 12, 25, 38, 33, 38, 38, 46]
[48, 28, 42, 8, 40, 17, 52, 34]
[25, 37, 29, 23, 18, 28, 41, 4]
[29, 49, 39, 34, 24, 8, 24, 9]
[52, 33, 42, 42, 10, 26, 47, 15]
[14, 14, 29, 12, 18, 7, 14, 13]
[42, 4, 41, 33, 30, 15, 44, 18]
[26, 8, 9, 51, 4, 10, 36, 4]
[38, 34, 16, 51, 51, 51, 40, 48]
[17, 22, 38, 10, 45, 30, 4, 19]
[30, 7, 41, 4, 20, 5, 18, 10]
[7, 42, 33, 45, 49, 30, 27, 4]
[48, 47, 22, 18, 45, 47, 4, 36]
[17, 6, 40, 46, 35, 27, 43, 22]
[48, 51, 33, 44, 46, 43, 35, 19]
[12, 21, 23, 6, 37, 48, 44, 28]
[19, 23, 42, 12, 47, 25, 40, 36]
[34, 15, 27, 26, 44, 13, 47, 20]
[29, 46, 16, 18, 6, 37, 12, 32]
[36, 36, 49, 21, 45, 27, 30, 33]
[17, 18, 29, 21, 38, 45, 13, 45]
[36, 27, 30, 37, 45, 18, 23, 47]
[22, 45, 24, 36, 12, 16, 40, 31]
[8, 28, 7, 7, 22, 21, 38, 10]
[19, 9, 14, 17, 10, 5, 49, 10]
[40, 43, 15, 9, 19, 44, 30, 24]
[44, 8, 20, 12, 47, 9, 36, 50]
[9, 45, 25, 17, 18, 13, 50, 25]
[38, 26, 26, 33, 29, 13, 40, 44]
[23, 13, 23, 31, 35, 44, 41, 46]
[21, 40, 41, 30, 26, 10, 30, 41]
[5, 21, 33, 42, 23, 8, 38, 22]
[17, 30, 28, 24, 40, 39, 21, 52]
[32, 7, 38, 41, 6, 46, 27, 6]
[7, 35, 18, 44, 37, 24, 9, 20]
[38, 7, 18, 5, 43, 44, 14, 41]
[36, 13, 48, 16, 14, 51, 36, 21]
[48, 6, 42, 35, 30, 27, 20, 47]
[21, 52, 30, 11, 41, 18, 41, 6]
[24, 44, 43, 7, 43, 27, 21, 24]
[7, 23, 25, 17, 10, 12, 4, 46]
[29, 44, 11, 14, 9, 20, 21, 23]
[52, 31, 51, 12, 47, 10, 10, 47]
[6, 22, 21, 44, 51, 31, 44, 10]
[49, 48, 23, 39, 8, 13, 24, 27]
[39, 15, 25, 10, 15, 43, 27, 51]
[49, 46, 33, 31, 41, 17, 45, 49]
[24, 16, 28, 11, 31, 40, 32, 35]
[36, 32, 6, 37, 22, 13, 26, 43]
[33, 52, 13, 17, 11, 11, 26, 29]
[44, 45, 50, 33, 34, 42, 36, 19]
[11, 46, 8, 47, 51, 46, 8, 31]
[48, 34, 42, 15, 32, 37, 52, 25]
[36, 42, 12, 7, 10, 11, 21, 4]
[46, 39, 25, 50, 12, 29, 38, 26]
[19, 33, 27, 16, 21, 29, 4, 30]
[48, 22, 11, 10, 23, 22, 8, 32]
[47, 44, 6, 38, 52, 38, 41, 39]
[37, 34, 26, 37, 32, 20, 51, 50]
[21, 4, 50, 19, 49, 18, 29, 51]
[14, 52, 4, 48, 8, 37, 17, 43]
[34, 36, 30, 25, 22, 43, 41, 12]
[11, 7, 12, 37, 15, 26, 15, 5]
[20, 49, 20, 51, 45, 52, 51, 21]
[9, 31, 8, 51, 16, 46, 5, 30]
[38, 45, 43, 44, 25, 6, 15, 8]
[25, 46, 17, 6, 50, 44, 21, 36]
[40, 5, 45, 47, 15, 52, 45, 47]
[46, 10, 27, 51, 28, 19, 15, 8]
[22, 33, 51, 19, 48, 47, 10, 40]
[12, 5, 35, 24, 11, 23, 42, 27]
[44, 36, 47, 20, 28, 19, 37, 44]
[18, 15, 9, 36, 36, 36, 32, 10]
[40, 35, 51, 45, 45, 48, 4, 41]
[44, 30, 17, 44, 12, 46, 42, 27]
[46, 34, 52, 22, 10, 28, 6, 29]
[22, 14, 14, 20, 29, 19, 33, 35]
[36, 40, 9, 43, 9, 33, 19, 11]
[5, 20, 5, 50, 4, 39, 37, 32]
[51, 49, 36, 43, 13, 49, 29, 31]
[34, 9, 49, 36, 42, 5, 28, 18]
[14, 39, 45, 39, 7, 42, 14, 43]
[48, 4, 26, 9, 52, 24, 28, 19]
[8, 17, 44, 10, 38, 10, 18, 14]
[41, 16, 39, 34, 20, 37, 11, 39]
[33, 40, 48, 18, 23, 29, 8, 51]
[9, 44, 26, 15, 8, 13, 7, 30]
[4, 8, 41, 47, 5, 24, 43, 16]
[11, 47, 24, 34, 6, 32, 18, 52]
[43, 43, 47, 25, 41, 25, 4, 46]
[15, 35, 49, 25, 14, 30, 50, 34]
[40, 44, 48, 30, 26, 48, 9, 5]
[10, 6, 24, 17, 44, 42, 44, 26]
[14, 8, 19, 39, 8, 9, 34, 26]
[8, 46, 28, 45, 39, 28, 7, 42]
[6, 46, 46, 8, 14, 44, 29, 31]
[7, 7, 47, 8, 36, 22, 49, 17]
[49, 18, 21, 46, 17, 42, 50, 40]
[6, 47, 23, 22, 41, 46, 36, 51]
[46, 23, 24, 43, 27, 10, 42, 46]
[48, 20, 51, 43, 41, 41, 49, 24]
[41, 39, 25, 29, 12, 19, 25, 9]
[25, 4, 30, 47, 31, 13, 40, 16]
[43, 35, 44, 45, 27, 16, 42, 45]
[13, 39, 14, 31, 38, 45, 8, 45]
[50, 19, 19, 41, 49, 36, 31, 35]
[36, 32, 32, 51, 37, 33, 12, 38]
[36, 7, 41, 20, 27, 23, 18, 5]
[42, 52, 40, 24, 44, 5, 31, 40]
[7, 14, 30, 51, 42, 6, 16, 39]
[22, 13, 41, 31, 28, 33, 42, 26]
[11, 17, 43, 43, 4, 52, 13, 29]
[33, 50, 30, 30, 36, 14, 25, 20]
[48, 32, 7, 46, 38, 18, 20, 26]
[40, 45, 43, 11, 32, 49, 51, 15]
[20, 21, 36, 28, 51, 12, 7, 18]
[21, 9, 15, 8, 16, 45, 42, 51]
[14, 51, 17, 18, 10, 28, 49, 5]
[46, 22, 44, 29, 12, 39, 32, 11]
[6, 22, 30, 32, 48, 8, 12, 6]
[39, 27, 51, 14, 21, 25, 36, 33]
[21, 37, 48, 5, 34, 24, 31, 50]
[4, 41, 7, 37, 9, 4, 5, 14]
[37, 41, 22, 10, 45, 44, 46, 47]
[34, 41, 37, 23, 38, 27, 39, 52]
[17, 8, 51, 8, 36, 38, 11, 10]
[10, 41, 49, 20, 36, 10, 52, 26]
[10, 36, 26, 50, 8, 40, 31, 31]
[8, 38, 28, 18, 29, 39, 4, 17]
[50, 37, 34, 17, 16, 10, 33, 20]
[10, 8, 19, 4, 24, 44, 48, 34]
[31, 23, 10, 37, 26, 16, 7, 43]
[12, 28, 19, 26, 12, 46, 22, 36]
[10, 27, 25, 37, 47, 4, 21, 11]
[15, 47, 27, 46, 40, 20, 32, 4]
[49, 13, 23, 29, 22, 9, 6, 52]
[38, 26, 16, 16, 42, 23, 51, 26]
[22, 37, 17, 22, 28, 24, 39, 12]
[35, 11, 35, 48, 16, 16, 41, 31]
[25, 34, 5, 35, 22, 12, 8, 24]
[12, 9, 20, 33, 49, 50, 15, 10]
[36, 9, 44, 12, 20, 6, 15, 17]
[19, 40, 19, 16, 45, 32, 27, 26]
[29, 39, 6, 46, 13, 8, 27, 6]
[30, 21, 48, 25, 16, 51, 44, 34]
[15, 29, 26, 29, 9, 16, 39, 46]
[48, 8, 39, 52, 25, 33, 40, 42]
[9, 33, 20, 37, 19, 10, 36, 10]
[10, 15, 28, 10, 43, 15, 7, 52]
[9, 16, 44, 20, 20, 6, 4, 33]
[37, 39, 46, 16, 11, 10, 8, 27]
[7, 35, 52, 24, 49, 8, 44, 33]
[18, 23, 8, 5, 6, 47, 49, 50]
[40, 29, 11, 45, 24, 23, 28, 30]
[23, 11, 38, 21, 36, 34, 24, 6]
[25, 35, 36, 19, 44, 13, 10, 28]
[5, 36, 11, 42, 4, 42, 16, 25]
[46, 28, 38, 31, 42, 5, 36, 40]
[24, 36, 21, 52, 38, 8, 21, 49]
[39, 31, 13, 23, 25, 29, 6, 42]
[8, 11, 4, 5, 23, 41, 28, 38]
[35, 13, 46, 19, 40, 14, 29, 41]
[19, 28, 52, 27, 13, 36, 6, 23]
[42, 10, 9, 37, 39, 28, 27, 23]
[22, 13, 47, 9, 47, 50, 45, 34]
[26, 16, 18, 23, 38, 11, 51, 40]
[45, 42, 36, 52, 41, 37, 33, 12]
[38, 15, 8, 28, 21, 11, 39, 8]
[30, 18, 46, 12, 21, 40, 7, 27]
[22, 48, 48, 39, 26, 43, 46, 26]
[48, 35, 51, 33, 46, 20, 43, 19]
[22, 25, 5, 45, 34, 31, 10, 21]
[9, 30, 48, 43, 15, 28, 13, 17]
[47, 26, 32, 44, 35, 17, 46, 20]
[49, 20, 18, 43, 15, 15, 32, 17]
[20, 40, 4, 14, 29, 21, 6, 32]
[16, 17, 18, 19, 18, 36, 47, 4]
[33, 50, 40, 52, 16, 51, 11, 51]
[28, 35, 13, 39, 9, 16, 24, 13]
[23, 8, 31, 13, 48, 10, 39, 52]
[14, 18, 23, 13, 50, 12, 30, 47]
[7, 36, 8, 17, 19, 20, 6, 52]
[37, 31, 9, 23, 6, 20, 33, 5]
[9, 17, 16, 8, 23, 51, 41, 4]
[47, 9, 50, 16, 26, 17, 52, 19]
[47, 48, 11, 27, 21, 39, 26, 34]
[37, 20, 40, 41, 25, 30, 38, 10]
[41, 8, 35, 44, 12, 50, 44, 42]
[45, 4, 34, 19, 16, 25, 48, 41]
[39, 20, 30, 13, 51, 32, 6, 15]
[21, 46, 8, 49, 27, 23, 9, 35]
[40, 30, 19, 7, 10, 4, 31, 50]
[47, 40, 50, 29, 21, 41, 11, 28]
[48, 41, 6, 37, 45, 40, 15, 21]
[6, 46, 42, 50, 41, 28, 22, 45]
[13, 40, 16, 7, 33, 39, 34, 6]
[22, 17, 19, 47, 26, 15, 15, 34]
[10, 23, 43, 48, 9, 48, 24, 38]
[12, 51, 34, 44, 25, 47, 6, 29]
[44, 25, 30, 38, 44, 25, 42, 31]
[49, 32, 45, 47, 43, 37, 36, 16]
[32, 23, 27, 50, 30, 18, 10, 30]
[12, 5, 30, 40, 14, 43, 51, 46]
[37, 19, 21, 12, 31, 6, 32, 42]
[31, 12, 14, 28, 5, 25, 34, 14]
[29, 48, 31, 49, 18, 30, 39, 14]
[49, 25, 12, 8, 43, 48, 29, 18]
[21, 10, 51, 28, 33, 31, 45, 24]
[7, 19, 47, 28, 8, 34, 46, 29]
[26, 22, 25, 52, 48, 25, 32, 37]
[9, 10, 47, 51, 43, 25, 51, 23]
[15, 40, 37, 38, 44, 43, 38, 7]
[28, 5, 48, 5, 39, 18, 49, 22]
[31, 34, 28, 48, 12, 15, 51, 10]
[34, 23, 28, 23, 18, 43, 35, 45]
[39, 45, 33, 16, 52, 4, 38, 39]
[51, 25, 25, 14, 45, 39, 14, 5]
[24, 14, 10, 46, 48, 35, 5, 44]
[5, 19, 27, 22, 4, 18, 38, 16]
[28, 36, 24, 32, 51, 34, 42, 51]
[13, 9, 47, 14, 47, 9, 33, 7]
[42, 15, 17, 14, 46, 6, 33, 38]
[35, 32, 32, 7, 50, 41, 14, 18]
[23, 17, 33, 33, 33, 39, 22, 49]
[22, 23, 52, 34, 39, 50, 28, 34]
[34, 49, 32, 52, 51, 45, 24, 5]
[20, 37, 43, 51, 49, 4, 50, 19]
[26, 49, 46, 38, 45, 34, 30, 19]
[32, 16, 10, 10, 25, 34, 48, 32]
[35, 37, 31, 44, 35, 37, 20, 35]
[35, 35, 15, 29, 20, 35, 21, 19]
[35, 41, 47, 32, 40, 13, 4, 46]
[39, 24, 26, 21, 29, 41, 18, 51]
[21, 14, 31, 44, 52, 10, 32, 37]
[32, 29, 16, 46, 52, 38, 8, 21]
[23, 17, 32, 13, 8, 15, 31, 11]
[13, 40, 42, 20, 6, 8, 28, 45]
[11, 45, 6, 29, 44, 17, 41, 46]
[16, 48, 48, 24, 21, 9, 5, 32]
[43, 50, 42, 15, 32, 19, 37, 18]
[27, 46, 43, 12, 31, 21, 43, 44]
[45, 41, 28, 10, 40, 24, 20, 26]
[21, 42, 50, 8, 42, 14, 14, 41]
[8, 15, 40, 26, 48, 34, 31, 42]
[26, 14, 10, 42, 28, 28, 7, 12]
[39, 51, 26, 21, 30, 7, 13, 48]
[35, 16, 11, 14, 18, 12, 29, 22]
[38, 28, 25, 45, 8, 44, 26, 35]
[21, 37, 51, 13, 10, 14, 40, 31]
[25, 36, 40, 15, 44, 36, 7, 6]
[51, 22, 31, 36, 12, 31, 51, 37]
[30, 38, 10, 39, 43, 22, 25, 31]
[43, 19, 49, 31, 40, 52, 11, 14]
[26, 24, 52, 39, 7, 15, 34, 23]
[43, 14, 27, 32, 28, 41, 26, 50]
[40, 9, 18, 27, 24, 7, 38, 43]
[37, 43, 24, 20, 18, 27, 24, 33]
[50, 27, 17, 49, 41, 26, 6, 36]
[22, 24, 34, 22, 36, 32, 14, 23]
[26, 22, 21, 12, 12, 4, 40, 16]
[42, 23, 47, 39, 17, 38, 46, 15]
[43, 4, 27, 17, 25, 52, 16, 51]
[19, 27, 12, 15, 9, 45, 45, 48]
[12, 29, 48, 51, 50, 43, 50, 25]
[4, 9, 43, 27, 39, 27, 19, 27]
[40, 13, 44, 42, 29, 23, 28, 16]
[41, 5, 39, 34, 40, 28, 19, 35]
[28, 36, 14, 42, 10, 5, 37, 29]
[44, 43, 19, 41, 9, 46, 50, 33]
[36, 6, 27, 49, 46, 15, 35, 41]
[5, 17, 40, 31, 5, 45, 27, 11]
[42, 4, 17, 46, 15, 20, 15, 15]
[18, 10, 6, 21, 28, 40, 10, 28]
[28, 12, 12, 23, 49, 16, 13, 19]
[5, 15, 26, 52, 34, 11, 33, 49]
[17, 51, 52, 12, 17, 29, 27, 50]
[39, 11, 39, 30, 6, 19, 16, 31]
[29, 38, 17, 8, 34, 47, 12, 37]
[32, 35, 21, 34, 46, 6, 17, 13]
[4, 22, 7, 37, 22, 24, 17, 36]
[42, 45, 17, 16, 50, 19, 6, 7]
[44, 34, 34, 45, 48, 50, 17, 22]
[38, 35, 36, 26, 25, 31, 27, 13]
[48, 21, 46, 13, 40, 6, 16, 22]
[32, 27, 32, 23, 10, 42, 25, 14]
[42, 42, 11, 14, 6, 4, 18, 52]
[5, 42, 20, 31, 25, 20, 14, 13]
[46, 26, 6, 26, 30, 39, 13, 40]
[48, 30, 5, 28, 39, 20, 31, 23]
[31, 5, 49, 19, 36, 12, 21, 20]
[39, 20, 18, 38, 30, 47, 10, 39]
[14, 32, 43, 19, 23, 37, 8, 8]
[18, 44, 13, 49, 32, 17, 47, 49]
[51, 30, 37, 22, 30, 40, 20, 21]
[51, 30, 21, 6, 30, 17, 48, 44]
[39, 37, 35, 47, 44, 42, 45, 30]
[19, 46, 27, 13, 12, 31, 6, 12]
[36, 48, 50, 30, 4, 27, 13, 5]
[11, 34, 27, 20, 49, 28, 41, 17]
[25, 29, 33, 48, 38, 13, 51, 4]
[15, 16, 20, 43, 26, 41, 51, 29]
[6, 21, 37, 47, 7, 5, 37, 47]
[50, 31, 45, 37, 17, 26, 52, 18]
[7, 5, 14, 15, 26, 23, 44, 37]
[25, 39, 38, 29, 4, 20, 48, 11]
[34, 6, 27, 10, 21, 37, 28, 8]
[27, 13, 34, 18, 50, 40, 26, 38]
[45, 42, 39, 39, 40, 5, 24, 26]
[14, 19, 38, 32, 22, 48, 37, 41]
[40, 24, 31, 44, 40, 19, 23, 36]
[34, 40, 23, 51, 47, 10, 24, 14]
[48, 38, 20, 36, 15, 40, 30, 9]
[28, 40, 48, 4, 21, 7, 25, 31]
[18, 52, 42, 41, 4, 5, 36, 52]
[36, 22, 20, 10, 5, 26, 10, 6]
[34, 49, 41, 45, 26, 33, 52, 26]
[15, 8, 5, 17, 7, 8, 40, 8]
[26, 6, 7, 51, 42, 33, 38, 10]
[51, 50, 24, 48, 51, 10, 46, 26]
[46, 46, 20, 46, 42, 43, 27, 45]
[40, 22, 44, 48, 47, 33, 14, 30]
[28, 7, 28, 35, 40, 15, 23, 49]
[43, 24, 32, 10, 30, 46, 10, 51]
[5, 40, 5, 47, 36, 49, 35, 44]
[5, 44, 50, 21, 35, 22, 14, 17]
[27, 50, 41, 42, 12, 15, 32, 40]
[41, 22, 38, 25, 7, 33, 43, 19]
[28, 20, 14, 44, 38, 14, 13, 37]
[15, 25, 5, 26, 6, 14, 6, 5]
[24, 38, 14, 15, 22, 5, 26, 13]
[20, 22, 35, 49, 32, 28, 37, 11]
[7, 37, 45, 52, 10, 35, 33, 27]
[20, 12, 8, 27, 36, 28, 24, 19]
[16, 34, 20, 51, 37, 25, 37, 21]
