[12, 9, 4, 48, 9, 6, 31, 15]
[8, 10, 25, 46, 39, 35, 35, 22]
[39, 25, 35, 9, 5, 4, 45, 49]
[32, 52, 40, 28, 49, 14, 32, 25]
[16, 12, 51, 36, 46, 16, 30, 34]
[48, 23, 5, 6, 13, 21, 37, 16]
[44, 45, 34, 5, 40, 34, 43, 43]
[31, 42, 52, 10, 29, 7, 42, 24]
[7, 15, 19, 20, 8, 52, 10, 46]
[25, 34, 10, 8, 43, 36, 5, 17]
[51, 38, 48, 45, 24, 17, 33, 36]
[36, 4, 47, 16, 36, 40, 15, 8]
[28, 5, 46, 17, 45, 39, 52, 32]
[34, 14, 38, 7, 25, 23, 11, 6]
[14, 18, 21, 34, 10, 30, 20, 48]
[20, 43, 27, 47, 38, 31, 13, 40]
[50, 41, 43, 50, 28, 13, 23, 37]
[4, 20, 9, 27, 41, 46, 12, 39]
[40, 28, 31, 15, 26, 50, 7, 42]
[22, 48, 16, 18, 34, 47, 41, 5]
[26, 8, 26, 25, 22, 11, 48, 21]
[13, 49, 49, 41, 37, 28, 14, 28]
[49, 47, 30, 19, 44, 26, 46, 13]
[28, 40, 6, 31, 33, 48, 24, 35]
[33, 36, 17, 13, 18, 49, 29, 33]
[38, 35, 12, 51, 52, 38, 49, 30]
[45, 33, 14, 11, 7, 42, 28, 44]
[21, 31, 22, 52, 28, 32, 47, 51]
[10, 21, 24, 14, 12, 19, 27, 20]
[52, 19, 33, 32, 48, 33, 8, 50]
[46, 27, 39, 44, 11, 44, 28, 52]
[27, 32, 44, 35, 17, 12, 39, 27]
[30, 30, 15, 23, 50, 15, 34, 10]
[5, 26, 11, 12, 35, 27, 19, 9]
[41, 39, 7, 39, 14, 45, 40, 47]
[24, 28, 28, 43, 32, 20, 16, 23]
[11, 7, 32, 49, 15, 9, 44, 26]
[35, 44, 50, 22, 30, 41, 4, 12]
[47, 50, 13, 24, 21, 37, 25, 38]
[23, 24, 18, 30, 51, 51, 38, 28]
[9, 17, 8, 38, 16, 10, 22, 7]
[18, 29, 45, 37, 23, 24, 6, 18]
[43, 11, 20, 40, 6, 29, 26, 41]
[29, 37, 41, 26, 19, 8, 17, 4]
[42, 51, 29, 28, 4, 5, 9, 45]
[17, 16, 36, 42, 27, 25, 51, 11]
[37, 46, 28, 4, 20, 22, 50, 29]
[19, 6, 37, 33, 31, 18, 18, 31]
[15, 22, 42, 21, 47, 28, 36, 19]
[6, 13, 23, 29, 42, 43, 21, 14]
