[22, 49, 17, 16, 6, 30, 6, 24]
[41, 33, 22, 36, 22, 43, 33, 45]
[4, 13, 51, 49, 47, 29, 23, 36]
[28, 31, 38, 39, 4, 50, 9, 37]
[36, 13, 34, 14, 41, 9, 45, 15]
[12, 48, 50, 17, 39, 16, 4, 43]
[34, 27, 25, 40, 32, 45, 27, 19]
[24, 14, 32, 30, 19, 41, 8, 18]
[50, 14, 11, 9, 51, 10, 45, 14]
[13, 4, 13, 28, 38, 31, 32, 14]
[32, 15, 48, 4, 50, 50, 45, 23]
[33, 45, 26, 46, 33, 10, 21, 29]
[38, 11, 35, 7, 22, 28, 17, 34]
[4, 41, 14, 44, 6, 25, 36, 42]
[17, 44, 6, 25, 28, 9, 21, 33]
[44, 15, 25, 10, 20, 51, 27, 16]
[39, 11, 36, 21, 7, 18, 11, 39]
[44, 34, 50, 26, 6, 37, 24, 7]
[23, 4, 14, 28, 13, 49, 19, 22]
[10, 8, 6, 12, 7, 16, 39, 5]
[35, 35, 20, 23, 41, 43, 38, 28]
[13, 7, 21, 25, 43, 22, 17, 16]
[33, 4, 13, 23, 51, 41, 19, 34]
[51, 49, 48, 50, 10, 49, 43, 16]
[11, 20, 20, 14, 36, 39, 15, 23]
[17, 21, 47, 8, 20, 20, 44, 39]
[39, 23, 11, 47, 8, 51, 22, 19]
[5, 37, 46, 51, 10, 31, 35, 26]
[48, 5, 15, 37, 5, 45, 42, 27]
[48, 44, 21, 45, 27, 14, 28, 11]
[31, 39, 33, 35, 37, 33, 47, 9]
[8, 26, 22, 14, 25, 44, 42, 17]
[31, 29, 4, 52, 16, 11, 47, 39]
[28, 19, 5, 19, 20, 24, 50, 33]
[9, 34, 32, 6, 7, 33, 13, 41]
[10, 50, 26, 22, 37, 47, 31, 44]
[33, 21, 7, 28, 34, 29, 40, 41]
[16, 44, 46, 22, 23, 35, 5, 22]
[17, 34, 22, 39, 37, 25, 34, 32]
[39, 11, 24, 25, 27, 6, 15, 20]
[26, 47, 14, 7, 24, 15, 11, 8]
[45, 30, 28, 13, 35, 47, 34, 37]
[11, 11, 45, 51, 32, 11, 17, 14]
[36, 14, 19, 5, 14, 31, 36, 42]
[32, 45, 22, 38, 50, 26, 33, 28]
[47, 25, 29, 16, 49, 17, 40, 46]
[15, 52, 41, 31, 22, 15, 51, 37]
[16, 34, 47, 39, 33, 33, 45, 40]
[46, 45, 51, 5, 27, 15, 29, 43]
[13, 51, 43, 9, 15, 30, 17, 47]
[34, 33, 19, 42, 47, 9, 27, 15]
[13, 31, 14, 12, 20, 23, 46, 30]
[22, 21, 25, 11, 27, 18, 32, 4]
[7, 15, 38, 17, 33, 51, 50, 15]
[5, 38, 33, 23, 50, 34, 36, 36]
[14, 27, 48, 22, 44, 33, 8, 6]
[11, 17, 18, 30, 31, 21, 13, 42]
[21, 22, 38, 19, 40, 15, 42, 12]
[37, 22, 17, 21, 29, 16, 12, 14]
[34, 29, 23, 10, 17, 46, 4, 26]
[18, 23, 32, 14, 10, 50, 51, 38]
[8, 5, 8, 36, 35, 6, 13, 10]
[4, 20, 29, 8, 26, 41, 41, 37]
[38, 23, 9, 22, 46, 27, 51, 16]
[5, 21, 37, 13, 8, 50, 21, 12]
[15, 5, 9, 44, 49, 5, 33, 25]
[44, 27, 11, 9, 42, 37, 41, 8]
[41, 23, 40, 52, 21, 38, 41, 37]
[35, 52, 42, 39, 37, 45, 31, 51]
[13, 8, 14, 36, 48, 12, 19, 48]
[15, 30, 13, 11, 5, 30, 36, 18]
[51, 10, 34, 51, 21, 6, 27, 31]
[18, 37, 37, 52, 43, 36, 16, 24]
[37, 27, 40, 13, 9, 40, 4, 36]
[39, 47, 17, 46, 52, 17, 17, 36]
[38, 49, 40, 46, 32, 29, 36, 47]
[37, 16, 18, 41, 17, 33, 51, 6]
[30, 46, 26, 25, 4, 41, 49, 6]
[27, 33, 45, 33, 14, 7, 40, 44]
[50, 28, 27, 28, 37, 35, 41, 51]
[34, 50, 25, 14, 12, 17, 29, 14]
[16, 48, 7, 4, 39, 47, 18, 40]
[35, 23, 32, 31, 17, 48, 24, 15]
[10, 50, 4, 29, 29, 38, 36, 49]
[12, 27, 23, 47, 24, 19, 21, 19]
[34, 22, 22, 18, 48, 25, 8, 47]
[39, 40, 23, 7, 49, 26, 44, 21]
[20, 30, 21, 23, 15, 22, 20, 27]
[26, 41, 16, 6, 29, 26, 21, 38]
[24, 24, 50, 18, 44, 51, 28, 7]
[27, 43, 27, 52, 27, 28, 8, 30]
[24, 30, 42, 24, 52, 39, 32, 17]
[7, 40, 31, 29, 17, 44, 27, 35]
[42, 8, 38, 24, 29, 10, 15, 15]
[47, 11, 51, 7, 5, 47, 20, 12]
[30, 51, 32, 48, 24, 28, 35, 29]
[14, 10, 51, 22, 27, 41, 4, 20]
[26, 30, 4, 39, 29, 9, 10, 45]
[16, 43, 49, 29, 36, 43, 28, 33]
[34, 34, 12, 21, 41, 20, 41, 30]
[29, 50, 28, 8, 31, 51, 28, 16]
[34, 12, 4, 31, 45, 44, 44, 48]
[16, 32, 22, 31, 4, 34, 35, 10]
[40, 49, 24, 30, 4, 12, 36, 6]
[52, 33, 34, 9, 11, 42, 14, 8]
[32, 15, 4, 15, 4, 18, 25, 50]
[25, 11, 20, 34, 51, 52, 14, 16]
[51, 44, 8, 27, 27, 50, 11, 12]
[26, 16, 12, 46, 30, 4, 33, 24]
[5, 38, 21, 35, 21, 44, 5, 17]
[18, 45, 49, 16, 13, 14, 25, 35]
[27, 16, 35, 6, 37, 5, 43, 21]
[7, 34, 49, 25, 34, 14, 5, 11]
[42, 17, 14, 35, 36, 41, 12, 25]
[52, 35, 50, 35, 29, 36, 12, 17]
[13, 34, 16, 45, 52, 13, 50, 51]
[21, 42, 18, 38, 10, 29, 32, 28]
[19, 24, 30, 44, 5, 49, 46, 21]
[29, 24, 21, 11, 23, 20, 34, 20]
[25, 9, 29, 15, 42, 45, 17, 23]
[15, 20, 21, 8, 17, 41, 6, 10]
[8, 30, 44, 39, 34, 11, 5, 19]
[45, 19, 18, 14, 30, 22, 22, 43]
[34, 17, 34, 47, 24, 12, 9, 17]
[17, 20, 22, 47, 42, 52, 29, 20]
[14, 39, 29, 22, 41, 26, 24, 8]
[44, 8, 31, 12, 10, 45, 41, 19]
[23, 45, 17, 24, 5, 30, 49, 36]
[30, 12, 47, 41, 10, 28, 23, 51]
[7, 17, 15, 31, 44, 42, 46, 41]
[22, 29, 7, 31, 17, 33, 46, 45]
[49, 12, 5, 34, 41, 17, 39, 25]
[10, 46, 24, 12, 44, 37, 44, 21]
[16, 49, 47, 45, 52, 8, 49, 14]
[37, 40, 43, 41, 11, 35, 26, 21]
[43, 39, 44, 18, 9, 15, 9, 51]
[15, 26, 26, 6, 11, 26, 27, 44]
[41, 47, 18, 21, 40, 34, 22, 21]
[37, 45, 8, 47, 10, 22, 44, 41]
[8, 17, 47, 32, 52, 21, 23, 21]
[52, 27, 41, 46, 5, 39, 45, 39]
[24, 6, 35, 48, 39, 22, 27, 30]
[40, 52, 32, 21, 23, 37, 16, 4]
[12, 38, 21, 6, 50, 45, 4, 47]
[19, 6, 49, 40, 27, 16, 44, 37]
[23, 48, 34, 30, 10, 41, 12, 25]
[51, 33, 48, 49, 16, 22, 10, 14]
[10, 13, 10, 25, 44, 10, 41, 24]
[43, 20, 4, 50, 13, 21, 7, 20]
[14, 49, 12, 17, 44, 49, 18, 17]
[16, 23, 14, 19, 49, 27, 21, 5]
[6, 48, 28, 25, 12, 35, 4, 40]
[13, 44, 28, 31, 26, 30, 31, 50]
[21, 44, 31, 30, 4, 4, 22, 32]
[7, 29, 8, 21, 24, 25, 9, 34]
[22, 8, 28, 29, 22, 25, 13, 8]
[9, 13, 8, 25, 11, 25, 19, 11]
[11, 10, 28, 27, 5, 13, 28, 36]
[20, 40, 13, 6, 43, 14, 10, 16]
[50, 12, 28, 9, 45, 22, 16, 9]
[27, 8, 49, 9, 39, 34, 16, 18]
[41, 14, 20, 48, 15, 19, 50, 28]
[20, 40, 11, 27, 31, 51, 9, 37]
[36, 5, 41, 37, 15, 20, 37, 42]
[37, 20, 16, 15, 32, 4, 24, 22]
[39, 28, 49, 52, 22, 48, 40, 38]
[25, 44, 42, 4, 15, 9, 52, 5]
[50, 31, 44, 36, 33, 5, 19, 24]
[50, 41, 35, 7, 13, 12, 25, 24]
[47, 33, 19, 37, 16, 13, 35, 37]
[16, 41, 41, 30, 42, 44, 7, 51]
[19, 22, 19, 24, 49, 38, 51, 15]
[15, 25, 8, 6, 19, 12, 50, 51]
[18, 52, 33, 11, 11, 10, 33, 46]
[33, 21, 18, 52, 14, 49, 4, 10]
[21, 9, 40, 41, 34, 43, 45, 47]
[43, 26, 26, 43, 31, 40, 46, 25]
[13, 49, 13, 9, 40, 30, 23, 13]
[45, 14, 15, 48, 42, 50, 26, 49]
[31, 43, 16, 29, 4, 42, 26, 37]
[17, 36, 30, 46, 47, 29, 50, 13]
[5, 38, 37, 36, 47, 15, 34, 50]
[13, 44, 12, 46, 40, 23, 38, 34]
[45, 17, 35, 30, 33, 4, 35, 40]
[32, 46, 12, 6, 34, 10, 23, 43]
[41, 11, 4, 49, 39, 23, 51, 31]
[16, 44, 9, 8, 4, 41, 33, 6]
[37, 28, 33, 48, 46, 24, 26, 45]
[43, 46, 15, 7, 44, 45, 11, 49]
[51, 38, 34, 20, 28, 13, 17, 31]
[23, 15, 9, 46, 12, 30, 36, 7]
[15, 20, 39, 45, 30, 51, 47, 11]
[11, 52, 18, 36, 12, 37, 37, 35]
[26, 7, 46, 25, 52, 39, 49, 35]
[42, 42, 29, 38, 35, 12, 23, 24]
[22, 13, 18, 5, 7, 35, 11, 31]
[40, 47, 24, 36, 15, 13, 32, 41]
[10, 20, 30, 32, 32, 27, 38, 51]
[45, 50, 50, 16, 13, 50, 24, 47]
[16, 15, 36, 39, 28, 18, 36, 52]
[25, 25, 49, 16, 26, 18, 48, 42]
[37, 31, 39, 50, 41, 45, 35, 44]
[40, 49, 24, 14, 30, 13, 25, 12]
[10, 52, 9, 31, 25, 40, 4, 36]
[43, 15, 36, 4, 42, 34, 42, 20]
[20, 7, 16, 47, 37, 13, 12, 51]
[49, 6, 49, 46, 22, 41, 32, 26]
[10, 26, 39, 31, 47, 32, 7, 42]
[10, 42, 48, 38, 46, 40, 22, 14]
[21, 38, 45, 51, 18, 44, 38, 18]
[49, 21, 28, 33, 12, 49, 39, 28]
[35, 41, 5, 27, 8, 22, 43, 4]
[37, 10, 40, 43, 16, 44, 44, 6]
[48, 32, 23, 18, 20, 25, 49, 10]
[39, 25, 18, 40, 23, 17, 50, 24]
[16, 35, 4, 14, 18, 34, 20, 42]
[20, 12, 7, 5, 20, 7, 49, 16]
[11, 25, 16, 5, 25, 48, 36, 14]
[6, 31, 5, 50, 31, 48, 16, 16]
[18, 44, 5, 20, 5, 26, 31, 19]
[25, 21, 9, 50, 41, 49, 38, 29]
[42, 38, 36, 26, 46, 52, 48, 14]
[11, 49, 47, 15, 5, 42, 41, 5]
[40, 35, 10, 13, 18, 8, 39, 47]
[4, 13, 17, 25, 4, 35, 4, 39]
[39, 33, 39, 50, 8, 38, 31, 6]
[46, 27, 9, 14, 31, 31, 47, 31]
[16, 5, 9, 20, 6, 36, 33, 42]
[45, 15, 38, 46, 36, 19, 14, 20]
[23, 26, 29, 13, 38, 20, 47, 48]
[8, 42, 17, 22, 33, 16, 29, 51]
[29, 36, 26, 29, 15, 22, 6, 33]
[31, 24, 46, 31, 21, 50, 6, 47]
[43, 30, 37, 41, 28, 40, 48, 26]
[25, 27, 34, 20, 52, 12, 43, 24]
[24, 28, 30, 7, 40, 16, 42, 5]
[40, 6, 24, 25, 12, 23, 26, 46]
[41, 9, 49, 32, 6, 28, 8, 15]
[12, 34, 46, 35, 4, 9, 28, 20]
[41, 48, 34, 6, 30, 42, 32, 36]
[44, 24, 38, 38, 32, 21, 47, 28]
[51, 22, 8, 8, 43, 39, 51, 52]
[11, 30, 43, 36, 14, 14, 38, 21]
[10, 27, 37, 44, 30, 44, 45, 18]
[44, 18, 16, 40, 13, 43, 27, 41]
[33, 52, 35, 43, 15, 36, 11, 34]
[9, 26, 27, 40, 51, 45, 25, 29]
[18, 43, 29, 38, 5, 10, 44, 40]
[51, 35, 38, 47, 12, 45, 38, 28]
[30, 17, 49, 44, 52, 34, 35, 48]
[14, 51, 47, 4, 24, 42, 52, 17]
[11, 22, 27, 30, 44, 11, 34, 13]
[39, 44, 49, 45, 50, 47, 33, 10]
[28, 16, 13, 16, 13, 16, 23, 16]
[22, 36, 20, 14, 26, 8, 25, 11]
[18, 49, 26, 52, 16, 41, 22, 51]
[9, 27, 36, 45, 49, 51, 14, 49]
[27, 25, 30, 6, 43, 40, 45, 39]
[40, 26, 13, 19, 19, 27, 38, 9]
[28, 25, 36, 14, 9, 6, 5, 39]
[5, 39, 21, 43, 31, 24, 29, 33]
[49, 21, 23, 22, 9, 28, 26, 19]
[52, 51, 14, 35, 12, 36, 49, 48]
[5, 37, 6, 46, 29, 13, 21, 44]
[11, 48, 42, 40, 23, 17, 12, 52]
[29, 11, 15, 6, 11, 30, 42, 33]
[24, 24, 4, 29, 48, 4, 23, 31]
[32, 35, 20, 45, 51, 31, 7, 30]
[37, 31, 28, 18, 41, 10, 25, 36]
[29, 27, 25, 35, 51, 6, 37, 17]
[14, 23, 37, 50, 50, 9, 22, 20]
[15, 52, 39, 24, 45, 39, 28, 45]
[29, 35, 35, 19, 14, 38, 37, 42]
[48, 48, 51, 32, 9, 21, 52, 22]
[26, 32, 16, 9, 25, 41, 22, 13]
[48, 39, 35, 20, 48, 40, 46, 49]
[12, 25, 31, 21, 17, 29, 46, 4]
[31, 39, 30, 24, 42, 11, 9, 52]
[28, 9, 48, 33, 27, 46, 41, 25]
[43, 39, 42, 7, 36, 42, 31, 34]
[19, 48, 19, 45, 45, 29, 51, 26]
[4, 18, 48, 49, 7, 7, 26, 26]
[52, 44, 52, 31, 9, 31, 24, 27]
[51, 14, 32, 10, 45, 47, 7, 20]
[6, 43, 39, 42, 46, 36, 50, 38]
[37, 17, 36, 35, 29, 23, 23, 42]
[49, 11, 6, 34, 51, 32, 8, 39]
[35, 5, 28, 8, 51, 47, 12, 40]
[6, 24, 8, 30, 34, 29, 18, 9]
[43, 20, 6, 23, 18, 52, 27, 7]
[21, 20, 51, 37, 43, 10, 34, 9]
[37, 24, 47, 40, 36, 27, 9, 38]
[50, 43, 50, 39, 32, 46, 8, 41]
[49, 30, 42, 23, 26, 8, 36, 4]
[5, 44, 14, 6, 47, 43, 46, 52]
[28, 44, 7, 48, 44, 33, 13, 41]
[31, 29, 51, 21, 27, 15, 13, 48]
[27, 9, 32, 13, 43, 36, 15, 41]
[14, 10, 24, 50, 5, 45, 5, 19]
[28, 40, 20, 16, 51, 48, 39, 51]
[46, 16, 23, 51, 18, 44, 44, 24]
[48, 9, 4, 32, 17, 18, 22, 34]
[22, 16, 44, 35, 14, 47, 26, 49]
[24, 47, 10, 16, 29, 52, 21, 46]
[39, 42, 7, 28, 50, 25, 21, 52]
[44, 9, 38, 34, 46, 11, 30, 5]
[42, 29, 18, 14, 43, 29, 10, 40]
[16, 32, 29, 23, 38, 48, 9, 52]
[13, 49, 31, 21, 36, 4, 17, 13]
[9, 18, 47, 20, 18, 46, 20, 45]
[43, 7, 11, 30, 15, 45, 29, 38]
[13, 37, 7, 10, 44, 9, 51, 19]
[18, 15, 17, 28, 40, 15, 23, 32]
[15, 9, 19, 35, 35, 37, 21, 34]
[40, 41, 5, 25, 16, 33, 33, 42]
[35, 28, 30, 13, 38, 42, 8, 29]
[46, 42, 35, 36, 10, 14, 25, 30]
[45, 24, 19, 18, 20, 8, 19, 29]
[25, 12, 11, 34, 36, 19, 49, 22]
[44, 16, 22, 14, 32, 35, 36, 7]
[5, 44, 21, 31, 50, 49, 30, 21]
[46, 32, 38, 20, 34, 6, 26, 51]
[22, 14, 21, 44, 32, 47, 23, 37]
[15, 19, 45, 9, 48, 30, 33, 6]
[44, 51, 5, 7, 52, 7, 9, 49]
[42, 39, 41, 26, 24, 34, 52, 25]
[45, 19, 32, 40, 8, 38, 47, 12]
[52, 48, 23, 24, 25, 41, 18, 35]
[23, 37, 7, 16, 20, 22, 11, 39]
[40, 12, 41, 51, 13, 51, 22, 46]
[30, 46, 4, 24, 7, 51, 28, 46]
[31, 24, 35, 4, 20, 21, 37, 4]
[27, 4, 25, 36, 33, 37, 40, 47]
[50, 42, 37, 24, 12, 18, 13, 23]
[26, 50, 14, 21, 26, 14, 13, 12]
[8, 12, 38, 37, 8, 5, 24, 9]
[6, 19, 44, 22, 22, 48, 31, 49]
[11, 28, 39, 37, 32, 28, 16, 13]
[5, 35, 25, 21, 26, 47, 33, 19]
[20, 35, 45, 38, 49, 26, 15, 40]
[9, 9, 14, 40, 7, 23, 13, 43]
[47, 33, 7, 11, 35, 52, 39, 26]
[23, 50, 33, 5, 28, 41, 9, 24]
[41, 22, 45, 44, 45, 52, 24, 34]
[30, 5, 43, 4, 32, 49, 46, 25]
[30, 16, 19, 13, 5, 49, 14, 42]
[48, 32, 11, 5, 41, 36, 19, 29]
[19, 39, 8, 44, 43, 34, 24, 35]
[20, 19, 37, 20, 6, 12, 23, 5]
[8, 10, 30, 33, 21, 32, 32, 14]
[41, 21, 9, 7, 22, 36, 6, 38]
[6, 6, 52, 45, 13, 24, 4, 6]
[44, 31, 24, 24, 4, 4, 12, 6]
[31, 35, 26, 48, 12, 5, 25, 11]
[49, 42, 29, 20, 28, 27, 35, 21]
[28, 43, 27, 42, 36, 50, 45, 34]
[23, 4, 37, 43, 21, 24, 20, 49]
[36, 19, 23, 17, 20, 46, 30, 48]
[23, 18, 20, 28, 45, 49, 38, 46]
[46, 5, 15, 35, 38, 31, 16, 14]
[35, 17, 10, 15, 45, 39, 14, 46]
[46, 24, 25, 12, 45, 20, 43, 51]
[37, 34, 18, 27, 12, 52, 22, 39]
[29, 28, 15, 22, 7, 41, 31, 50]
[31, 13, 23, 27, 44, 18, 15, 25]
[26, 43, 13, 36, 44, 52, 51, 4]
[7, 47, 11, 47, 18, 48, 17, 36]
[14, 7, 18, 48, 51, 31, 28, 45]
[9, 45, 43, 25, 14, 35, 28, 31]
[18, 42, 36, 51, 37, 12, 28, 16]
[9, 38, 33, 9, 15, 39, 18, 41]
[38, 24, 43, 47, 27, 41, 32, 48]
[42, 50, 45, 43, 22, 43, 25, 47]
[25, 28, 40, 43, 21, 30, 40, 30]
[8, 15, 18, 37, 43, 15, 20, 21]
[26, 6, 15, 52, 39, 43, 27, 21]
[17, 6, 17, 34, 47, 6, 41, 33]
[46, 48, 23, 17, 17, 37, 28, 32]
[20, 38, 6, 36, 27, 38, 24, 18]
[51, 24, 21, 15, 19, 10, 38, 48]
[47, 41, 30, 7, 51, 9, 32, 13]
[36, 7, 23, 45, 6, 26, 40, 15]
[31, 13, 51, 12, 51, 42, 15, 4]
[30, 8, 51, 18, 26, 34, 46, 8]
[29, 17, 39, 51, 8, 18, 5, 12]
[9, 22, 38, 27, 52, 19, 7, 8]
[38, 12, 22, 16, 20, 6, 11, 48]
[49, 13, 12, 46, 37, 32, 30, 10]
[34, 48, 33, 50, 4, 43, 30, 6]
[30, 16, 17, 19, 14, 7, 52, 15]
[27, 7, 30, 44, 29, 17, 11, 17]
[48, 22, 13, 14, 29, 35, 13, 49]
[19, 39, 51, 28, 15, 28, 52, 10]
[8, 41, 17, 31, 21, 40, 34, 50]
[22, 48, 19, 40, 15, 22, 32, 23]
[31, 36, 46, 32, 30, 28, 30, 15]
[12, 17, 30, 26, 24, 16, 25, 18]
[33, 16, 36, 5, 23, 7, 17, 36]
[49, 29, 17, 48, 43, 25, 52, 9]
[49, 42, 37, 52, 11, 47, 40, 4]
[40, 44, 48, 21, 31, 42, 9, 46]
[43, 49, 10, 15, 38, 19, 41, 7]
[22, 8, 27, 6, 42, 24, 32, 27]
[5, 6, 15, 28, 19, 16, 38, 35]
[38, 7, 39, 49, 36, 28, 41, 11]
[24, 10, 6, 18, 38, 33, 29, 5]
[7, 16, 44, 20, 47, 34, 30, 24]
[45, 45, 40, 41, 46, 43, 31, 43]
[5, 42, 39, 19, 21, 24, 47, 10]
[44, 38, 48, 32, 33, 11, 24, 34]
[51, 5, 39, 21, 6, 20, 7, 19]
[33, 4, 49, 51, 5, 40, 11, 38]
[33, 18, 23, 35, 25, 39, 21, 19]
[51, 42, 42, 52, 44, 33, 43, 21]
[44, 23, 26, 6, 31, 51, 15, 44]
[34, 32, 31, 42, 35, 19, 42, 4]
[44, 38, 52, 48, 40, 35, 46, 44]
[34, 37, 6, 44, 35, 5, 12, 51]
[5, 22, 19, 34, 13, 40, 40, 12]
[44, 33, 11, 51, 9, 13, 26, 28]
[19, 36, 31, 20, 38, 31, 45, 17]
[33, 12, 32, 42, 39, 9, 30, 43]
[34, 25, 32, 22, 7, 18, 31, 44]
[24, 8, 38, 33, 41, 49, 18, 42]
[19, 52, 25, 24, 52, 40, 16, 25]
[51, 38, 16, 6, 32, 26, 22, 38]
[11, 30, 47, 25, 49, 11, 6, 31]
[7, 43, 52, 36, 16, 33, 45, 28]
[40, 46, 44, 22, 17, 7, 52, 35]
[4, 8, 30, 16, 8, 20, 34, 24]
[26, 9, 42, 23, 20, 18, 32, 18]
[31, 41, 5, 36, 27, 47, 16, 31]
[4, 31, 50, 16, 9, 20, 39, 26]
[36, 14, 41, 26, 16, 49, 49, 32]
[49, 46, 8, 6, 30, 17, 20, 29]
[38, 18, 51, 12, 30, 44, 7, 22]
[49, 29, 25, 18, 44, 25, 11, 13]
[25, 47, 7, 10, 36, 37, 9, 18]
[24, 41, 14, 41, 20, 47, 31, 15]
[41, 41, 28, 10, 47, 15, 14, 38]
[49, 9, 30, 37, 40, 9, 45, 24]
[18, 43, 23, 10, 24, 5, 42, 23]
[22, 4, 27, 48, 33, 17, 6, 45]
[18, 29, 36, 7, 42, 33, 19, 12]
[9, 46, 19, 5, 51, 46, 49, 17]
[26, 28, 50, 19, 42, 34, 46, 4]
[38, 45, 8, 25, 49, 20, 10, 11]
[14, 48, 39, 47, 40, 28, 20, 28]
[14, 32, 4, 28, 30, 21, 49, 30]
[19, 19, 40, 15, 22, 15, 44, 21]
[12, 27, 25, 10, 44, 45, 48, 34]
[29, 14, 16, 22, 11, 18, 42, 35]
[40, 42, 38, 20, 45, 50, 41, 31]
[17, 20, 44, 5, 26, 32, 47, 18]
[35, 51, 27, 46, 8, 42, 37, 33]
[30, 35, 42, 11, 24, 37, 26, 16]
[52, 25, 39, 37, 44, 46, 7, 7]
[20, 7, 31, 11, 10, 4, 39, 35]
[17, 23, 12, 31, 35, 8, 41, 14]
[47, 31, 21, 47, 19, 9, 50, 15]
[46, 51, 40, 22, 15, 4, 52, 10]
[40, 47, 26, 22, 31, 38, 45, 10]
[21, 39, 17, 18, 39, 27, 34, 26]
[36, 30, 11, 37, 31, 5, 50, 18]
[16, 26, 16, 34, 22, 32, 4, 44]
[27, 32, 29, 22, 31, 40, 52, 47]
[42, 20, 35, 19, 31, 37, 47, 23]
[21, 5, 36, 32, 28, 12, 43, 40]
[12, 25, 31, 24, 24, 36, 37, 42]
[23, 32, 37, 9, 34, 39, 52, 37]
[36, 28, 39, 42, 9, 21, 28, 29]
[47, 31, 6, 6, 49, 8, 5, 33]
[32, 41, 45, 38, 5, 18, 39, 13]
[32, 18, 52, 19, 23, 45, 44, 36]
[4, 19, 27, 51, 22, 5, 25, 15]
[36, 22, 35, 32, 23, 17, 15, 19]
[24, 26, 16, 46, 47, 44, 5, 49]
[32, 30, 18, 46, 16, 46, 14, 16]
[32, 12, 49, 38, 41, 9, 22, 41]
[39, 14, 45, 34, 40, 36, 19, 8]
[39, 30, 12, 19, 14, 37, 17, 25]
[28, 19, 4, 39, 5, 38, 36, 31]
[23, 42, 47, 33, 52, 22, 37, 4]
[16, 10, 6, 11, 16, 14, 26, 35]
[21, 29, 43, 26, 4, 23, 42, 19]
[8, 18, 7, 37, 24, 33, 48, 30]
[7, 43, 9, 23, 11, 4, 31, 5]
[12, 47, 6, 38, 50, 51, 16, 7]
[27, 37, 19, 15, 44, 27, 26, 52]
[48, 26, 34, 11, 11, 15, 9, 23]
[17, 12, 36, 42, 23, 24, 48, 37]
[22, 16, 51, 5, 9, 44, 20, 32]
[5, 35, 9, 21, 12, 38, 30, 9]
[12, 19, 13, 23, 50, 35, 40, 35]
[7, 26, 31, 52, 37, 34, 34, 50]
[37, 45, 20, 5, 23, 26, 15, 26]
[31, 45, 42, 15, 47, 46, 10, 41]
[15, 33, 47, 49, 13, 4, 32, 42]
[35, 32, 11, 11, 46, 33, 5, 37]
[20, 6, 41, 44, 27, 28, 29, 5]
[39, 45, 37, 50, 6, 13, 39, 18]
[48, 6, 8, 26, 46, 43, 33, 50]
[45, 36, 7, 35, 14, 32, 30, 29]
[32, 38, 13, 15, 32, 32, 43, 24]
[20, 5, 42, 42, 15, 4, 19, 15]
[42, 18, 33, 18, 40, 6, 5, 12]
[31, 51, 19, 33, 17, 42, 43, 26]
[37, 19, 11, 39, 25, 49, 39, 49]
[5, 20, 34, 17, 17, 23, 27, 37]
[13, 43, 20, 29, 29, 22, 8, 29]
[7, 24, 15, 49, 48, 16, 24, 27]
[52, 29, 51, 42, 9, 39, 16, 16]
[12, 17, 19, 41, 39, 37, 28, 29]
[33, 33, 33, 29, 9, 31, 34, 17]
[32, 32, 32, 30, 42, 20, 44, 41]
[37, 38, 46, 16, 27, 13, 15, 15]
[33, 16, 10, 18, 28, 28, 12, 47]
[10, 35, 25, 26, 46, 19, 35, 5]
[8, 41, 45, 23, 33, 18, 45, 45]
[19, 28, 19, 43, 35, 43, 25, 15]
[25, 11, 5, 50, 10, 17, 41, 46]
[43, 36, 8, 10, 48, 45, 28, 9]
[14, 46, 14, 38, 37, 30, 38, 47]
[38, 27, 41, 33, 24, 29, 48, 14]
[24, 46, 8, 14, 45, 44, 29, 47]
[30, 41, 9, 52, 50, 42, 21, 27]
[30, 32, 17, 48, 8, 14, 6, 11]
[37, 21, 21, 35, 23, 45, 7, 4]
[29, 36, 7, 48, 5, 12, 27, 32]
[33, 14, 36, 48, 9, 38, 18, 22]
[45, 49, 51, 33, 10, 31, 15, 9]
[6, 26, 13, 29, 13, 46, 18, 6]
[10, 9, 15, 48, 40, 39, 49, 46]
[9, 47, 21, 40, 41, 44, 50, 16]
[14, 11, 38, 49, 11, 37, 12, 24]
[42, 25, 39, 42, 32, 29, 26, 14]
[38, 21, 49, 16, 22, 44, 51, 45]
[41, 30, 45, 52, 37, 52, 20, 36]
[50, 14, 13, 8, 23, 38, 27, 23]
[7, 28, 50, 6, 22, 6, 28, 40]
[50, 36, 33, 24, 49, 12, 15, 27]
[36, 10, 44, 36, 6, 19, 34, 37]
[19, 49, 14, 45, 10, 24, 6, 12]
[14, 25, 29, 13, 25, 16, 50, 28]
[18, 18, 52, 11, 28, 12, 45, 52]
[9, 37, 10, 8, 46, 25, 45, 50]
[25, 17, 40, 12, 23, 30, 49, 9]
[42, 4, 5, 29, 7, 27, 52, 50]
[22, 50, 43, 26, 43, 43, 5, 46]
[15, 31, 19, 10, 45, 21, 10, 48]
[25, 19, 33, 34, 36, 13, 18, 44]
[4, 44, 45, 10, 7, 25, 8, 16]
[12, 34, 32, 27, 4, 49, 8, 50]
[46, 51, 9, 49, 29, 14, 7, 46]
[22, 23, 43, 18, 33, 25, 39, 13]
[38, 15, 43, 26, 13, 40, 48, 32]
[18, 19, 27, 17, 38, 47, 35, 33]
[25, 39, 31, 51, 17, 46, 51, 37]
[32, 4, 37, 35, 13, 9, 38, 16]
[13, 51, 30, 41, 18, 27, 14, 32]
[28, 9, 51, 8, 51, 6, 44, 17]
[52, 25, 36, 15, 11, 7, 7, 22]
[40, 34, 17, 12, 24, 25, 40, 7]
[41, 17, 5, 10, 50, 47, 7, 45]
[17, 47, 52, 4, 13, 36, 37, 28]
[8, 5, 24, 17, 43, 10, 23, 5]
[21, 26, 23, 4, 12, 30, 41, 23]
[19, 8, 31, 34, 34, 8, 49, 31]
[48, 23, 24, 21, 29, 5, 9, 34]
[16, 18, 43, 6, 29, 45, 8, 45]
[42, 50, 21, 24, 48, 42, 9, 32]
[9, 28, 22, 20, 46, 14, 14, 8]
[29, 22, 13, 9, 42, 52, 27, 52]
[4, 40, 13, 12, 32, 21, 47, 27]
[30, 52, 48, 9, 52, 35, 43, 14]
[8, 27, 22, 49, 40, 16, 51, 9]
[44, 40, 44, 21, 42, 22, 15, 18]
[35, 7, 31, 4, 18, 35, 37, 27]
[42, 39, 39, 29, 45, 39, 17, 49]
[30, 26, 5, 35, 33, 11, 47, 27]
[36, 8, 15, 32, 7, 4, 33, 45]
[10, 40, 21, 30, 28, 22, 19, 14]
[40, 21, 44, 18, 8, 48, 48, 52]
[23, 33, 50, 49, 18, 7, 40, 47]
[8, 22, 10, 20, 11, 47, 22, 13]
[43, 46, 40, 41, 47, 40, 17, 17]
[7, 23, 25, 24, 33, 50, 6, 26]
[7, 48, 11, 44, 44, 48, 18, 30]
[43, 9, 28, 52, 10, 43, 12, 8]
[47, 38, 50, 51, 49, 5, 46, 22]
[48, 32, 5, 47, 35, 24, 5, 49]
[4, 32, 17, 7, 33, 31, 20, 48]
[4, 52, 35, 9, 20, 5, 48, 35]
[17, 51, 44, 31, 50, 52, 48, 43]
[29, 19, 52, 30, 35, 50, 6, 40]
[47, 46, 4, 26, 48, 50, 8, 29]
[16, 46, 11, 43, 26, 36, 16, 6]
[28, 47, 5, 37, 19, 51, 7, 8]
[34, 36, 41, 30, 14, 29, 51, 51]
[46, 40, 38, 18, 6, 6, 21, 22]
[20, 27, 42, 29, 32, 19, 41, 6]
[24, 23, 26, 10, 28, 8, 22, 34]
[45, 45, 42, 50, 13, 22, 34, 7]
[14, 52, 17, 12, 11, 27, 19, 33]
[43, 5, 44, 28, 32, 15, 15, 41]
[26, 29, 51, 17, 46, 22, 18, 18]
[32, 5, 10, 49, 52, 15, 44, 8]
[4, 14, 33, 4, 38, 15, 42, 29]
[15, 35, 24, 42, 38, 34, 42, 13]
[48, 24, 12, 21, 40, 18, 4, 50]
[45, 45, 13, 13, 51, 38, 20, 43]
[41, 13, 16, 14, 15, 44, 10, 34]
[21, 18, 29, 37, 35, 28, 39, 50]
[24, 29, 46, 50, 34, 42, 51, 11]
[20, 25, 26, 36, 28, 39, 20, 33]
[22, 46, 40, 15, 25, 10, 20, 40]
[26, 37, 50, 15, 45, 45, 42, 21]
[35, 5, 20, 11, 30, 16, 47, 19]
[28, 6, 16, 40, 42, 40, 43, 6]
[31, 32, 44, 27, 20, 24, 18, 25]
[25, 27, 29, 19, 14, 24, 27, 16]
[46, 11, 50, 27, 31, 51, 41, 21]
[48, 26, 4, 28, 43, 20, 6, 12]
[19, 27, 24, 25, 8, 48, 32, 9]
[36, 15, 10, 34, 29, 44, 51, 26]
[9, 51, 28, 7, 12, 46, 37, 36]
[36, 7, 9, 20, 32, 14, 46, 38]
[38, 15, 16, 10, 4, 25, 46, 27]
[15, 26, 40, 26, 51, 15, 13, 24]
[6, 26, 28, 10, 14, 34, 40, 45]
[33, 46, 52, 51, 50, 26, 52, 8]
[17, 34, 46, 27, 25, 45, 16, 40]
[26, 40, 19, 40, 14, 48, 52, 20]
[49, 51, 43, 28, 21, 40, 38, 37]
[35, 15, 31, 6, 34, 37, 6, 27]
[41, 4, 47, 44, 29, 20, 29, 49]
[25, 11, 34, 4, 6, 10, 19, 35]
[10, 50, 52, 23, 5, 37, 15, 33]
[21, 38, 17, 26, 38, 36, 6, 29]
[52, 22, 44, 5, 10, 36, 22, 7]
[32, 31, 18, 13, 20, 10, 4, 31]
[28, 37, 13, 45, 17, 21, 6, 50]
[46, 31, 50, 52, 39, 27, 30, 44]
[21, 23, 30, 35, 16, 6, 35, 47]
[18, 21, 38, 25, 50, 40, 7, 44]
[38, 30, 10, 8, 34, 38, 5, 24]
[44, 7, 9, 47, 49, 38, 24, 9]
[50, 7, 15, 28, 43, 23, 43, 16]
[4, 39, 5, 29, 36, 26, 29, 5]
[29, 21, 29, 24, 35, 17, 31, 34]
[36, 46, 15, 51, 50, 8, 10, 41]
[39, 52, 52, 21, 32, 13, 47, 22]
[28, 8, 31, 36, 24, 23, 26, 50]
[23, 30, 18, 25, 36, 26, 35, 44]
[10, 22, 27, 15, 37, 39, 44, 39]
[44, 20, 28, 13, 14, 51, 43, 33]
[46, 37, 46, 41, 18, 19, 43, 41]
[33, 10, 20, 10, 5, 19, 10, 4]
[8, 28, 33, 37, 16, 28, 8, 25]
[25, 12, 16, 51, 9, 31, 16, 18]
[36, 31, 16, 49, 19, 38, 48, 26]
[43, 28, 32, 40, 15, 31, 52, 42]
[38, 51, 22, 23, 24, 7, 31, 43]
[5, 4, 49, 52, 26, 17, 10, 27]
[40, 4, 38, 40, 9, 42, 31, 23]
[48, 12, 23, 34, 29, 24, 23, 7]
[6, 14, 30, 17, 49, 42, 32, 9]
[10, 19, 33, 25, 25, 37, 42, 8]
[32, 14, 11, 13, 27, 50, 51, 15]
[44, 27, 10, 8, 42, 34, 38, 31]
[47, 32, 21, 41, 30, 20, 17, 4]
[6, 4, 28, 45, 6, 17, 25, 23]
[45, 22, 26, 44, 50, 12, 48, 13]
[51, 20, 32, 22, 52, 16, 50, 46]
[18, 35, 30, 41, 41, 17, 20, 40]
[51, 43, 24, 34, 7, 51, 6, 43]
[28, 39, 27, 38, 15, 28, 17, 17]
[41, 9, 46, 40, 22, 44, 14, 12]
[42, 52, 52, 17, 19, 44, 39, 11]
[14, 49, 14, 37, 25, 6, 29, 46]
[51, 10, 7, 45, 26, 52, 52, 38]
[41, 10, 49, 40, 8, 26, 38, 48]
[51, 12, 50, 19, 17, 43, 5, 12]
[52, 33, 7, 8, 22, 4, 46, 14]
[47, 27, 42, 34, 24, 49, 21, 18]
[6, 12, 35, 17, 43, 22, 18, 25]
[7, 37, 20, 47, 35, 49, 15, 43]
[21, 19, 46, 4, 48, 44, 14, 35]
[41, 31, 22, 38, 26, 27, 32, 8]
[22, 5, 37, 39, 22, 23, 52, 22]
[27, 26, 47, 5, 45, 9, 27, 47]
[32, 51, 34, 49, 31, 7, 19, 48]
[27, 28, 24, 15, 46, 8, 12, 34]
[8, 46, 21, 13, 8, 16, 24, 36]
[32, 32, 36, 17, 19, 20, 22, 19]
[16, 39, 29, 32, 42, 9, 37, 29]
[27, 50, 27, 26, 27, 23, 7, 28]
[28, 23, 43, 47, 46, 36, 34, 41]
[49, 14, 47, 42, 49, 18, 4, 10]
[50, 4, 9, 37, 34, 9, 34, 50]
[51, 18, 14, 27, 40, 18, 36, 31]
[29, 22, 28, 45, 19, 4, 21, 30]
[47, 6, 19, 51, 48, 43, 20, 38]
[52, 33, 4, 17, 21, 7, 38, 39]
[47, 10, 36, 45, 23, 12, 17, 52]
[31, 52, 49, 43, 5, 38, 44, 7]
[24, 40, 4, 50, 20, 33, 29, 33]
[44, 5, 28, 13, 38, 6, 48, 12]
[36, 49, 5, 40, 35, 4, 22, 10]
[34, 39, 13, 15, 26, 51, 19, 11]
[46, 15, 37, 44, 31, 4, 51, 43]
[41, 39, 4, 50, 11, 30, 30, 44]
[15, 35, 31, 33, 27, 7, 37, 30]
[4, 33, 27, 24, 30, 48, 4, 33]
[23, 23, 51, 48, 17, 28, 32, 37]
[38, 5, 25, 22, 16, 7, 18, 9]
[4, 46, 41, 32, 37, 32, 51, 44]
[28, 13, 50, 23, 34, 29, 23, 7]
[45, 37, 12, 47, 10, 27, 48, 5]
[22, 29, 48, 52, 23, 35, 46, 42]
[26, 14, 17, 16, 46, 46, 37, 17]
[47, 36, 44, 15, 6, 26, 19, 7]
[12, 16, 33, 34, 48, 36, 36, 40]
[20, 18, 20, 52, 41, 6, 6, 10]
[25, 34, 21, 12, 41, 39, 39, 22]
[35, 50, 5, 37, 26, 23, 47, 18]
[6, 21, 16, 47, 24, 46, 27, 9]
[31, 34, 12, 39, 50, 10, 28, 22]
[46, 13, 50, 44, 28, 30, 12, 29]
[42, 45, 39, 51, 41, 7, 11, 35]
[17, 21, 34, 44, 29, 14, 10, 20]
[14, 13, 29, 42, 41, 34, 50, 44]
[7, 39, 34, 46, 13, 16, 42, 11]
[11, 12, 52, 10, 52, 39, 31, 28]
[52, 7, 35, 27, 18, 31, 33, 40]
[9, 41, 45, 30, 18, 6, 40, 8]
[49, 36, 32, 37, 6, 23, 43, 51]
[28, 7, 29, 43, 15, 8, 35, 27]
[33, 8, 4, 39, 16, 48, 13, 15]
[16, 50, 38, 43, 37, 20, 6, 27]
[50, 22, 40, 40, 37, 20, 36, 8]
[10, 28, 19, 5, 31, 52, 4, 51]
[36, 50, 22, 13, 19, 51, 50, 21]
[50, 24, 24, 5, 6, 46, 42, 36]
[18, 46, 29, 32, 51, 21, 46, 24]
[23, 6, 25, 32, 17, 32, 7, 27]
[50, 36, 10, 15, 33, 41, 9, 25]
[11, 18, 52, 24, 4, 34, 12, 11]
[21, 6, 20, 18, 52, 33, 50, 26]
[46, 17, 47, 52, 7, 36, 7, 10]
[19, 45, 40, 33, 19, 8, 21, 36]
[34, 34, 24, 11, 35, 27, 20, 44]
[23, 20, 48, 28, 50, 17, 40, 6]
[22, 20, 33, 33, 28, 13, 5, 11]
[38, 41, 18, 43, 37, 7, 25, 39]
[21, 48, 8, 38, 25, 23, 45, 6]
[15, 26, 46, 7, 10, 51, 35, 50]
[6, 17, 42, 27, 25, 51, 12, 39]
[8, 41, 41, 17, 45, 7, 15, 30]
[34, 43, 45, 22, 39, 33, 39, 52]
[12, 11, 25, 30, 49, 21, 22, 13]
[51, 29, 29, 16, 50, 37, 11, 30]
[34, 25, 11, 38, 41, 10, 50, 11]
[42, 12, 6, 23, 28, 28, 17, 44]
[5, 36, 37, 47, 14, 36, 40, 49]
[29, 25, 51, 41, 8, 13, 44, 4]
[43, 34, 23, 23, 39, 32, 50, 12]
[17, 45, 47, 43, 21, 4, 42, 5]
[5, 51, 10, 48, 34, 14, 10, 40]
[22, 6, 37, 14, 19, 10, 35, 31]
[47, 47, 12, 23, 43, 30, 11, 5]
[50, 40, 5, 12, 20, 32, 4, 23]
[12, 48, 34, 36, 47, 21, 25, 28]
[6, 12, 41, 39, 6, 38, 48, 51]
[20, 5, 12, 11, 21, 38, 29, 33]
[12, 15, 52, 19, 28, 21, 35, 20]
[18, 31, 6, 8, 31, 26, 16, 52]
[13, 41, 30, 29, 17, 31, 33, 4]
[47, 6, 12, 39, 10, 29, 17, 22]
[30, 11, 43, 41, 39, 46, 34, 50]
[23, 34, 51, 48, 33, 35, 38, 24]
[19, 13, 10, 12, 25, 33, 47, 39]
[13, 19, 27, 44, 4, 12, 15, 23]
[5, 17, 12, 28, 42, 35, 13, 20]
[40, 10, 10, 46, 22, 21, 45, 10]
[36, 20, 24, 24, 45, 49, 43, 25]
[51, 48, 52, 11, 35, 35, 27, 46]
[33, 45, 45, 52, 30, 21, 19, 38]
[40, 4, 42, 19, 33, 27, 26, 26]
[18, 16, 7, 42, 19, 5, 49, 43]
[11, 32, 15, 44, 7, 33, 27, 20]
[6, 16, 8, 22, 19, 26, 28, 5]
[32, 30, 44, 30, 13, 52, 21, 31]
[21, 36, 10, 36, 27, 5, 32, 45]
[46, 31, 7, 38, 25, 7, 16, 13]
[31, 43, 49, 4, 26, 28, 23, 32]
[9, 50, 48, 11, 19, 47, 27, 46]
[31, 35, 43, 48, 12, 19, 33, 12]
[20, 16, 46, 51, 39, 6, 18, 30]
[35, 20, 35, 17, 7, 47, 46, 40]
[29, 16, 41, 23, 46, 52, 11, 4]
[29, 6, 34, 13, 38, 48, 33, 4]
[27, 23, 10, 33, 46, 16, 21, 5]
[4, 22, 38, 18, 41, 19, 30, 6]
[30, 34, 48, 10, 30, 49, 52, 17]
[33, 16, 36, 22, 23, 34, 38, 37]
[50, 14, 28, 42, 17, 19, 19, 52]
[34, 34, 52, 41, 45, 35, 48, 20]
[47, 8, 9, 37, 12, 48, 12, 30]
[24, 13, 34, 5, 49, 20, 10, 32]
[20, 36, 52, 9, 9, 23, 37, 26]
[10, 10, 26, 8, 41, 31, 11, 28]
[27, 13, 40, 37, 19, 5, 25, 27]
[12, 48, 31, 21, 17, 28, 39, 46]
[17, 42, 6, 4, 18, 12, 41, 33]
[42, 11, 9, 39, 48, 30, 43, 32]
[50, 44, 15, 27, 49, 24, 16, 17]
[51, 12, 24, 42, 23, 12, 24, 50]
[13, 30, 43, 43, 29, 50, 40, 22]
[42, 15, 5, 18, 38, 34, 49, 11]
[15, 24, 13, 14, 42, 20, 47, 7]
[24, 17, 11, 9, 39, 48, 32, 32]
[18, 29, 43, 32, 20, 38, 34, 34]
[24, 43, 22, 12, 40, 14, 46, 49]
[45, 43, 10, 27, 34, 17, 14, 8]
[7, 37, 18, 13, 28, 11, 14, 19]
[8, 32, 23, 33, 30, 42, 22, 42]
[13, 24, 12, 41, 26, 13, 51, 36]
[19, 50, 46, 17, 35, 24, 15, 30]
[17, 9, 5, 14, 6, 12, 8, 7]
[27, 36, 37, 11, 27, 39, 40, 48]
[21, 37, 20, 26, 30, 39, 48, 45]
[48, 49, 36, 19, 49, 31, 47, 17]
[41, 4, 14, 5, 21, 27, 16, 50]
[19, 51, 28, 42, 34, 17, 10, 20]
[41, 8, 9, 4, 43, 37, 35, 43]
[36, 8, 48, 13, 4, 23, 23, 52]
[9, 29, 40, 42, 39, 50, 38, 41]
[39, 51, 17, 39, 40, 52, 23, 27]
[9, 15, 50, 44, 7, 30, 39, 9]
[50, 39, 10, 50, 52, 16, 5, 14]
[48, 5, 25, 27, 6, 32, 50, 39]
[38, 10, 23, 16, 52, 21, 9, 22]
[27, 17, 45, 9, 21, 5, 4, 38]
[7, 18, 23, 27, 40, 18, 9, 12]
[15, 49, 7, 50, 33, 41, 5, 34]
[14, 29, 43, 49, 48, 15, 36, 38]
[29, 4, 45, 30, 23, 17, 24, 48]
[17, 20, 39, 29, 32, 7, 43, 19]
[32, 21, 24, 28, 22, 15, 10, 32]
[47, 19, 49, 28, 11, 36, 45, 12]
[5, 38, 24, 26, 45, 40, 31, 32]
[6, 13, 18, 26, 14, 25, 24, 43]
[26, 23, 20, 42, 21, 50, 13, 32]
[17, 28, 50, 24, 46, 30, 24, 25]
[19, 36, 32, 27, 30, 27, 47, 23]
[48, 42, 34, 31, 18, 48, 12, 17]
[52, 6, 12, 43, 25, 7, 22, 40]
[40, 21, 46, 41, 4, 48, 13, 10]
[19, 23, 49, 24, 5, 15, 34, 52]
[19, 26, 25, 44, 20, 14, 20, 5]
[43, 9, 46, 11, 39, 6, 37, 30]
[26, 18, 26, 38, 16, 52, 12, 40]
[25, 38, 39, 7, 21, 17, 10, 29]
[23, 7, 21, 33, 16, 15, 6, 20]
[51, 40, 6, 50, 40, 46, 41, 45]
[19, 35, 33, 29, 18, 50, 20, 15]
[20, 31, 44, 38, 19, 43, 28, 25]
[17, 40, 52, 11, 47, 8, 18, 35]
[46, 38, 41, 36, 36, 46, 11, 24]
[30, 28, 48, 30, 36, 8, 29, 28]
[22, 35, 40, 31, 24, 19, 30, 44]
[39, 24, 33, 4, 34, 25, 7, 43]
[12, 10, 14, 9, 48, 13, 11, 32]
[46, 47, 12, 31, 21, 47, 52, 13]
[6, 14, 15, 19, 36, 15, 12, 10]
[11, 52, 33, 34, 4, 27, 13, 7]
[11, 42, 26, 32, 14, 21, 11, 38]
[29, 30, 48, 5, 39, 41, 40, 22]
[37, 6, 47, 4, 22, 23, 37, 29]
[35, 48, 43, 34, 34, 31, 39, 28]
[35, 25, 13, 8, 22, 37, 32, 47]
[33, 19, 45, 16, 14, 13, 50, 48]
[11, 27, 7, 45, 18, 24, 39, 16]
[16, 11, 41, 23, 34, 6, 19, 34]
[30, 51, 41, 42, 37, 40, 30, 18]
[24, 10, 34, 21, 36, 24, 49, 19]
[45, 51, 37, 14, 11, 5, 18, 23]
[43, 11, 19, 12, 52, 12, 5, 32]
[25, 24, 8, 10, 33, 11, 18, 23]
[9, 47, 42, 8, 23, 29, 43, 9]
[34, 11, 45, 49, 48, 14, 44, 48]
[34, 36, 4, 4, 48, 44, 13, 19]
[17, 33, 15, 11, 23, 34, 49, 37]
[26, 7, 46, 49, 5, 10, 10, 33]
[8, 9, 32, 34, 49, 32, 26, 51]
[44, 10, 27, 29, 18, 24, 37, 27]
[32, 41, 12, 49, 48, 26, 16, 15]
[23, 47, 22, 45, 12, 49, 28, 49]
[26, 4, 19, 46, 21, 19, 47, 8]
[39, 7, 29, 29, 38, 11, 37, 42]
[39, 52, 6, 8, 16, 30, 12, 42]
[28, 12, 44, 17, 9, 10, 20, 28]
[4, 18, 45, 28, 28, 46, 30, 32]
[13, 47, 52, 50, 38, 25, 44, 6]
[43, 39, 9, 43, 44, 5, 17, 45]
[36, 13, 27, 33, 46, 22, 18, 22]
[14, 49, 11, 7, 12, 26, 34, 26]
[9, 48, 42, 39, 42, 16, 17, 6]
[10, 36, 6, 12, 14, 18, 45, 48]
[37, 34, 41, 27, 24, 40, 48, 21]
[45, 25, 46, 10, 27, 7, 31, 46]
[35, 44, 32, 20, 7, 31, 13, 14]
[12, 42, 35, 15, 42, 39, 14, 10]
[41, 28, 42, 7, 46, 23, 36, 5]
[30, 15, 44, 26, 51, 46, 29, 31]
[24, 42, 22, 16, 47, 32, 14, 12]
[47, 35, 10, 18, 33, 8, 35, 7]
[45, 44, 27, 12, 36, 10, 30, 17]
[21, 43, 34, 19, 30, 17, 9, 18]
[12, 46, 17, 43, 35, 29, 14, 13]
[7, 47, 34, 46, 24, 13, 36, 23]
[15, 52, 41, 34, 47, 24, 35, 20]
[5, 33, 35, 39, 16, 43, 8, 35]
[10, 18, 41, 8, 21, 52, 26, 41]
[22, 30, 30, 8, 17, 41, 19, 26]
[49, 40, 40, 41, 9, 24, 33, 22]
[29, 40, 46, 38, 47, 29, 18, 44]
[49, 10, 24, 16, 34, 46, 17, 41]
[23, 44, 26, 50, 37, 33, 14, 31]
[10, 27, 48, 33, 38, 22, 33, 45]
[35, 33, 26, 41, 43, 14, 43, 30]
[38, 22, 12, 20, 26, 19, 9, 27]
[33, 29, 20, 47, 6, 43, 14, 49]
[20, 51, 20, 9, 26, 32, 4, 15]
[27, 11, 40, 10, 38, 35, 51, 11]
[38, 46, 14, 17, 48, 5, 6, 45]
[47, 8, 36, 26, 48, 25, 15, 51]
[27, 7, 32, 32, 16, 11, 30, 39]
[52, 4, 44, 9, 9, 18, 21, 37]
[48, 45, 25, 32, 25, 9, 4, 11]
[25, 38, 16, 41, 18, 19, 30, 31]
[28, 47, 49, 29, 8, 37, 31, 29]
[37, 9, 22, 35, 40, 27, 35, 39]
[39, 33, 42, 32, 36, 9, 13, 43]
[6, 37, 30, 33, 51, 14, 29, 21]
[49, 15, 7, 23, 15, 48, 5, 30]
[39, 16, 46, 51, 8, 39, 42, 27]
[35, 6, 37, 12, 47, 8, 23, 35]
[52, 40, 18, 49, 13, 19, 33, 28]
[20, 22, 35, 47, 41, 41, 41, 39]
[39, 52, 48, 28, 49, 21, 8, 35]
[43, 24, 31, 30, 7, 4, 49, 36]
[37, 29, 27, 4, 7, 49, 7, 20]
[13, 23, 22, 20, 25, 8, 25, 22]
[52, 9, 8, 33, 19, 47, 44, 46]
[38, 41, 11, 19, 43, 24, 40, 7]
[52, 7, 51, 13, 39, 8, 29, 43]
[21, 50, 39, 12, 11, 19, 19, 44]
[18, 17, 31, 20, 29, 11, 48, 52]
[49, 37, 32, 32, 37, 43, 10, 52]
[45, 32, 26, 7, 47, 11, 36, 47]
[33, 31, 14, 33, 51, 16, 42, 5]
[48, 17, 22, 48, 13, 10, 37, 21]
[27, 13, 27, 7, 11, 23, 8, 52]
[6, 19, 16, 51, 18, 29, 52, 49]
[14, 8, 15, 39, 9, 4, 26, 13]
[13, 37, 41, 17, 39, 32, 42, 26]
[40, 43, 27, 20, 51, 32, 13, 11]
[24, 50, 11, 19, 44, 13, 29, 10]
[46, 4, 5, 18, 28, 11, 29, 39]
[27, 50, 48, 37, 12, 35, 5, 25]
[26, 31, 12, 5, 8, 32, 46, 7]
[32, 41, 22, 5, 30, 11, 21, 49]
[44, 14, 29, 34, 15, 29, 44, 41]
[15, 45, 31, 29, 10, 8, 49, 9]
[15, 5, 36, 26, 8, 26, 10, 13]
[52, 21, 43, 32, 44, 5, 34, 46]
[11, 21, 47, 38, 35, 29, 8, 13]
[4, 43, 6, 43, 10, 11, 25, 48]
[12, 13, 8, 15, 31, 52, 29, 25]
[50, 18, 17, 35, 28, 11, 23, 47]
[11, 40, 47, 7, 11, 5, 10, 38]
[8, 47, 20, 46, 12, 32, 16, 8]
[17, 10, 25, 17, 16, 11, 11, 19]
[50, 25, 23, 31, 31, 51, 24, 4]
[14, 42, 7, 45, 47, 25, 30, 36]
[31, 52, 6, 45, 32, 27, 24, 38]
[4, 33, 26, 27, 19, 50, 25, 32]
[49, 37, 8, 46, 45, 22, 14, 10]
[35, 40, 50, 31, 37, 42, 49, 23]
[30, 29, 35, 19, 8, 50, 37, 29]
[34, 37, 51, 49, 25, 12, 34, 50]
[7, 15, 33, 40, 15, 14, 39, 23]
[29, 49, 15, 35, 12, 45, 8, 18]
[42, 34, 6, 49, 7, 20, 24, 34]
[6, 37, 15, 39, 10, 29, 7, 33]
[52, 8, 37, 12, 26, 9, 31, 43]
[42, 7, 39, 25, 39, 42, 26, 38]
[7, 49, 38, 43, 38, 32, 27, 39]
