[4, 49, 51, 4, 5, 47, 25, 40]
[12, 29, 34, 35, 35, 37, 14, 38]
[52, 12, 15, 12, 23, 6, 42, 44]
[45, 40, 10, 18, 48, 20, 44, 45]
[35, 49, 34, 34, 11, 43, 7, 14]
[46, 14, 48, 20, 33, 19, 50, 52]
[34, 27, 4, 21, 14, 9, 4, 42]
[39, 4, 45, 32, 28, 31, 22, 51]
[16, 4, 51, 25, 27, 22, 27, 36]
[49, 37, 42, 38, 17, 42, 42, 33]
[9, 39, 6, 43, 22, 5, 8, 30]
[31, 25, 16, 42, 19, 48, 18, 38]
[32, 6, 22, 41, 45, 50, 15, 6]
[21, 16, 5, 12, 6, 25, 34, 15]
[26, 25, 24, 15, 6, 24, 16, 24]
[17, 23, 24, 6, 18, 40, 28, 39]
[44, 41, 48, 46, 36, 40, 12, 18]
[50, 9, 11, 14, 32, 35, 29, 19]
[5, 40, 49, 31, 32, 15, 36, 12]
[34, 17, 10, 16, 46, 39, 52, 46]
[36, 38, 44, 21, 8, 16, 40, 29]
[11, 44, 40, 39, 16, 29, 26, 26]
[21, 46, 40, 45, 15, 28, 19, 41]
[50, 13, 14, 10, 21, 26, 41, 22]
[28, 15, 17, 48, 16, 41, 36, 29]
[16, 50, 21, 52, 34, 19, 40, 12]
[8, 38, 6, 5, 44, 4, 39, 28]
[25, 35, 33, 41, 33, 41, 37, 7]
[10, 33, 31, 37, 38, 52, 13, 34]
[15, 16, 37, 32, 28, 51, 29, 4]
[52, 24, 9, 47, 42, 11, 23, 13]
[5, 8, 46, 47, 7, 33, 38, 42]
[28, 14, 35, 16, 11, 48, 22, 52]
[30, 32, 16, 36, 23, 36, 13, 17]
[23, 9, 37, 23, 34, 17, 18, 50]
[33, 31, 26, 9, 24, 8, 17, 47]
[43, 42, 39, 39, 9, 11, 11, 23]
[29, 16, 31, 14, 47, 20, 40, 13]
[10, 51, 19, 50, 47, 51, 33, 25]
[25, 11, 50, 27, 37, 38, 10, 20]
[39, 52, 33, 19, 5, 12, 20, 8]
[6, 12, 36, 6, 18, 21, 47, 27]
[41, 30, 36, 31, 27, 44, 45, 35]
[20, 36, 28, 26, 36, 31, 38, 22]
[12, 30, 46, 28, 9, 15, 24, 5]
[19, 5, 14, 37, 4, 29, 37, 10]
[43, 6, 47, 28, 40, 52, 23, 16]
[35, 45, 23, 13, 31, 16, 16, 18]
[38, 34, 9, 16, 37, 9, 9, 43]
[4, 37, 28, 29, 43, 34, 51, 37]
[44, 17, 26, 44, 10, 33, 34, 14]
[14, 45, 47, 22, 45, 36, 12, 33]
[9, 13, 23, 8, 35, 18, 30, 44]
[11, 33, 41, 7, 44, 37, 5, 31]
[32, 28, 19, 50, 12, 46, 10, 21]
[13, 5, 43, 40, 49, 27, 28, 8]
[42, 19, 13, 44, 50, 46, 35, 30]
[47, 10, 18, 17, 12, 12, 43, 21]
[22, 15, 20, 20, 42, 49, 27, 6]
[48, 18, 50, 51, 20, 30, 46, 36]
[23, 44, 30, 43, 40, 13, 49, 10]
[16, 48, 8, 30, 41, 6, 21, 16]
[42, 22, 8, 35, 4, 7, 17, 51]
[24, 34, 32, 48, 38, 10, 19, 32]
[47, 47, 18, 24, 16, 22, 47, 41]
[8, 23, 42, 4, 40, 40, 32, 43]
[51, 22, 12, 18, 50, 21, 31, 9]
[49, 26, 49, 33, 20, 35, 51, 4]
[41, 41, 27, 19, 7, 10, 20, 11]
[15, 21, 41, 40, 15, 4, 39, 34]
[7, 19, 43, 33, 8, 25, 4, 46]
[18, 20, 4, 52, 13, 30, 21, 31]
[40, 43, 20, 25, 26, 45, 52, 47]
[24, 50, 12, 51, 39, 32, 50, 40]
[17, 27, 13, 34, 52, 5, 6, 45]
[37, 42, 7, 49, 30, 44, 14, 7]
[27, 21, 35, 11, 22, 32, 5, 49]
[19, 51, 45, 8, 24, 7, 31, 50]
[48, 7, 17, 29, 49, 45, 26, 16]
[22, 10, 29, 46, 10, 17, 11, 48]
[30, 8, 15, 15, 31, 42, 46, 11]
[36, 26, 38, 7, 46, 27, 6, 35]
[33, 28, 5, 42, 29, 38, 33, 5]
[18, 7, 38, 27, 25, 13, 41, 15]
[29, 31, 22, 40, 51, 8, 7, 39]
[51, 20, 27, 9, 30, 23, 8, 49]
[31, 24, 25, 10, 48, 43, 9, 17]
[37, 39, 52, 13, 19, 50, 25, 37]
[7, 43, 11, 22, 26, 49, 32, 32]
[27, 18, 39, 17, 52, 26, 15, 24]
[38, 35, 16, 11, 17, 14, 43, 23]
[13, 29, 7, 23, 25, 23, 49, 20]
[40, 32, 40, 36, 29, 14, 44, 19]
[6, 48, 52, 45, 43, 34, 30, 40]
[45, 40, 29, 26, 39, 28, 35, 26]
[40, 47, 21, 5, 21, 39, 45, 28]
[14, 36, 25, 24, 51, 24, 16, 48]
[20, 46, 30, 38, 14, 18, 48, 25]
[46, 11, 44, 49, 41, 47, 48, 27]
[26, 52, 32, 30, 13, 16, 24, 9]
