[19, 12, 18, 11, 9, 42, 33, 21]
[36, 6, 30, 41, 25, 15, 33, 17]
[17, 20, 21, 45, 23, 34, 52, 50]
[28, 47, 6, 44, 42, 39, 7, 45]
[15, 46, 31, 31, 40, 16, 28, 35]
[39, 21, 27, 51, 28, 22, 33, 7]
[42, 44, 40, 15, 9, 22, 20, 14]
[10, 10, 27, 45, 37, 18, 6, 17]
[30, 29, 48, 29, 44, 23, 37, 49]
[11, 29, 39, 15, 41, 39, 29, 19]
[45, 38, 23, 35, 10, 25, 25, 21]
[36, 49, 8, 34, 27, 19, 4, 40]
[23, 4, 46, 11, 40, 38, 51, 17]
[42, 35, 11, 12, 26, 6, 30, 41]
[51, 18, 40, 24, 13, 49, 27, 4]
[39, 48, 24, 51, 48, 50, 16, 50]
[25, 49, 48, 19, 27, 16, 17, 6]
[20, 25, 48, 49, 27, 26, 36, 43]
[34, 49, 20, 41, 31, 29, 12, 44]
[36, 41, 21, 47, 34, 47, 37, 33]
[13, 39, 33, 10, 19, 50, 49, 18]
[46, 29, 21, 27, 5, 13, 41, 30]
[48, 18, 33, 9, 9, 4, 5, 11]
[26, 52, 8, 34, 37, 52, 37, 51]
[44, 26, 24, 7, 18, 34, 43, 39]
[29, 24, 4, 28, 44, 41, 23, 40]
[21, 30, 30, 13, 14, 5, 8, 30]
[16, 9, 52, 29, 36, 51, 25, 10]
[5, 17, 48, 46, 13, 17, 11, 48]
[25, 52, 49, 18, 12, 4, 13, 28]
[24, 20, 4, 47, 39, 21, 18, 30]
[46, 12, 32, 6, 16, 42, 39, 12]
[46, 24, 11, 31, 41, 43, 32, 44]
[7, 13, 24, 27, 8, 31, 49, 27]
[11, 41, 22, 44, 6, 38, 20, 15]
[38, 36, 43, 6, 20, 6, 9, 13]
[32, 7, 35, 45, 13, 51, 37, 6]
[38, 13, 42, 9, 24, 10, 40, 18]
[33, 52, 47, 21, 40, 31, 34, 44]
[18, 31, 23, 5, 18, 42, 15, 40]
[13, 44, 14, 36, 7, 38, 32, 39]
[18, 50, 12, 7, 51, 20, 44, 18]
[41, 45, 7, 51, 16, 48, 25, 13]
[25, 48, 40, 16, 4, 35, 46, 38]
[22, 22, 40, 18, 25, 20, 25, 4]
[13, 14, 15, 7, 51, 38, 42, 14]
[44, 51, 20, 38, 52, 12, 41, 44]
[36, 25, 47, 5, 51, 47, 40, 45]
[50, 7, 26, 7, 39, 42, 43, 26]
[15, 12, 46, 34, 14, 12, 24, 28]
[34, 25, 5, 16, 46, 44, 15, 18]
[11, 29, 20, 46, 50, 38, 8, 35]
[12, 39, 17, 12, 14, 24, 24, 43]
[40, 38, 20, 25, 33, 28, 20, 47]
[6, 34, 36, 43, 45, 4, 41, 16]
[4, 17, 47, 41, 50, 35, 36, 45]
[45, 30, 41, 45, 45, 49, 46, 42]
[21, 42, 26, 44, 35, 8, 11, 4]
[29, 21, 29, 29, 30, 12, 46, 10]
[12, 45, 14, 16, 5, 24, 25, 10]
[35, 43, 22, 13, 29, 31, 31, 16]
[25, 46, 7, 50, 35, 48, 50, 35]
[52, 35, 10, 39, 47, 42, 44, 7]
[27, 15, 6, 49, 23, 31, 48, 52]
[30, 43, 44, 12, 4, 22, 9, 6]
[10, 31, 14, 15, 46, 13, 34, 46]
[29, 39, 51, 46, 45, 50, 33, 17]
[11, 32, 25, 41, 6, 6, 27, 43]
[49, 41, 31, 12, 31, 13, 35, 20]
[14, 18, 11, 5, 27, 30, 37, 32]
[22, 17, 38, 13, 17, 17, 43, 34]
[5, 38, 39, 18, 6, 36, 44, 49]
[51, 20, 22, 20, 37, 26, 4, 9]
[5, 51, 16, 25, 6, 44, 19, 24]
[19, 41, 44, 18, 32, 8, 10, 38]
[30, 38, 11, 49, 50, 18, 27, 38]
[18, 4, 14, 8, 32, 4, 42, 29]
[14, 11, 45, 40, 7, 5, 8, 26]
[48, 14, 23, 9, 25, 49, 50, 24]
[43, 25, 31, 15, 37, 39, 50, 50]
[23, 25, 9, 4, 29, 14, 39, 49]
[18, 31, 21, 31, 25, 17, 22, 50]
[20, 16, 32, 23, 25, 18, 34, 15]
[13, 11, 10, 35, 15, 9, 43, 17]
[31, 5, 13, 8, 45, 18, 11, 27]
[37, 7, 41, 26, 25, 29, 28, 12]
[11, 9, 34, 21, 30, 45, 41, 41]
[26, 46, 7, 30, 38, 25, 52, 40]
[21, 9, 39, 5, 16, 20, 19, 47]
[41, 36, 52, 19, 21, 30, 9, 52]
[29, 8, 21, 44, 22, 20, 21, 33]
[39, 40, 34, 23, 50, 21, 39, 45]
[16, 38, 40, 5, 30, 42, 21, 48]
[23, 18, 37, 50, 46, 11, 16, 28]
[9, 18, 18, 25, 37, 30, 31, 20]
[36, 41, 25, 26, 24, 14, 22, 37]
[18, 38, 4, 32, 52, 40, 13, 8]
[38, 20, 41, 32, 16, 28, 8, 44]
[6, 13, 44, 4, 50, 46, 38, 41]
[11, 30, 15, 47, 7, 13, 10, 25]
[43, 10, 6, 38, 50, 6, 42, 14]
[44, 43, 45, 15, 43, 48, 39, 35]
[42, 49, 23, 39, 21, 51, 30, 26]
[12, 5, 8, 24, 33, 20, 26, 5]
[42, 16, 8, 13, 34, 49, 20, 14]
[8, 27, 16, 17, 47, 13, 35, 7]
[50, 37, 16, 17, 19, 16, 35, 16]
[32, 38, 13, 46, 4, 29, 31, 5]
[14, 29, 42, 9, 30, 50, 32, 45]
[46, 33, 19, 11, 26, 25, 35, 21]
[26, 4, 27, 7, 20, 42, 45, 31]
[52, 52, 28, 9, 47, 17, 21, 26]
[11, 23, 26, 21, 11, 19, 35, 14]
[45, 22, 38, 19, 8, 34, 36, 25]
[7, 34, 31, 4, 42, 16, 6, 50]
[30, 6, 10, 9, 10, 49, 15, 32]
[10, 40, 25, 13, 13, 11, 7, 46]
[33, 34, 50, 39, 48, 38, 51, 7]
[52, 17, 49, 12, 29, 41, 52, 8]
[17, 19, 21, 14, 7, 4, 48, 9]
[39, 46, 11, 13, 23, 34, 47, 10]
[47, 16, 36, 33, 41, 35, 10, 51]
[31, 42, 27, 14, 23, 25, 44, 25]
[33, 22, 29, 17, 39, 36, 24, 30]
[28, 14, 35, 52, 4, 16, 39, 25]
[44, 30, 36, 37, 40, 32, 6, 22]
[48, 4, 11, 40, 7, 10, 6, 30]
[13, 23, 41, 52, 10, 51, 9, 49]
[21, 31, 36, 4, 21, 46, 12, 6]
[37, 52, 9, 19, 35, 36, 40, 26]
[49, 52, 52, 14, 27, 23, 43, 32]
[12, 42, 45, 22, 44, 28, 4, 37]
[16, 34, 9, 16, 36, 10, 52, 52]
[33, 28, 29, 5, 31, 11, 21, 25]
[7, 25, 33, 20, 42, 7, 8, 24]
[26, 51, 29, 52, 46, 6, 5, 9]
[51, 15, 38, 46, 49, 49, 29, 29]
[15, 26, 51, 44, 41, 5, 35, 14]
[28, 25, 21, 48, 31, 32, 21, 38]
[33, 45, 41, 7, 49, 44, 50, 51]
[25, 23, 8, 27, 33, 50, 26, 26]
[31, 51, 25, 45, 39, 6, 47, 43]
[16, 4, 21, 20, 16, 22, 24, 46]
[24, 45, 19, 26, 34, 23, 36, 31]
[49, 6, 15, 30, 22, 35, 23, 52]
[28, 45, 20, 44, 8, 26, 11, 10]
[19, 4, 5, 30, 50, 46, 43, 42]
[51, 47, 52, 28, 21, 32, 5, 39]
[52, 23, 26, 14, 35, 37, 26, 23]
[24, 6, 11, 8, 51, 5, 48, 17]
[40, 16, 34, 30, 48, 33, 41, 35]
[42, 39, 49, 40, 15, 47, 48, 29]
[18, 35, 27, 6, 14, 35, 34, 17]
[21, 50, 35, 29, 8, 10, 11, 37]
[9, 18, 52, 4, 51, 4, 28, 42]
[4, 19, 26, 42, 32, 24, 49, 48]
[32, 48, 46, 28, 27, 16, 42, 5]
[26, 27, 23, 19, 51, 10, 9, 13]
[52, 39, 43, 31, 20, 35, 16, 12]
[31, 17, 22, 33, 49, 9, 23, 46]
[8, 11, 9, 44, 5, 13, 11, 47]
[24, 37, 27, 10, 23, 52, 7, 22]
[27, 11, 27, 41, 4, 52, 26, 7]
[47, 34, 7, 43, 17, 7, 14, 25]
[18, 46, 12, 26, 30, 49, 18, 8]
[40, 11, 13, 23, 45, 26, 49, 39]
[14, 25, 41, 8, 31, 16, 30, 42]
[26, 16, 39, 14, 35, 23, 12, 32]
[17, 22, 22, 27, 4, 37, 14, 30]
[6, 42, 25, 38, 34, 31, 6, 34]
[34, 36, 25, 33, 45, 12, 35, 32]
[32, 10, 17, 8, 42, 20, 25, 13]
[47, 31, 17, 13, 49, 41, 31, 26]
[8, 8, 28, 6, 46, 30, 15, 33]
[27, 33, 34, 20, 29, 18, 12, 29]
[27, 39, 40, 25, 16, 41, 38, 27]
[52, 45, 20, 14, 26, 13, 40, 22]
[21, 26, 41, 38, 26, 21, 40, 47]
[41, 14, 44, 31, 32, 30, 49, 22]
[36, 44, 49, 37, 10, 9, 6, 23]
[42, 4, 39, 40, 11, 48, 42, 13]
[21, 37, 47, 51, 11, 6, 5, 27]
[22, 34, 25, 35, 43, 44, 33, 7]
[25, 51, 35, 20, 43, 40, 35, 47]
[11, 30, 41, 22, 19, 15, 4, 22]
[33, 21, 30, 24, 14, 11, 23, 37]
[27, 21, 18, 31, 17, 4, 48, 39]
[47, 41, 14, 22, 8, 20, 22, 21]
[4, 45, 20, 45, 40, 37, 7, 12]
[40, 31, 46, 33, 15, 50, 18, 39]
[51, 39, 34, 16, 23, 19, 25, 10]
[39, 16, 33, 44, 25, 11, 14, 50]
[46, 23, 9, 11, 14, 26, 48, 32]
[34, 26, 42, 11, 30, 39, 14, 34]
[5, 12, 51, 22, 17, 11, 15, 13]
[41, 37, 8, 39, 20, 43, 32, 42]
[47, 7, 38, 36, 17, 24, 10, 27]
[36, 20, 36, 45, 29, 17, 45, 23]
[49, 35, 18, 7, 49, 34, 31, 51]
[29, 39, 11, 5, 18, 25, 7, 52]
[20, 8, 16, 12, 20, 27, 9, 43]
[43, 26, 38, 42, 50, 40, 23, 31]
[22, 44, 7, 4, 43, 45, 17, 21]
[43, 5, 13, 27, 48, 36, 28, 5]
[38, 15, 7, 50, 4, 15, 20, 4]
[45, 49, 48, 4, 24, 44, 18, 46]
[44, 40, 24, 6, 17, 33, 32, 45]
[10, 45, 30, 15, 43, 20, 19, 33]
[44, 7, 30, 33, 47, 21, 10, 44]
[35, 20, 16, 27, 52, 8, 30, 50]
[8, 32, 42, 25, 45, 43, 16, 24]
[6, 10, 15, 39, 39, 8, 18, 45]
[37, 48, 6, 48, 39, 43, 14, 13]
[50, 29, 32, 5, 35, 51, 16, 36]
[28, 49, 29, 32, 8, 36, 26, 5]
[32, 48, 38, 46, 37, 29, 47, 16]
[13, 16, 25, 13, 13, 47, 20, 15]
[19, 28, 52, 37, 8, 8, 45, 28]
[18, 47, 42, 38, 22, 36, 31, 46]
[4, 15, 52, 36, 30, 45, 28, 46]
[9, 13, 9, 34, 40, 47, 38, 36]
[27, 15, 32, 34, 22, 32, 50, 25]
[7, 20, 16, 14, 7, 18, 4, 36]
[5, 10, 26, 39, 12, 48, 6, 22]
[33, 32, 40, 21, 22, 41, 38, 51]
[8, 8, 30, 13, 48, 47, 11, 48]
[48, 32, 38, 24, 52, 26, 11, 20]
[49, 12, 42, 21, 40, 19, 44, 27]
[48, 35, 42, 45, 9, 43, 16, 26]
[35, 52, 41, 37, 36, 29, 19, 32]
[35, 29, 15, 21, 28, 14, 47, 16]
[21, 31, 50, 51, 27, 8, 10, 7]
[6, 37, 6, 35, 33, 45, 25, 23]
[7, 45, 39, 6, 50, 18, 23, 50]
[30, 50, 4, 14, 40, 17, 16, 29]
[7, 24, 48, 43, 22, 32, 47, 25]
[23, 36, 12, 8, 13, 35, 44, 11]
[27, 6, 23, 40, 6, 28, 5, 44]
[27, 6, 21, 14, 42, 13, 49, 17]
[52, 23, 11, 15, 23, 38, 18, 40]
[40, 4, 6, 18, 20, 10, 50, 44]
[10, 19, 5, 5, 10, 15, 38, 11]
[42, 27, 30, 42, 21, 26, 30, 9]
[19, 24, 13, 40, 33, 9, 31, 35]
[41, 22, 48, 36, 38, 45, 45, 9]
[23, 41, 37, 22, 16, 15, 13, 37]
[32, 14, 52, 29, 7, 8, 15, 40]
[46, 19, 7, 11, 28, 50, 10, 6]
[24, 8, 51, 18, 34, 24, 21, 34]
[39, 6, 26, 40, 18, 19, 35, 8]
[41, 10, 7, 20, 37, 11, 29, 20]
[14, 8, 18, 22, 32, 45, 12, 12]
[6, 30, 14, 40, 44, 51, 50, 50]
[38, 28, 17, 11, 11, 21, 17, 42]
[31, 50, 9, 6, 7, 24, 14, 28]
[4, 28, 22, 37, 24, 20, 51, 42]
[17, 5, 4, 39, 41, 29, 21, 39]
[4, 48, 19, 28, 27, 5, 40, 48]
[43, 32, 49, 26, 16, 23, 46, 21]
[31, 15, 50, 12, 36, 10, 41, 41]
[36, 8, 35, 35, 8, 44, 36, 47]
[7, 7, 34, 52, 32, 44, 8, 34]
[49, 19, 30, 24, 42, 19, 46, 16]
[45, 14, 32, 32, 41, 47, 46, 15]
[19, 33, 31, 33, 41, 14, 21, 25]
[18, 42, 33, 14, 38, 37, 7, 39]
[20, 33, 44, 31, 23, 50, 42, 37]
[20, 46, 30, 36, 36, 43, 13, 42]
[39, 42, 12, 49, 30, 19, 11, 11]
[29, 49, 46, 43, 20, 44, 6, 21]
[21, 44, 27, 23, 8, 15, 52, 34]
[9, 30, 35, 50, 38, 48, 8, 22]
[23, 8, 46, 41, 51, 45, 34, 26]
[17, 9, 26, 10, 10, 7, 40, 32]
[22, 47, 20, 48, 21, 35, 31, 4]
[29, 44, 27, 11, 9, 38, 40, 35]
[15, 28, 12, 12, 4, 24, 29, 5]
[47, 37, 43, 48, 5, 27, 11, 44]
[33, 17, 22, 30, 9, 11, 29, 18]
[10, 24, 40, 38, 49, 48, 29, 18]
[13, 11, 19, 24, 17, 7, 52, 36]
[45, 38, 26, 34, 40, 50, 49, 45]
[14, 36, 28, 28, 26, 42, 46, 33]
[4, 47, 44, 28, 47, 34, 26, 23]
[24, 50, 16, 52, 29, 22, 17, 42]
[49, 22, 47, 36, 19, 5, 38, 24]
[30, 5, 41, 17, 52, 5, 27, 9]
[5, 33, 32, 52, 40, 33, 32, 14]
[22, 28, 18, 43, 38, 49, 34, 52]
[34, 5, 31, 10, 19, 51, 24, 23]
[34, 19, 32, 16, 12, 40, 8, 36]
[52, 23, 51, 17, 52, 12, 43, 30]
[34, 24, 30, 32, 20, 20, 10, 21]
[20, 19, 12, 29, 52, 21, 9, 6]
[30, 52, 50, 45, 47, 21, 33, 37]
[8, 47, 34, 37, 33, 52, 27, 41]
[42, 16, 37, 35, 16, 39, 27, 11]
[12, 38, 36, 48, 13, 30, 38, 42]
[15, 17, 50, 33, 32, 16, 22, 14]
[41, 32, 15, 17, 23, 30, 37, 49]
[20, 39, 10, 43, 30, 33, 16, 13]
[29, 50, 35, 30, 34, 37, 5, 16]
[40, 40, 43, 26, 6, 34, 19, 19]
[4, 40, 46, 15, 40, 29, 42, 9]
[37, 43, 23, 35, 52, 32, 4, 5]
[48, 27, 6, 47, 21, 4, 18, 51]
[31, 50, 46, 45, 9, 31, 4, 48]
[16, 42, 52, 4, 52, 50, 9, 15]
[17, 23, 10, 21, 35, 27, 28, 33]
[12, 14, 47, 46, 29, 23, 5, 6]
[9, 21, 49, 46, 14, 16, 19, 49]
[49, 8, 7, 8, 33, 34, 42, 47]
[26, 12, 49, 9, 34, 40, 43, 41]
[11, 26, 22, 50, 50, 28, 49, 37]
[30, 30, 44, 51, 18, 8, 39, 15]
[7, 12, 25, 27, 37, 41, 38, 10]
[45, 52, 22, 47, 15, 52, 24, 45]
[36, 13, 33, 19, 42, 45, 7, 52]
[47, 11, 15, 9, 19, 21, 22, 30]
[9, 24, 13, 12, 14, 40, 14, 19]
[18, 33, 36, 28, 24, 10, 17, 25]
[15, 40, 44, 26, 22, 21, 33, 20]
[28, 27, 37, 17, 9, 51, 36, 43]
[43, 49, 12, 10, 21, 48, 47, 19]
[44, 50, 4, 8, 11, 26, 14, 19]
[25, 28, 44, 23, 11, 6, 32, 41]
[5, 41, 10, 48, 26, 32, 29, 22]
[26, 20, 35, 9, 32, 14, 48, 35]
[4, 22, 6, 34, 28, 7, 18, 47]
[45, 27, 34, 16, 43, 16, 22, 6]
[42, 46, 12, 36, 48, 6, 11, 31]
[37, 51, 38, 20, 31, 33, 47, 31]
[41, 29, 8, 22, 11, 17, 24, 17]
[24, 26, 43, 37, 27, 42, 30, 9]
[6, 26, 35, 7, 37, 25, 4, 20]
[33, 18, 28, 50, 35, 37, 5, 8]
[35, 40, 45, 19, 48, 35, 26, 29]
[10, 13, 8, 48, 33, 31, 45, 38]
[39, 10, 26, 44, 43, 31, 47, 40]
[22, 29, 14, 39, 12, 32, 25, 5]
[26, 49, 7, 44, 22, 31, 51, 20]
[44, 25, 36, 4, 13, 9, 31, 19]
[28, 7, 51, 28, 49, 22, 23, 18]
[51, 17, 28, 22, 49, 15, 14, 28]
[8, 21, 17, 46, 48, 29, 51, 41]
[30, 22, 48, 24, 7, 45, 7, 46]
[16, 36, 50, 47, 5, 11, 20, 18]
[45, 6, 27, 29, 10, 30, 52, 43]
[34, 33, 10, 23, 5, 18, 29, 26]
[50, 39, 46, 29, 25, 33, 33, 27]
[40, 18, 28, 25, 45, 37, 50, 51]
[50, 16, 6, 49, 17, 39, 13, 12]
[43, 34, 17, 41, 26, 17, 10, 5]
[16, 24, 4, 35, 24, 35, 40, 16]
[19, 31, 42, 29, 9, 36, 27, 19]
[20, 28, 37, 38, 49, 18, 12, 28]
[16, 30, 49, 37, 26, 27, 10, 41]
[38, 27, 47, 10, 44, 30, 51, 34]
[28, 24, 14, 47, 15, 10, 18, 12]
[30, 36, 32, 43, 18, 42, 34, 16]
[12, 44, 9, 16, 31, 52, 16, 24]
[16, 19, 38, 51, 26, 13, 32, 14]
[27, 16, 46, 41, 6, 17, 22, 21]
[23, 6, 39, 36, 35, 14, 28, 47]
[6, 4, 45, 25, 30, 46, 45, 23]
[26, 37, 23, 18, 51, 24, 9, 30]
[19, 40, 28, 47, 41, 51, 43, 41]
[36, 16, 29, 30, 6, 10, 38, 38]
[44, 48, 49, 52, 11, 26, 22, 20]
[14, 42, 36, 32, 21, 48, 20, 40]
[15, 27, 39, 50, 48, 46, 28, 21]
[25, 15, 13, 11, 34, 14, 40, 24]
[46, 32, 38, 48, 15, 8, 4, 16]
[46, 36, 19, 42, 52, 5, 45, 33]
[15, 20, 18, 15, 18, 45, 17, 37]
[35, 25, 23, 11, 20, 33, 12, 34]
[37, 14, 17, 50, 18, 22, 16, 36]
[22, 47, 24, 23, 26, 12, 51, 11]
[8, 35, 17, 21, 23, 27, 30, 27]
[10, 45, 24, 20, 14, 40, 42, 32]
[35, 33, 28, 42, 47, 19, 43, 9]
[22, 35, 37, 24, 43, 40, 29, 48]
[6, 47, 20, 42, 47, 33, 30, 12]
[17, 9, 21, 12, 21, 25, 16, 6]
[24, 50, 45, 27, 36, 52, 23, 11]
[29, 34, 18, 47, 41, 52, 20, 33]
[43, 51, 42, 17, 15, 36, 45, 13]
[15, 44, 8, 17, 46, 7, 30, 29]
[51, 43, 9, 40, 12, 46, 32, 43]
[39, 43, 43, 30, 35, 14, 4, 4]
[50, 52, 51, 33, 17, 11, 9, 38]
[5, 10, 26, 49, 26, 28, 51, 21]
[6, 8, 45, 4, 4, 13, 51, 17]
[7, 23, 19, 27, 22, 27, 52, 49]
[8, 9, 33, 17, 36, 37, 14, 38]
[38, 35, 43, 52, 38, 15, 46, 8]
[38, 46, 12, 28, 28, 29, 8, 48]
[37, 22, 32, 26, 50, 29, 44, 35]
[34, 17, 14, 48, 25, 43, 35, 51]
[30, 37, 48, 38, 38, 28, 42, 34]
[41, 34, 13, 10, 39, 7, 52, 31]
[15, 11, 33, 23, 39, 15, 12, 18]
[8, 22, 43, 39, 31, 26, 36, 33]
[5, 13, 5, 6, 13, 52, 13, 22]
[35, 18, 5, 32, 36, 33, 21, 48]
[14, 33, 37, 43, 32, 27, 19, 40]
[45, 28, 45, 40, 18, 28, 33, 46]
[52, 18, 48, 32, 24, 12, 5, 7]
[52, 36, 42, 21, 42, 25, 17, 43]
[49, 35, 23, 18, 33, 12, 46, 31]
[40, 14, 17, 41, 20, 34, 26, 52]
[37, 26, 36, 9, 44, 25, 26, 27]
[17, 12, 34, 7, 5, 22, 6, 9]
[49, 36, 5, 43, 46, 43, 45, 47]
[50, 6, 29, 38, 15, 45, 17, 38]
[32, 44, 22, 24, 5, 51, 21, 32]
[33, 5, 6, 31, 5, 35, 49, 40]
[16, 24, 24, 5, 6, 47, 44, 38]
[14, 11, 52, 24, 24, 31, 39, 52]
[50, 21, 17, 19, 34, 40, 20, 23]
[38, 5, 30, 8, 36, 32, 41, 27]
[24, 45, 47, 41, 30, 6, 15, 46]
[40, 32, 4, 30, 19, 14, 39, 19]
[40, 43, 24, 48, 43, 43, 30, 12]
[9, 7, 13, 20, 14, 36, 7, 15]
[32, 9, 5, 32, 29, 12, 24, 19]
[10, 50, 5, 25, 46, 9, 50, 30]
[35, 43, 50, 15, 17, 11, 27, 45]
[9, 41, 51, 34, 9, 39, 39, 35]
[47, 48, 29, 35, 15, 41, 35, 36]
[48, 7, 50, 42, 8, 23, 19, 8]
[5, 28, 31, 22, 29, 24, 44, 28]
[31, 49, 51, 29, 44, 47, 28, 11]
[32, 32, 40, 51, 49, 23, 47, 31]
[48, 15, 16, 34, 44, 46, 47, 36]
[9, 13, 19, 22, 11, 43, 44, 11]
[13, 27, 50, 50, 51, 23, 13, 10]
[21, 30, 51, 38, 36, 22, 19, 44]
[45, 38, 45, 42, 34, 37, 41, 28]
[25, 40, 16, 25, 15, 12, 13, 51]
[27, 41, 14, 6, 12, 7, 12, 49]
[11, 23, 44, 51, 44, 41, 52, 29]
[24, 46, 29, 36, 12, 19, 7, 49]
[40, 31, 15, 26, 39, 39, 41, 45]
[12, 10, 25, 39, 31, 39, 40, 35]
[20, 40, 37, 34, 5, 9, 48, 10]
[17, 42, 39, 37, 33, 46, 37, 6]
[11, 12, 4, 21, 12, 4, 37, 28]
[32, 15, 21, 35, 29, 14, 45, 20]
[6, 21, 29, 31, 19, 40, 31, 12]
[26, 43, 11, 16, 28, 27, 34, 29]
[44, 51, 9, 26, 48, 34, 51, 4]
[46, 13, 12, 43, 31, 23, 37, 6]
[31, 5, 16, 18, 24, 40, 13, 36]
[46, 14, 28, 16, 38, 17, 27, 23]
[22, 37, 19, 7, 27, 16, 26, 50]
[35, 27, 19, 27, 28, 30, 49, 23]
[4, 9, 33, 10, 47, 27, 48, 24]
[13, 33, 6, 45, 13, 39, 45, 24]
[21, 46, 43, 6, 18, 24, 33, 15]
[25, 12, 8, 40, 4, 5, 18, 4]
[17, 29, 28, 37, 32, 7, 36, 36]
[37, 11, 11, 20, 6, 25, 17, 15]
[10, 40, 32, 30, 11, 38, 36, 48]
[42, 35, 18, 16, 19, 49, 15, 10]
[31, 51, 50, 26, 12, 44, 30, 30]
[51, 51, 37, 50, 35, 41, 32, 11]
[28, 20, 31, 50, 25, 47, 39, 8]
[43, 30, 16, 33, 45, 32, 19, 4]
[50, 4, 15, 49, 47, 28, 6, 5]
[23, 17, 35, 31, 7, 44, 26, 18]
[23, 26, 31, 49, 37, 28, 8, 14]
[47, 50, 34, 42, 46, 33, 46, 51]
[29, 26, 37, 33, 16, 36, 29, 49]
[47, 47, 47, 10, 12, 41, 21, 40]
[35, 48, 5, 49, 45, 37, 5, 26]
[13, 11, 39, 30, 6, 21, 36, 11]
[37, 42, 50, 10, 38, 38, 12, 7]
[51, 32, 49, 25, 28, 9, 23, 4]
[23, 19, 15, 23, 10, 52, 34, 15]
[34, 48, 45, 49, 41, 48, 22, 29]
[43, 21, 33, 8, 10, 7, 22, 19]
[9, 9, 18, 36, 16, 5, 34, 22]
[19, 13, 10, 21, 45, 19, 27, 24]
[50, 15, 45, 18, 10, 26, 15, 20]
[41, 47, 43, 19, 38, 49, 15, 7]
[39, 21, 24, 42, 28, 27, 50, 31]
[20, 43, 24, 52, 42, 9, 28, 37]
[7, 35, 10, 52, 46, 30, 24, 52]
[28, 7, 40, 51, 11, 9, 48, 33]
[38, 10, 10, 6, 44, 22, 41, 50]
[50, 34, 31, 13, 21, 15, 6, 34]
[12, 5, 19, 11, 19, 46, 23, 8]
[48, 44, 13, 35, 22, 46, 13, 13]
[12, 19, 5, 47, 42, 4, 25, 8]
[19, 9, 47, 23, 39, 21, 24, 31]
[16, 37, 35, 28, 43, 50, 50, 39]
[14, 21, 4, 46, 24, 6, 38, 39]
[51, 6, 40, 32, 28, 18, 17, 16]
[48, 31, 20, 19, 51, 8, 37, 43]
