[42, 5, 11]
[28, 44, 24]
[49, 52, 49]
[13, 26, 12]
[29, 27, 18]
[39, 29, 51]
[51, 47, 17]
[12, 40, 10]
[4, 24, 28]
[36, 19, 5]
[34, 13, 23]
[24, 28, 40]
[15, 39, 21]
[26, 45, 43]
[23, 50, 50]
[10, 7, 6]
[37, 14, 13]
[22, 22, 4]
[43, 51, 44]
[31, 43, 36]
[40, 37, 14]
[50, 35, 7]
[33, 31, 35]
[25, 4, 29]
[21, 8, 42]
[6, 15, 8]
[45, 10, 27]
[48, 36, 41]
[20, 21, 39]
[28, 42, 22]
[38, 25, 34]
[16, 9, 9]
[19, 33, 31]
[18, 30, 48]
[41, 16, 16]
[30, 41, 45]
[5, 34, 32]
[7, 12, 52]
[14, 20, 25]
[8, 18, 38]
[47, 23, 30]
[44, 17, 37]
[35, 11, 33]
[46, 6, 19]
[52, 46, 28]
[32, 32, 20]
[9, 49, 26]
[17, 48, 47]
[27, 38, 46]
[11, 28, 15]
