[29, 35, 23]
[24, 12, 32]
[45, 36, 42]
[14, 49, 47]
[43, 24, 51]
[31, 14, 48]
[36, 12, 37]
[17, 15, 12]
[22, 40, 28]
[9, 48, 9]
[25, 37, 44]
[51, 26, 47]
[15, 43, 20]
[4, 6, 22]
[14, 17, 33]
[17, 52, 26]
[39, 34, 35]
[40, 33, 31]
[43, 39, 49]
[15, 19, 19]
[21, 27, 24]
[16, 33, 15]
[18, 50, 42]
[7, 46, 17]
[9, 8, 25]
[48, 43, 15]
[44, 26, 11]
[50, 44, 51]
[39, 29, 30]
[5, 31, 40]
[36, 32, 22]
[49, 51, 36]
[37, 27, 26]
[10, 35, 23]
[50, 13, 10]
[47, 41, 7]
[46, 19, 40]
[32, 38, 38]
[11, 50, 4]
[6, 47, 16]
[8, 7, 29]
[27, 21, 18]
[6, 25, 8]
[10, 5, 35]
[38, 38, 36]
[19, 51, 28]
[49, 37, 14]
[4, 34, 16]
[26, 10, 14]
[40, 42, 43]
[35, 10, 5]
[19, 23, 31]
[13, 18, 18]
[29, 16, 25]
[51, 31, 6]
[30, 18, 41]
[28, 45, 8]
[25, 4, 24]
[24, 48, 52]
[12, 6, 40]
[26, 16, 34]
[47, 42, 49]
[16, 22, 21]
[12, 14, 13]
[33, 39, 7]
[37, 36, 41]
[33, 44, 13]
[21, 30, 21]
[28, 20, 52]
[7, 40, 50]
[20, 49, 34]
[16, 23, 32]
[11, 52, 9]
[32, 40, 29]
[52, 29, 20]
[18, 32, 39]
[46, 13, 48]
[23, 20, 44]
[40, 4, 46]
[5, 41, 45]
[35, 30, 43]
[8, 11, 19]
[45, 24, 39]
[31, 21, 12]
[34, 5, 30]
[48, 9, 4]
[38, 15, 33]
[41, 16, 16]
[30, 11, 17]
[34, 7, 10]
[13, 28, 27]
[44, 46, 50]
[27, 17, 45]
[20, 8, 27]
[42, 45, 38]
[22, 25, 5]
[52, 47, 37]
[41, 28, 11]
[23, 22, 6]
[42, 9, 46]
