[40, 52, 21]
[43, 33, 6]
[15, 19, 33]
[26, 11, 17]
[44, 32, 45]
[4, 6, 13]
[43, 50, 34]
[22, 9, 14]
[14, 4, 12]
[47, 25, 51]
[38, 16, 5]
[26, 16, 43]
[42, 10, 34]
[13, 10, 21]
[41, 45, 20]
[45, 8, 50]
[48, 33, 41]
[18, 44, 37]
[22, 8, 49]
[6, 48, 6]
[11, 19, 16]
[10, 45, 49]
[4, 34, 42]
[51, 33, 46]
[37, 13, 45]
[13, 31, 41]
[20, 9, 45]
[26, 30, 9]
[26, 15, 24]
[32, 12, 14]
[37, 46, 8]
[12, 11, 34]
[31, 28, 37]
[36, 42, 12]
[47, 7, 24]
[14, 26, 11]
[7, 18, 11]
[16, 21, 48]
[20, 27, 50]
[42, 16, 45]
[33, 4, 20]
[8, 22, 46]
[21, 38, 37]
[5, 38, 18]
[12, 23, 31]
[48, 19, 41]
[16, 27, 19]
[51, 32, 30]
[19, 44, 25]
[17, 34, 26]
[9, 49, 9]
[30, 4, 45]
[10, 28, 20]
[51, 48, 52]
[21, 6, 21]
[48, 19, 9]
[48, 52, 21]
[21, 5, 5]
[9, 36, 15]
[51, 21, 27]
[41, 6, 5]
[51, 18, 32]
[23, 41, 20]
[50, 18, 51]
[21, 49, 29]
[5, 12, 15]
[17, 24, 30]
[37, 34, 38]
[40, 32, 13]
[43, 25, 7]
[38, 7, 36]
[27, 20, 6]
[31, 40, 26]
[49, 43, 39]
[50, 8, 23]
[50, 51, 37]
[7, 35, 32]
[45, 20, 27]
[19, 45, 23]
[21, 26, 43]
[44, 51, 35]
[51, 11, 39]
[46, 36, 17]
[16, 22, 49]
[47, 10, 5]
[27, 38, 50]
[44, 13, 38]
[9, 5, 45]
[31, 18, 33]
[35, 20, 26]
[32, 26, 33]
[52, 24, 49]
[51, 24, 12]
[34, 24, 27]
[4, 23, 35]
[25, 46, 38]
[52, 19, 34]
[32, 25, 29]
[38, 47, 6]
[4, 23, 42]
[29, 17, 49]
[9, 28, 17]
[39, 26, 16]
[12, 34, 19]
[14, 9, 48]
[16, 41, 32]
[15, 27, 44]
[23, 35, 29]
[19, 25, 44]
[7, 26, 26]
[39, 49, 13]
[21, 16, 30]
[47, 52, 6]
[30, 42, 15]
[22, 20, 24]
[40, 30, 22]
[16, 47, 11]
[35, 28, 25]
[23, 19, 50]
[17, 21, 40]
[11, 7, 29]
[21, 42, 40]
[42, 23, 42]
[43, 32, 28]
[22, 11, 15]
[25, 36, 6]
[45, 15, 38]
[16, 39, 18]
[38, 11, 31]
[29, 40, 35]
[50, 11, 4]
[7, 4, 37]
[49, 32, 17]
[49, 27, 40]
[32, 31, 29]
[43, 6, 10]
[34, 28, 36]
[27, 23, 39]
[17, 47, 28]
[42, 36, 25]
[20, 40, 39]
[40, 48, 48]
[43, 50, 39]
[11, 35, 22]
[36, 5, 4]
[39, 25, 41]
[50, 41, 35]
[44, 36, 22]
[10, 26, 9]
[12, 26, 9]
[6, 24, 42]
[30, 28, 49]
[45, 5, 5]
[30, 38, 5]
[34, 31, 14]
[7, 16, 19]
[10, 9, 5]
[13, 51, 17]
[49, 35, 7]
[45, 51, 27]
[45, 29, 24]
[52, 43, 16]
[38, 29, 28]
[29, 15, 31]
[50, 31, 5]
[17, 36, 12]
[42, 10, 40]
[28, 32, 16]
[31, 38, 44]
[5, 8, 7]
[21, 19, 17]
[24, 39, 30]
[6, 9, 28]
[13, 29, 13]
[32, 22, 10]
[7, 52, 33]
[32, 39, 7]
[24, 46, 37]
[8, 30, 4]
[29, 43, 33]
[13, 24, 39]
[48, 36, 33]
[12, 47, 7]
[52, 50, 34]
[28, 23, 34]
[40, 16, 23]
[27, 45, 33]
[39, 50, 23]
[43, 48, 51]
[9, 42, 19]
[5, 35, 52]
[14, 9, 10]
[14, 24, 25]
[30, 25, 43]
[22, 48, 37]
[8, 41, 19]
[34, 33, 52]
[30, 23, 52]
[50, 44, 9]
[8, 41, 18]
[30, 46, 40]
[35, 35, 21]
[32, 22, 31]
[34, 37, 47]
[28, 7, 30]
[49, 45, 6]
[11, 6, 36]
[40, 22, 17]
[33, 11, 10]
[19, 44, 50]
[13, 9, 39]
[8, 36, 30]
[44, 27, 8]
[24, 21, 22]
[47, 47, 7]
[39, 45, 35]
[22, 18, 49]
[39, 42, 47]
[15, 38, 50]
[32, 10, 27]
[40, 51, 44]
[35, 39, 13]
[25, 9, 7]
[19, 17, 35]
[40, 27, 8]
[9, 30, 19]
[48, 47, 4]
[46, 42, 45]
[9, 39, 25]
[19, 50, 23]
[45, 14, 28]
[28, 34, 52]
[20, 29, 29]
[27, 15, 47]
[21, 20, 30]
[41, 29, 42]
[12, 12, 22]
[44, 51, 32]
[52, 36, 51]
[19, 14, 41]
[36, 34, 19]
[20, 16, 43]
[38, 8, 47]
[46, 52, 37]
[42, 12, 44]
[47, 16, 48]
[23, 51, 24]
[24, 45, 25]
[33, 50, 21]
[18, 11, 12]
[20, 12, 11]
[36, 20, 8]
[21, 34, 12]
[7, 34, 12]
[27, 41, 13]
[5, 13, 50]
[32, 30, 47]
[6, 22, 8]
[23, 52, 43]
[4, 27, 29]
[25, 41, 10]
[24, 33, 30]
[47, 28, 46]
[36, 10, 13]
[15, 18, 26]
[19, 51, 48]
[33, 29, 21]
[14, 40, 42]
[5, 18, 34]
[6, 51, 46]
[29, 27, 29]
[33, 35, 12]
[52, 7, 40]
[49, 49, 31]
[34, 7, 47]
[39, 32, 18]
[47, 13, 23]
[36, 25, 32]
[45, 17, 20]
[51, 42, 12]
[50, 26, 18]
[13, 6, 47]
[10, 36, 16]
[22, 46, 38]
[20, 48, 5]
[46, 4, 32]
[15, 13, 24]
[36, 33, 52]
[49, 33, 50]
[18, 13, 10]
[35, 38, 4]
[17, 16, 32]
[36, 40, 20]
[28, 43, 35]
[16, 30, 31]
[40, 47, 14]
[46, 32, 27]
[39, 10, 37]
[18, 43, 42]
[10, 6, 19]
[42, 37, 35]
[9, 34, 8]
[11, 37, 31]
[37, 5, 11]
[25, 13, 51]
[31, 19, 11]
[20, 29, 33]
[12, 41, 28]
[12, 15, 14]
[31, 44, 9]
[41, 42, 26]
[38, 49, 18]
[47, 8, 32]
[52, 21, 39]
[41, 22, 12]
[33, 16, 39]
[25, 37, 28]
[35, 46, 36]
[17, 4, 26]
[41, 6, 50]
[16, 10, 14]
[10, 26, 16]
[35, 29, 46]
[20, 45, 14]
[8, 37, 27]
[15, 30, 26]
[35, 32, 35]
[37, 30, 28]
[17, 31, 10]
[30, 33, 41]
[26, 26, 13]
[27, 16, 21]
[13, 52, 41]
[24, 7, 6]
[11, 42, 44]
[14, 39, 52]
[15, 4, 17]
[5, 11, 49]
[38, 31, 51]
[50, 21, 7]
[43, 43, 4]
[40, 49, 48]
[35, 40, 48]
[25, 46, 7]
[4, 17, 22]
[45, 44, 48]
[25, 19, 40]
[48, 35, 11]
[29, 45, 33]
[34, 50, 41]
[29, 40, 11]
[6, 43, 43]
[11, 7, 46]
[21, 5, 7]
[41, 29, 15]
[19, 21, 26]
[36, 30, 48]
[16, 9, 45]
[46, 38, 42]
[16, 28, 15]
[26, 6, 46]
[46, 12, 18]
[17, 37, 44]
[49, 11, 28]
[49, 17, 41]
[16, 32, 21]
[32, 41, 46]
[48, 20, 15]
[45, 11, 14]
[17, 21, 18]
[35, 14, 40]
[10, 47, 44]
[22, 17, 37]
[12, 23, 39]
[31, 44, 43]
[5, 48, 29]
[10, 52, 8]
[19, 5, 6]
[5, 24, 25]
[18, 50, 24]
[7, 34, 11]
[46, 40, 50]
[23, 19, 29]
[23, 20, 13]
[20, 13, 40]
[24, 5, 43]
[44, 41, 10]
[6, 14, 20]
[6, 49, 26]
[12, 10, 30]
[38, 44, 49]
[37, 43, 34]
[8, 48, 52]
[34, 23, 27]
[44, 28, 49]
[8, 30, 45]
[26, 18, 33]
[36, 4, 6]
[34, 14, 47]
[28, 8, 5]
[39, 31, 36]
[33, 9, 36]
[48, 14, 45]
[51, 12, 15]
[6, 7, 8]
[37, 50, 51]
[29, 31, 43]
[13, 35, 51]
[44, 48, 42]
[46, 50, 24]
[8, 24, 38]
[18, 17, 40]
[40, 10, 21]
[24, 45, 36]
[4, 52, 38]
[30, 35, 9]
[41, 25, 28]
[28, 33, 20]
[26, 31, 25]
[6, 25, 47]
[4, 15, 36]
[35, 46, 36]
[52, 22, 16]
[24, 8, 8]
[18, 18, 15]
[11, 39, 23]
[34, 24, 16]
[11, 12, 16]
[25, 47, 44]
[47, 40, 16]
[33, 43, 18]
[11, 39, 34]
[26, 42, 45]
[50, 35, 41]
[15, 14, 11]
[4, 37, 10]
[27, 8, 46]
[23, 44, 19]
[15, 47, 11]
[27, 17, 25]
[13, 49, 4]
[33, 38, 4]
[43, 13, 25]
[28, 14, 40]
[23, 38, 47]
[52, 31, 9]
[28, 30, 42]
[25, 12, 18]
[42, 18, 23]
[38, 17, 24]
[14, 8, 35]
[23, 52, 38]
[29, 5, 52]
[6, 22, 20]
[42, 5, 26]
[7, 12, 14]
[14, 43, 15]
[18, 28, 14]
[30, 21, 19]
[43, 17, 32]
[10, 48, 23]
[41, 4, 22]
[48, 50, 30]
[33, 51, 36]
[8, 45, 13]
[22, 22, 4]
[5, 21, 50]
[31, 15, 21]
[37, 37, 23]
[24, 39, 4]
[18, 20, 8]
[26, 15, 17]
[22, 26, 27]
[28, 46, 6]
[49, 39, 34]
[41, 13, 51]
[11, 23, 32]
[46, 49, 17]
[27, 25, 48]
[18, 6, 44]
[37, 46, 24]
[37, 44, 38]
[14, 4, 16]
[9, 49, 31]
[26, 33, 10]
[4, 7, 22]
[29, 14, 38]
[7, 27, 51]
[39, 40, 31]
[42, 29, 30]
[45, 15, 22]
[31, 27, 9]
[44, 37, 22]
[52, 20, 46]
[31, 37, 27]
[51, 40, 35]
[50, 21, 43]
[15, 14, 31]
[9, 15, 20]
[30, 6, 52]
