[46, 34, 38]
[21, 9, 18]
[10, 40, 33]
[31, 25, 44]
[20, 25, 26]
[22, 33, 13]
[42, 32, 21]
[24, 16, 7]
[29, 27, 8]
[25, 50, 8]
[21, 32, 8]
[44, 47, 23]
[9, 6, 21]
[28, 34, 47]
[18, 47, 45]
[31, 26, 45]
[47, 28, 7]
[46, 39, 12]
[8, 43, 18]
[15, 10, 47]
[21, 45, 16]
[52, 28, 47]
[41, 47, 51]
[38, 5, 12]
[38, 26, 16]
[51, 45, 20]
[25, 28, 16]
[9, 19, 25]
[51, 32, 36]
[52, 27, 10]
[40, 27, 19]
[17, 39, 42]
[14, 40, 37]
[42, 31, 4]
[26, 37, 5]
[8, 33, 11]
[51, 45, 40]
[38, 51, 11]
[12, 8, 45]
[26, 40, 43]
[40, 42, 39]
[45, 46, 33]
[28, 24, 51]
[25, 40, 31]
[19, 16, 9]
[28, 6, 36]
[44, 16, 52]
[25, 24, 16]
[5, 32, 12]
[10, 7, 48]
[18, 21, 26]
[38, 32, 10]
[35, 46, 8]
[14, 32, 19]
[23, 39, 11]
[5, 18, 27]
[47, 5, 45]
[33, 9, 30]
[34, 50, 40]
[16, 29, 23]
[4, 30, 35]
[48, 35, 48]
[34, 50, 28]
[46, 6, 20]
[46, 9, 30]
[21, 39, 38]
[27, 4, 6]
[33, 24, 31]
[18, 47, 7]
[41, 22, 49]
[47, 34, 11]
[29, 21, 37]
[37, 8, 19]
[29, 6, 40]
[23, 32, 25]
[44, 42, 14]
[34, 52, 46]
[9, 38, 28]
[28, 34, 41]
[12, 25, 39]
[51, 46, 34]
[11, 47, 18]
[4, 45, 39]
[29, 18, 20]
[28, 43, 42]
[32, 23, 38]
[52, 16, 8]
[15, 36, 25]
[10, 8, 9]
[28, 9, 28]
[23, 31, 11]
[20, 22, 32]
[50, 24, 42]
[32, 10, 30]
[52, 47, 24]
[13, 6, 27]
[28, 52, 12]
[45, 32, 28]
[39, 20, 38]
[11, 18, 39]
[15, 5, 35]
[10, 8, 43]
[40, 32, 28]
[36, 44, 21]
[12, 26, 12]
[13, 9, 25]
[42, 29, 12]
[45, 10, 22]
[38, 49, 51]
[50, 8, 47]
[30, 9, 49]
[18, 25, 50]
[26, 11, 20]
[5, 42, 14]
[40, 43, 44]
[9, 12, 5]
[35, 12, 18]
[11, 23, 5]
[19, 21, 4]
[8, 36, 36]
[50, 38, 23]
[24, 35, 32]
[22, 22, 50]
[36, 51, 41]
[30, 12, 50]
[27, 42, 25]
[28, 32, 21]
[17, 28, 16]
[5, 36, 40]
[13, 26, 13]
[16, 7, 9]
[49, 9, 19]
[8, 41, 11]
[26, 14, 7]
[44, 29, 39]
[45, 23, 14]
[9, 27, 29]
[18, 4, 49]
[8, 34, 33]
[24, 49, 52]
[24, 16, 49]
[9, 11, 46]
[18, 18, 41]
[51, 27, 13]
[47, 42, 47]
[13, 9, 49]
[26, 49, 41]
[30, 29, 28]
[13, 17, 16]
[33, 15, 27]
[36, 45, 11]
[47, 30, 28]
[7, 27, 16]
[27, 29, 46]
[41, 23, 20]
[32, 31, 26]
[8, 24, 36]
[9, 52, 31]
[51, 45, 23]
[38, 45, 14]
[32, 21, 31]
[29, 49, 46]
[6, 32, 32]
[34, 47, 30]
[21, 9, 5]
[7, 13, 50]
[46, 13, 7]
[6, 28, 25]
[8, 48, 40]
[25, 33, 10]
[51, 25, 38]
[51, 46, 44]
[44, 17, 12]
[52, 38, 44]
[35, 48, 39]
[24, 44, 38]
[36, 11, 12]
[10, 36, 29]
[26, 13, 9]
[33, 14, 46]
[44, 8, 37]
[22, 4, 8]
[23, 35, 49]
[50, 30, 33]
[48, 11, 19]
[37, 46, 37]
[48, 41, 52]
[32, 35, 42]
[29, 49, 15]
[10, 39, 24]
[8, 40, 8]
[22, 49, 16]
[25, 8, 13]
[42, 32, 32]
[39, 31, 37]
[24, 24, 52]
[25, 28, 37]
[18, 23, 31]
[22, 26, 20]
[19, 32, 8]
[32, 22, 42]
[41, 50, 15]
[16, 24, 9]
[31, 48, 13]
[37, 50, 21]
[27, 47, 23]
[48, 19, 51]
[38, 50, 5]
[27, 27, 13]
[16, 34, 13]
[38, 45, 27]
[39, 24, 35]
[42, 38, 41]
[36, 36, 10]
[51, 29, 18]
[39, 46, 27]
[25, 13, 35]
[18, 33, 11]
[50, 16, 47]
[33, 15, 47]
[7, 5, 22]
[36, 15, 13]
[47, 14, 36]
[30, 48, 47]
[37, 39, 24]
[39, 9, 43]
[41, 4, 29]
[27, 47, 7]
[19, 29, 15]
[46, 18, 26]
[51, 32, 27]
[43, 38, 26]
[41, 36, 14]
[10, 37, 31]
[17, 13, 46]
[44, 15, 38]
[51, 38, 13]
[8, 24, 35]
[35, 15, 37]
[26, 16, 23]
[38, 23, 22]
[33, 39, 39]
[7, 14, 30]
[45, 19, 6]
[23, 34, 6]
[50, 48, 26]
[11, 23, 35]
[9, 40, 7]
[29, 33, 10]
[43, 6, 22]
[51, 23, 39]
[5, 4, 47]
[13, 4, 19]
[9, 11, 7]
[26, 12, 16]
[6, 9, 21]
[19, 52, 10]
[50, 35, 31]
[27, 45, 37]
[7, 42, 6]
[13, 50, 51]
[7, 45, 4]
[43, 8, 25]
[40, 24, 14]
[19, 42, 50]
[6, 50, 9]
[31, 20, 5]
[26, 13, 37]
[25, 6, 33]
[22, 45, 19]
[18, 4, 20]
[51, 4, 18]
[11, 37, 13]
[14, 29, 27]
[22, 41, 42]
[17, 50, 46]
[48, 33, 10]
[23, 21, 31]
[16, 11, 33]
[51, 30, 48]
[43, 17, 48]
[29, 27, 46]
[39, 43, 37]
[21, 35, 47]
[33, 11, 41]
[23, 49, 10]
[46, 27, 11]
[7, 48, 31]
[22, 49, 22]
[11, 5, 40]
[17, 37, 20]
[4, 31, 22]
[36, 14, 13]
[14, 11, 31]
[46, 11, 48]
[12, 7, 33]
[9, 25, 43]
[37, 50, 37]
[39, 12, 30]
[44, 40, 16]
[29, 39, 30]
[12, 25, 14]
[7, 22, 12]
[5, 41, 4]
[6, 51, 13]
[14, 51, 15]
[17, 23, 31]
[10, 33, 31]
[14, 13, 28]
[16, 48, 37]
[39, 35, 41]
[11, 13, 5]
[23, 48, 10]
[21, 42, 33]
[8, 21, 35]
[34, 34, 44]
[49, 20, 33]
[8, 30, 12]
[11, 49, 43]
[48, 44, 15]
[43, 25, 23]
[31, 44, 29]
[10, 39, 44]
[47, 15, 50]
[6, 18, 37]
[41, 5, 8]
[32, 21, 47]
[47, 22, 7]
[10, 50, 43]
[23, 34, 22]
[35, 38, 20]
[31, 12, 25]
[32, 44, 45]
[41, 22, 15]
[29, 49, 13]
[19, 30, 24]
[34, 47, 9]
[16, 7, 49]
[44, 28, 41]
[36, 45, 33]
[45, 41, 45]
[51, 7, 23]
[5, 48, 32]
[11, 41, 4]
[24, 29, 17]
[29, 7, 21]
[25, 33, 41]
[46, 17, 17]
[34, 8, 48]
[21, 42, 42]
[15, 47, 4]
[19, 43, 51]
[51, 9, 19]
[19, 37, 39]
[44, 27, 26]
[37, 36, 41]
[35, 31, 45]
[11, 48, 14]
[40, 40, 6]
[13, 24, 25]
[13, 48, 17]
[22, 40, 49]
[13, 23, 6]
[14, 48, 40]
[37, 20, 25]
[45, 4, 48]
[34, 44, 20]
[37, 35, 28]
[46, 49, 8]
[8, 18, 27]
[41, 34, 15]
[11, 29, 47]
[49, 27, 11]
[10, 36, 7]
[8, 34, 18]
[30, 29, 10]
[12, 28, 6]
[31, 27, 22]
[14, 33, 24]
[43, 34, 45]
[4, 52, 47]
[42, 12, 18]
[18, 8, 47]
[31, 47, 15]
[33, 4, 34]
[24, 52, 50]
[21, 47, 27]
[34, 37, 39]
[10, 11, 43]
[39, 32, 13]
[12, 4, 40]
[48, 49, 7]
[21, 30, 26]
[16, 36, 29]
[23, 38, 45]
[49, 6, 32]
[35, 6, 48]
[8, 36, 44]
[36, 39, 7]
[14, 20, 39]
[35, 43, 33]
[48, 34, 38]
[20, 44, 4]
[23, 26, 23]
[9, 19, 16]
[37, 14, 48]
[45, 44, 38]
[45, 15, 7]
[43, 40, 50]
[33, 31, 20]
[16, 42, 16]
[21, 30, 29]
[50, 13, 27]
[33, 18, 25]
[47, 23, 34]
[28, 39, 25]
[23, 16, 24]
[4, 20, 17]
[37, 4, 27]
[28, 13, 32]
[15, 8, 21]
[7, 43, 42]
[9, 44, 17]
[39, 46, 18]
[38, 10, 11]
[8, 5, 45]
[17, 37, 19]
[35, 17, 41]
[45, 22, 41]
[52, 8, 9]
[50, 45, 34]
[26, 41, 51]
[10, 24, 33]
[41, 42, 37]
[52, 19, 31]
[46, 7, 31]
[14, 38, 16]
[17, 50, 27]
[6, 30, 38]
[45, 19, 36]
[14, 38, 15]
[16, 52, 27]
[18, 51, 48]
[49, 28, 5]
[36, 31, 7]
[35, 22, 47]
[7, 14, 35]
[7, 16, 24]
[24, 52, 31]
[25, 23, 13]
[30, 19, 52]
[27, 6, 32]
[42, 47, 29]
[44, 35, 31]
[14, 43, 50]
[46, 17, 21]
[41, 25, 12]
[49, 10, 44]
[24, 16, 50]
[35, 41, 48]
[27, 27, 52]
[24, 8, 24]
[43, 29, 30]
[45, 16, 24]
[14, 5, 42]
[20, 25, 40]
[52, 30, 40]
[42, 7, 52]
[27, 5, 46]
[41, 12, 37]
[4, 22, 34]
[52, 46, 29]
[9, 10, 16]
[47, 39, 4]
[35, 42, 22]
[16, 21, 38]
[37, 40, 45]
[48, 4, 8]
[32, 18, 7]
[10, 49, 34]
[21, 43, 9]
[10, 33, 30]
[9, 18, 40]
[12, 17, 5]
[22, 40, 51]
[19, 6, 8]
[5, 52, 24]
[46, 19, 19]
[11, 20, 30]
[41, 18, 20]
[31, 5, 23]
[23, 26, 23]
[10, 37, 15]
[35, 10, 17]
[52, 20, 8]
[41, 14, 27]
[37, 52, 46]
[44, 43, 16]
[5, 14, 23]
[11, 47, 40]
[32, 49, 14]
[51, 36, 32]
[47, 50, 31]
[45, 51, 35]
[17, 45, 9]
[42, 13, 52]
[37, 16, 8]
[36, 47, 44]
[6, 20, 27]
[32, 5, 15]
[52, 7, 44]
[40, 46, 32]
[34, 42, 36]
[22, 52, 7]
[10, 35, 20]
[13, 47, 6]
[6, 19, 46]
[11, 27, 4]
[22, 8, 11]
[22, 27, 42]
[17, 21, 45]
[42, 15, 16]
[36, 47, 4]
[15, 15, 23]
[42, 46, 15]
[9, 44, 21]
[30, 44, 25]
[22, 9, 26]
[52, 44, 38]
[27, 24, 28]
[15, 44, 47]
[36, 42, 9]
[12, 15, 49]
[12, 15, 4]
[24, 43, 6]
[4, 27, 41]
[11, 41, 27]
[25, 37, 29]
[4, 6, 17]
[7, 14, 22]
[48, 32, 21]
[22, 15, 43]
[43, 23, 42]
[6, 18, 39]
[49, 29, 42]
[20, 24, 23]
[52, 51, 39]
[47, 48, 37]
[41, 17, 12]
[40, 7, 21]
[43, 49, 23]
[45, 21, 49]
[32, 52, 51]
[34, 35, 45]
[35, 7, 5]
[33, 4, 26]
[6, 9, 29]
[46, 9, 40]
[34, 9, 48]
[19, 24, 18]
[27, 15, 45]
[47, 25, 52]
[10, 23, 38]
[40, 40, 21]
[14, 28, 6]
[14, 17, 24]
[23, 44, 37]
[39, 51, 32]
[16, 26, 8]
[35, 26, 15]
[26, 50, 20]
[26, 51, 14]
[46, 44, 17]
[33, 30, 12]
[12, 8, 29]
[42, 46, 13]
[12, 36, 15]
[27, 19, 45]
[44, 51, 29]
[14, 7, 17]
[17, 35, 22]
[6, 31, 22]
[5, 31, 6]
[6, 11, 48]
[20, 40, 22]
[5, 10, 50]
[19, 30, 21]
[51, 50, 23]
[33, 36, 4]
[9, 10, 9]
[10, 47, 36]
[47, 26, 36]
[19, 28, 22]
[6, 22, 12]
[22, 52, 32]
[37, 28, 36]
[50, 14, 23]
[7, 48, 46]
[11, 46, 23]
[33, 39, 12]
[20, 36, 26]
[45, 35, 37]
[5, 20, 24]
[19, 29, 32]
[18, 16, 45]
[44, 20, 39]
[15, 46, 48]
[11, 22, 24]
[51, 6, 10]
[28, 11, 5]
[29, 11, 50]
[31, 46, 29]
[48, 16, 47]
[49, 50, 40]
[31, 40, 4]
[47, 41, 28]
[23, 4, 30]
[39, 30, 9]
[45, 14, 11]
[13, 34, 17]
[8, 43, 9]
[14, 22, 4]
[36, 26, 34]
[23, 50, 32]
[4, 20, 50]
[8, 21, 51]
[52, 6, 47]
[18, 38, 4]
[8, 32, 43]
[11, 44, 28]
[46, 52, 48]
[42, 33, 21]
[20, 43, 31]
[4, 14, 15]
[28, 10, 18]
[25, 41, 50]
[13, 50, 25]
[10, 12, 49]
[52, 31, 45]
[24, 29, 21]
[39, 41, 17]
[26, 37, 47]
[4, 42, 43]
[19, 5, 5]
[10, 14, 43]
[5, 14, 46]
[6, 7, 51]
[11, 8, 34]
[18, 28, 39]
[33, 23, 10]
[41, 5, 19]
[12, 8, 45]
[52, 52, 22]
[20, 33, 29]
[30, 50, 42]
[52, 40, 44]
[6, 39, 43]
[14, 27, 40]
[14, 20, 52]
[52, 24, 51]
[5, 43, 37]
[36, 35, 29]
[31, 45, 21]
[20, 28, 37]
[15, 34, 29]
[22, 24, 35]
[51, 33, 18]
[8, 26, 24]
[21, 30, 5]
[26, 17, 38]
[41, 16, 52]
[42, 18, 26]
[27, 46, 27]
[40, 48, 17]
[24, 11, 42]
[7, 27, 41]
[52, 28, 24]
[9, 20, 31]
[44, 26, 43]
[43, 12, 41]
[36, 46, 26]
[45, 20, 41]
[16, 49, 47]
[32, 10, 49]
[34, 7, 25]
[25, 33, 45]
[18, 47, 38]
[43, 27, 38]
[30, 12, 27]
[45, 37, 33]
[48, 17, 9]
[38, 37, 46]
[7, 52, 48]
[6, 18, 44]
[4, 45, 25]
[34, 10, 20]
[35, 14, 22]
[4, 40, 47]
[17, 33, 39]
[9, 39, 31]
[49, 31, 29]
[42, 35, 35]
[8, 4, 36]
[31, 23, 10]
[15, 41, 52]
[38, 49, 35]
[35, 13, 43]
[24, 37, 7]
[51, 15, 11]
[18, 41, 7]
[36, 23, 26]
[35, 38, 52]
[37, 51, 43]
[21, 4, 17]
[23, 26, 37]
[13, 27, 46]
[24, 18, 26]
[42, 44, 7]
[9, 52, 32]
[34, 24, 33]
[31, 17, 36]
[16, 49, 33]
[29, 40, 41]
[10, 14, 50]
[44, 40, 35]
[32, 36, 29]
[49, 43, 10]
[31, 19, 32]
[10, 23, 37]
[37, 22, 29]
[26, 22, 6]
[28, 16, 32]
[27, 30, 20]
[30, 26, 18]
[34, 40, 47]
[28, 22, 45]
[12, 47, 15]
[27, 49, 46]
[19, 35, 4]
[30, 22, 6]
[19, 27, 32]
[6, 8, 24]
[11, 5, 31]
[34, 41, 49]
[20, 13, 44]
[32, 4, 18]
[30, 42, 47]
[30, 10, 40]
[52, 16, 11]
[30, 43, 43]
[19, 28, 10]
[26, 40, 51]
[15, 25, 49]
[32, 50, 38]
[52, 13, 41]
[12, 4, 22]
[4, 29, 38]
[18, 14, 48]
[48, 19, 29]
[43, 36, 12]
[17, 44, 12]
[39, 25, 22]
[28, 38, 27]
[14, 27, 4]
[12, 6, 5]
[44, 14, 4]
[36, 50, 24]
[50, 16, 14]
[47, 16, 45]
[41, 50, 14]
[7, 21, 12]
[30, 31, 31]
[24, 20, 20]
[49, 45, 50]
[16, 9, 26]
[22, 50, 40]
[50, 36, 7]
[7, 10, 17]
[39, 37, 48]
[8, 22, 39]
[11, 16, 4]
[42, 26, 5]
[30, 27, 42]
[47, 33, 29]
[13, 20, 35]
[44, 51, 15]
[5, 16, 6]
[6, 6, 31]
[25, 19, 49]
[52, 30, 35]
[21, 35, 38]
[37, 46, 34]
[37, 17, 36]
[31, 36, 44]
[38, 13, 42]
[35, 7, 17]
[40, 5, 7]
[4, 21, 42]
[28, 33, 32]
[10, 48, 7]
[31, 34, 35]
[10, 41, 10]
[36, 45, 49]
[49, 6, 33]
[48, 4, 15]
[33, 50, 11]
[25, 21, 31]
[50, 30, 14]
[31, 30, 34]
[43, 16, 25]
[14, 37, 26]
[31, 7, 24]
[36, 41, 21]
[34, 23, 47]
[7, 15, 22]
[9, 43, 20]
[17, 48, 19]
[10, 25, 42]
[47, 48, 13]
[24, 25, 51]
[19, 44, 14]
[33, 38, 23]
[23, 46, 45]
[25, 34, 36]
[22, 10, 39]
[9, 5, 33]
[5, 27, 21]
[40, 22, 27]
[24, 6, 45]
[44, 25, 30]
[40, 21, 5]
[38, 28, 28]
[49, 42, 17]
[34, 45, 48]
[5, 29, 40]
[15, 18, 13]
[44, 15, 8]
[24, 35, 28]
[37, 17, 36]
[31, 8, 28]
[26, 52, 9]
[44, 21, 31]
[37, 19, 33]
[46, 34, 28]
[25, 51, 34]
[30, 29, 4]
[15, 46, 8]
[9, 19, 36]
[42, 8, 40]
[48, 34, 17]
[5, 51, 41]
[15, 30, 33]
[48, 49, 16]
[34, 36, 39]
[36, 48, 41]
[33, 27, 27]
[15, 43, 17]
[16, 27, 42]
[14, 9, 49]
[19, 36, 10]
[47, 51, 15]
[30, 15, 18]
[45, 41, 47]
[43, 50, 49]
[9, 36, 39]
[41, 30, 18]
[10, 33, 19]
[48, 6, 49]
[11, 42, 9]
[5, 45, 30]
[9, 39, 46]
[39, 25, 29]
[34, 51, 10]
[13, 43, 35]
[31, 43, 25]
[42, 42, 17]
[12, 27, 14]
[9, 33, 16]
[45, 5, 38]
[18, 31, 50]
[50, 37, 44]
[23, 36, 34]
[31, 18, 13]
[26, 14, 44]
[32, 12, 12]
[29, 32, 51]
[6, 50, 7]
[47, 11, 26]
[42, 31, 51]
[40, 20, 36]
[16, 6, 6]
[15, 30, 4]
[47, 49, 30]
[23, 44, 49]
[37, 43, 30]
[45, 20, 24]
[49, 23, 25]
[24, 34, 43]
[19, 44, 13]
[50, 30, 17]
[31, 39, 17]
[46, 41, 37]
[43, 39, 23]
[9, 8, 20]
[29, 29, 28]
[23, 30, 43]
[26, 8, 16]
[14, 17, 47]
[31, 16, 26]
[40, 25, 30]
[13, 6, 50]
[30, 12, 29]
[16, 32, 18]
[50, 19, 41]
[17, 52, 37]
[19, 32, 41]
[29, 40, 10]
[32, 43, 44]
[47, 11, 48]
[27, 20, 19]
[17, 15, 19]
[48, 32, 28]
[38, 30, 32]
[35, 46, 16]
[7, 26, 19]
[11, 6, 32]
[9, 49, 19]
[39, 52, 7]
[15, 35, 35]
[18, 28, 49]
[36, 10, 52]
[19, 14, 46]
[27, 14, 33]
[41, 12, 39]
[7, 40, 35]
[27, 17, 16]
[27, 21, 49]
[4, 32, 22]
[23, 25, 18]
[51, 37, 24]
[16, 40, 30]
[50, 34, 52]
[35, 17, 11]
[4, 17, 52]
[17, 9, 44]
[21, 37, 26]
[37, 41, 25]
[6, 13, 7]
[35, 35, 28]
[17, 6, 22]
[30, 16, 4]
[35, 46, 42]
[47, 33, 34]
[22, 19, 43]
[43, 46, 6]
[24, 49, 41]
[36, 7, 48]
[41, 29, 48]
[45, 41, 28]
[17, 23, 50]
[47, 4, 29]
[42, 45, 41]
[50, 29, 14]
[40, 22, 51]
[33, 10, 39]
[45, 39, 16]
[17, 29, 51]
[18, 17, 21]
[39, 37, 51]
[39, 15, 23]
[50, 9, 8]
[28, 24, 46]
[50, 25, 15]
[33, 31, 36]
[51, 24, 49]
[13, 11, 21]
[12, 34, 35]
[5, 27, 7]
[32, 15, 17]
[44, 4, 34]
[36, 40, 42]
[44, 48, 15]
[5, 8, 45]
[35, 10, 9]
[17, 5, 50]
[26, 40, 14]
[48, 16, 30]
[28, 9, 52]
[44, 35, 24]
[23, 29, 30]
[40, 50, 45]
[5, 5, 52]
[52, 51, 35]
[4, 18, 19]
[49, 31, 45]
[40, 13, 28]
[37, 34, 12]
[30, 34, 19]
[21, 8, 41]
[5, 9, 40]
[24, 36, 44]
[6, 31, 15]
[27, 50, 32]
[48, 11, 10]
[38, 15, 15]
[52, 13, 12]
[19, 41, 22]
[43, 46, 21]
[39, 34, 23]
[20, 44, 13]
[24, 51, 24]
[48, 17, 4]
[25, 22, 20]
[32, 26, 26]
[19, 28, 5]
[7, 5, 34]
[37, 32, 14]
[20, 52, 30]
[20, 8, 16]
[15, 37, 12]
[44, 46, 40]
[40, 27, 18]
[36, 15, 26]
[22, 32, 48]
[26, 10, 46]
[50, 7, 36]
[37, 33, 51]
[33, 51, 36]
[10, 46, 13]
[44, 20, 6]
[19, 26, 14]
[12, 37, 35]
[35, 50, 11]
[38, 9, 32]
[31, 22, 30]
[28, 42, 14]
[18, 39, 20]
[20, 33, 46]
[34, 11, 17]
[39, 45, 14]
[6, 9, 25]
[22, 40, 42]
[40, 6, 40]
[25, 32, 33]
[8, 17, 41]
[43, 38, 32]
[10, 38, 30]
[4, 36, 8]
[6, 23, 49]
[49, 29, 38]
[50, 20, 23]
[16, 20, 9]
[9, 19, 22]
[16, 28, 38]
[34, 45, 5]
[21, 15, 48]
[18, 16, 11]
[33, 32, 9]
[5, 47, 8]
[50, 29, 38]
[36, 18, 37]
[45, 43, 40]
[50, 17, 5]
[21, 17, 8]
[14, 39, 16]
[28, 30, 49]
[51, 23, 11]
[32, 6, 15]
[43, 12, 8]
[39, 15, 30]
[47, 12, 35]
[9, 51, 47]
[38, 9, 31]
[47, 9, 26]
[8, 16, 34]
[9, 44, 46]
[12, 5, 33]
[25, 29, 28]
[47, 12, 20]
[26, 4, 28]
[40, 15, 24]
[37, 50, 35]
[31, 52, 13]
[13, 26, 9]
[27, 11, 11]
[28, 50, 4]
[45, 25, 22]
[6, 41, 10]
[41, 26, 12]
[4, 13, 15]
[28, 32, 46]
[12, 12, 15]
[43, 39, 51]
[41, 23, 44]
[43, 51, 44]
[21, 18, 13]
[44, 4, 52]
[15, 7, 14]
[12, 12, 43]
[6, 15, 14]
[43, 9, 22]
[32, 39, 46]
[26, 45, 51]
[16, 9, 23]
[12, 23, 4]
[24, 8, 14]
[23, 5, 33]
[50, 33, 31]
[28, 34, 39]
[36, 24, 11]
[19, 10, 37]
[36, 24, 27]
[18, 34, 34]
[8, 48, 26]
[11, 25, 24]
[7, 21, 27]
[4, 52, 36]
[15, 52, 30]
[21, 11, 22]
[16, 51, 20]
[36, 42, 50]
[48, 30, 18]
[20, 16, 41]
[41, 8, 15]
[46, 35, 7]
[6, 31, 41]
[18, 15, 43]
[30, 44, 20]
[38, 22, 22]
[49, 10, 48]
[23, 48, 19]
[27, 38, 39]
[32, 19, 46]
[30, 6, 28]
[40, 26, 19]
[35, 34, 27]
[40, 33, 46]
[23, 24, 29]
[30, 13, 52]
[29, 25, 16]
[49, 35, 31]
[8, 49, 17]
[14, 4, 48]
[9, 19, 11]
[37, 5, 7]
[29, 43, 9]
[38, 13, 27]
[4, 7, 18]
[41, 17, 35]
[42, 43, 8]
[50, 29, 25]
[47, 25, 39]
[50, 18, 23]
[42, 23, 44]
[34, 8, 42]
[18, 18, 11]
[19, 42, 7]
[25, 43, 23]
[11, 22, 21]
[40, 27, 26]
[42, 36, 29]
[5, 4, 31]
[50, 42, 19]
[31, 49, 36]
[30, 25, 29]
[17, 21, 13]
[35, 44, 32]
[24, 26, 33]
[42, 4, 38]
[20, 31, 18]
[32, 20, 16]
[7, 29, 49]
[42, 30, 52]
[38, 52, 20]
[8, 12, 18]
[34, 15, 28]
[38, 10, 5]
[24, 13, 15]
[15, 12, 35]
[33, 32, 16]
[35, 34, 4]
[17, 37, 36]
[20, 23, 48]
[30, 31, 10]
[49, 33, 17]
[29, 8, 52]
[45, 10, 36]
[43, 27, 22]
[6, 8, 26]
[47, 23, 26]
[22, 38, 26]
[34, 49, 10]
[30, 26, 6]
[37, 7, 7]
[24, 13, 27]
[16, 43, 36]
[27, 16, 44]
[32, 48, 44]
[7, 46, 34]
[24, 20, 28]
[18, 7, 5]
[14, 38, 23]
[22, 40, 48]
[38, 45, 19]
[20, 20, 40]
[45, 51, 32]
[5, 42, 11]
[52, 10, 37]
[6, 30, 52]
[22, 45, 21]
[15, 27, 50]
[50, 27, 5]
[47, 14, 25]
[22, 38, 16]
[27, 8, 30]
[51, 51, 18]
[21, 14, 27]
[51, 5, 49]
[34, 22, 4]
[10, 43, 13]
[33, 46, 37]
[5, 37, 5]
[12, 37, 36]
[37, 40, 30]
[50, 34, 9]
[20, 11, 19]
[38, 46, 44]
[48, 49, 12]
[16, 31, 11]
[49, 10, 35]
[12, 31, 41]
[27, 39, 40]
[22, 46, 46]
[33, 16, 52]
[16, 5, 5]
[13, 30, 10]
[4, 9, 51]
[13, 22, 43]
[10, 40, 5]
[41, 22, 21]
[36, 48, 41]
[17, 27, 27]
[43, 30, 39]
[31, 43, 21]
[28, 14, 32]
[16, 26, 23]
[44, 28, 34]
[40, 17, 42]
[44, 7, 22]
[46, 12, 42]
[10, 44, 20]
[20, 43, 27]
[51, 9, 19]
[27, 43, 11]
[30, 25, 35]
[48, 27, 33]
[32, 52, 9]
[26, 40, 10]
[29, 25, 12]
[13, 37, 15]
[30, 45, 48]
[43, 18, 7]
[49, 19, 38]
[36, 40, 9]
[24, 42, 42]
[35, 13, 23]
[30, 51, 21]
[48, 18, 42]
[25, 8, 44]
[32, 47, 4]
[23, 21, 23]
[19, 50, 26]
[7, 47, 47]
[27, 11, 19]
[34, 17, 14]
[7, 24, 9]
[50, 4, 35]
[41, 49, 4]
[37, 16, 41]
[27, 9, 31]
[5, 15, 13]
[35, 20, 25]
[34, 19, 30]
[32, 26, 42]
[48, 34, 7]
[33, 49, 38]
[48, 6, 36]
[31, 25, 34]
[15, 21, 15]
[43, 18, 14]
[42, 31, 23]
[21, 29, 47]
[10, 42, 24]
[10, 47, 50]
[36, 39, 37]
[12, 35, 27]
[14, 6, 14]
[32, 12, 48]
[5, 39, 16]
[46, 41, 38]
[4, 38, 31]
[21, 11, 32]
[37, 8, 9]
[14, 31, 24]
[7, 52, 15]
[17, 47, 40]
[25, 35, 34]
[46, 51, 14]
[31, 33, 30]
[39, 30, 18]
[49, 40, 52]
[33, 19, 20]
[4, 29, 52]
[40, 31, 20]
[17, 10, 16]
[14, 43, 40]
[50, 5, 26]
[17, 41, 48]
[51, 12, 13]
[49, 4, 4]
[20, 19, 19]
[19, 29, 11]
[13, 18, 43]
[13, 32, 34]
[21, 24, 10]
[52, 52, 38]
[14, 5, 5]
[46, 47, 52]
[4, 15, 52]
[9, 29, 18]
[41, 51, 40]
[39, 46, 45]
[9, 45, 14]
[24, 30, 43]
[26, 5, 32]
[19, 34, 29]
[16, 20, 29]
[51, 45, 43]
[8, 18, 41]
[39, 28, 25]
[46, 46, 43]
[14, 10, 40]
[30, 35, 37]
[7, 29, 9]
[32, 34, 39]
[10, 21, 45]
[4, 42, 46]
[37, 14, 14]
[14, 12, 37]
[15, 22, 51]
[11, 4, 11]
[50, 45, 28]
[23, 19, 43]
[27, 46, 51]
[52, 40, 9]
[48, 52, 34]
[38, 33, 45]
[38, 37, 9]
[12, 31, 41]
[31, 13, 26]
[39, 41, 32]
[42, 31, 11]
[39, 48, 32]
[22, 23, 46]
[49, 38, 13]
[39, 8, 7]
[12, 7, 40]
[30, 14, 12]
[28, 4, 42]
[21, 8, 13]
[7, 36, 8]
[16, 42, 51]
[28, 37, 37]
[8, 42, 45]
[33, 32, 20]
[28, 18, 5]
[26, 41, 10]
[34, 41, 6]
[10, 19, 51]
[43, 35, 13]
[8, 36, 33]
[40, 46, 35]
[12, 22, 48]
[30, 7, 21]
[15, 29, 37]
[39, 9, 31]
[16, 43, 51]
[4, 37, 42]
[21, 23, 19]
[20, 36, 33]
[29, 34, 14]
[36, 24, 22]
[13, 13, 9]
[38, 47, 23]
[20, 48, 8]
[49, 5, 47]
[30, 11, 51]
[37, 25, 49]
[35, 27, 8]
[28, 39, 24]
[47, 11, 43]
[5, 40, 26]
[14, 4, 45]
[42, 14, 35]
[19, 51, 48]
[46, 41, 30]
[43, 28, 21]
[17, 20, 36]
[8, 41, 43]
[29, 32, 49]
[18, 7, 11]
[29, 18, 50]
[7, 39, 22]
[30, 38, 33]
[26, 21, 15]
[21, 49, 35]
[26, 52, 33]
[47, 28, 46]
[48, 14, 52]
[13, 39, 49]
[25, 31, 11]
[4, 25, 14]
[43, 17, 23]
[32, 50, 24]
[51, 17, 12]
[14, 46, 5]
[41, 25, 22]
[27, 6, 21]
[32, 13, 7]
[46, 20, 30]
[14, 10, 33]
[18, 44, 18]
[4, 43, 50]
[6, 32, 17]
[27, 25, 43]
[49, 13, 15]
[35, 5, 30]
[4, 19, 37]
[38, 28, 43]
[26, 33, 44]
[33, 28, 12]
[41, 14, 46]
[10, 16, 30]
[23, 16, 49]
[16, 28, 21]
[24, 32, 16]
[9, 26, 17]
[6, 29, 8]
[44, 28, 43]
[40, 43, 31]
[24, 4, 10]
[38, 16, 27]
[22, 9, 38]
[34, 49, 52]
[52, 12, 8]
[39, 35, 11]
[6, 45, 8]
[45, 17, 7]
[16, 12, 26]
[50, 39, 34]
[22, 5, 12]
[36, 38, 51]
[51, 26, 19]
[18, 13, 40]
[15, 41, 34]
[15, 20, 38]
[25, 24, 43]
[39, 38, 29]
[28, 47, 9]
[32, 26, 50]
[19, 48, 47]
[30, 5, 5]
[47, 39, 44]
[48, 30, 44]
[44, 31, 24]
[42, 36, 12]
[16, 6, 17]
[30, 4, 23]
[28, 35, 8]
[10, 19, 37]
[46, 51, 36]
[52, 10, 30]
[52, 17, 14]
[9, 48, 38]
[8, 41, 7]
[29, 39, 10]
[35, 28, 30]
[19, 48, 13]
[25, 45, 52]
[33, 44, 23]
[39, 28, 39]
[39, 39, 11]
[52, 36, 22]
[12, 51, 17]
[5, 7, 31]
[51, 24, 21]
[18, 39, 31]
[6, 5, 42]
[35, 29, 10]
[21, 14, 21]
[32, 15, 20]
[22, 29, 5]
[50, 28, 52]
[39, 33, 6]
[41, 13, 44]
[25, 49, 15]
[4, 21, 50]
[13, 6, 9]
[29, 24, 22]
[25, 40, 47]
[48, 52, 17]
[47, 38, 46]
[38, 18, 19]
[5, 18, 42]
[14, 37, 20]
[26, 26, 34]
[6, 51, 15]
[48, 15, 41]
[20, 33, 33]
[43, 25, 12]
[19, 41, 25]
[29, 45, 40]
[42, 23, 35]
[17, 19, 13]
[36, 9, 25]
[24, 9, 21]
[17, 49, 39]
[17, 15, 42]
[27, 49, 13]
[12, 4, 46]
[46, 36, 9]
[29, 26, 29]
[26, 13, 12]
[36, 38, 28]
[32, 39, 50]
[37, 7, 51]
[28, 49, 49]
[44, 52, 47]
[34, 28, 24]
[38, 41, 4]
[5, 44, 16]
[37, 9, 11]
[51, 47, 19]
[29, 7, 45]
[44, 48, 37]
[38, 22, 41]
[27, 50, 19]
[22, 22, 23]
[29, 31, 36]
[33, 48, 48]
[40, 47, 12]
[11, 12, 51]
[29, 11, 51]
[19, 11, 31]
[13, 47, 32]
[45, 28, 16]
[6, 20, 29]
[51, 35, 42]
[15, 44, 18]
[4, 5, 30]
[23, 22, 6]
[12, 13, 10]
[52, 38, 24]
[40, 37, 20]
[15, 6, 36]
[35, 24, 31]
[34, 33, 16]
[33, 18, 30]
[23, 14, 35]
[13, 25, 27]
[21, 22, 5]
[52, 7, 22]
[22, 19, 4]
[17, 19, 8]
[10, 47, 44]
[15, 6, 47]
[27, 31, 6]
[49, 22, 35]
[29, 22, 35]
[43, 36, 45]
[41, 52, 31]
[47, 10, 25]
[29, 51, 22]
[28, 6, 36]
[23, 33, 50]
[42, 27, 18]
[20, 38, 21]
[28, 52, 40]
[22, 52, 6]
[29, 13, 13]
[30, 14, 19]
[40, 13, 40]
[32, 7, 42]
[34, 16, 27]
[11, 45, 24]
[26, 42, 46]
[26, 21, 25]
[41, 23, 5]
[28, 39, 25]
[5, 36, 29]
[39, 49, 9]
[33, 6, 45]
[40, 42, 37]
[49, 7, 7]
[8, 17, 28]
[28, 5, 5]
[19, 35, 5]
[28, 12, 36]
[52, 20, 33]
[30, 42, 25]
[40, 50, 4]
[5, 33, 20]
[50, 8, 45]
[8, 21, 15]
[49, 20, 27]
[12, 13, 32]
[5, 19, 51]
[35, 12, 25]
[31, 7, 10]
[26, 27, 44]
[34, 14, 14]
[23, 10, 12]
[20, 52, 49]
[20, 49, 20]
[44, 23, 45]
[14, 4, 51]
[43, 42, 6]
[5, 12, 34]
[11, 35, 50]
[38, 10, 38]
[35, 14, 13]
[21, 27, 7]
[49, 18, 32]
[29, 22, 40]
[42, 20, 10]
[38, 35, 12]
[13, 48, 11]
[18, 10, 33]
[46, 19, 34]
[34, 21, 50]
[43, 13, 33]
[38, 47, 9]
[8, 16, 27]
[11, 7, 19]
[34, 25, 49]
[47, 18, 9]
[31, 21, 37]
[40, 42, 21]
[34, 15, 8]
[45, 30, 48]
[29, 51, 39]
[43, 24, 47]
[23, 37, 19]
[15, 50, 5]
[19, 10, 27]
[5, 16, 35]
[38, 36, 39]
[34, 4, 13]
[11, 49, 29]
[11, 42, 7]
[17, 42, 36]
[15, 6, 4]
[7, 31, 16]
[20, 47, 5]
[48, 32, 18]
[41, 31, 14]
[16, 7, 45]
[28, 17, 40]
[24, 48, 51]
[27, 46, 6]
[25, 30, 36]
[46, 48, 17]
[44, 32, 34]
[51, 47, 28]
[25, 37, 46]
[52, 34, 28]
[51, 52, 30]
[6, 28, 52]
[19, 19, 18]
[8, 38, 7]
[12, 8, 27]
[45, 7, 46]
[49, 26, 6]
[13, 41, 38]
[45, 6, 22]
[45, 8, 30]
[24, 43, 25]
[9, 45, 52]
[7, 17, 17]
[52, 40, 45]
[22, 5, 25]
[11, 52, 39]
[46, 26, 20]
[43, 11, 38]
[25, 39, 35]
[15, 24, 18]
[10, 9, 32]
[35, 29, 52]
[23, 33, 16]
[42, 38, 12]
[42, 39, 34]
[37, 20, 24]
[44, 45, 50]
[29, 13, 46]
[11, 13, 6]
[17, 30, 27]
[20, 7, 42]
[27, 15, 33]
[31, 8, 21]
[5, 20, 17]
[51, 11, 41]
[43, 26, 16]
[33, 49, 4]
[13, 45, 49]
[38, 21, 28]
[20, 38, 39]
[4, 51, 20]
[45, 44, 49]
[45, 25, 19]
[15, 19, 19]
[47, 14, 40]
[30, 47, 52]
[25, 34, 19]
[41, 18, 20]
[13, 51, 34]
[6, 38, 41]
[7, 34, 6]
[37, 17, 48]
[46, 35, 40]
[6, 28, 5]
[44, 18, 10]
[26, 21, 31]
[31, 11, 38]
[35, 24, 29]
[37, 23, 14]
[15, 11, 23]
[13, 9, 50]
[26, 49, 22]
[4, 10, 43]
[28, 26, 4]
[27, 33, 12]
[21, 47, 18]
[46, 36, 25]
[30, 48, 17]
[13, 12, 46]
[52, 4, 40]
[22, 6, 33]
[20, 14, 21]
[41, 34, 48]
[37, 25, 49]
[32, 11, 42]
[25, 19, 40]
[9, 21, 36]
[14, 40, 12]
[7, 4, 41]
[26, 9, 34]
[49, 31, 38]
[31, 48, 48]
[5, 36, 50]
[12, 8, 34]
[17, 38, 24]
[51, 21, 8]
[38, 21, 33]
[22, 15, 26]
[4, 29, 28]
[21, 41, 24]
[22, 47, 26]
[48, 32, 44]
[50, 13, 6]
[28, 44, 26]
[29, 50, 28]
[11, 44, 44]
[49, 29, 10]
[50, 21, 25]
[11, 38, 44]
[4, 42, 50]
[9, 38, 17]
[17, 44, 7]
[48, 26, 14]
[16, 43, 24]
[18, 30, 38]
[11, 15, 19]
[24, 27, 31]
[8, 12, 5]
[10, 26, 9]
[31, 37, 30]
[4, 8, 19]
[26, 21, 42]
[50, 40, 49]
[24, 37, 39]
[45, 52, 38]
[24, 24, 26]
[21, 24, 39]
[39, 28, 9]
[40, 23, 47]
[42, 17, 28]
[42, 36, 12]
[32, 15, 49]
[40, 20, 49]
[34, 37, 22]
[27, 28, 16]
[41, 12, 16]
[42, 37, 50]
[26, 32, 47]
[15, 16, 32]
[26, 41, 46]
[21, 36, 37]
[29, 4, 25]
[7, 11, 10]
[14, 41, 14]
[9, 10, 43]
[40, 22, 22]
[9, 10, 14]
[6, 47, 42]
[12, 38, 6]
[13, 16, 47]
[14, 17, 47]
[39, 48, 52]
[46, 11, 30]
[7, 51, 50]
[19, 14, 48]
[38, 25, 32]
[52, 30, 28]
[48, 33, 29]
[25, 6, 44]
[32, 18, 50]
[25, 12, 8]
[49, 10, 51]
[16, 19, 35]
[33, 10, 29]
[51, 11, 21]
[21, 19, 47]
[17, 11, 11]
[45, 24, 28]
[39, 14, 20]
[8, 30, 46]
[48, 12, 21]
[20, 46, 36]
[26, 17, 25]
[6, 44, 34]
[7, 52, 43]
[20, 36, 16]
[51, 11, 32]
[33, 43, 8]
[18, 42, 4]
[20, 11, 6]
[52, 12, 36]
[46, 38, 25]
[11, 13, 15]
[21, 7, 28]
[18, 37, 6]
[28, 18, 37]
[47, 37, 34]
[49, 24, 28]
[42, 16, 26]
[9, 24, 46]
[18, 46, 41]
[38, 21, 43]
[41, 10, 17]
[16, 7, 4]
[49, 39, 26]
[17, 26, 21]
[41, 24, 37]
[15, 51, 6]
[25, 21, 26]
[18, 30, 8]
[16, 5, 52]
[24, 34, 18]
[43, 22, 34]
[13, 6, 18]
[20, 17, 34]
[34, 18, 41]
[49, 23, 15]
[46, 48, 32]
[23, 32, 20]
[11, 33, 34]
[25, 32, 33]
[46, 7, 6]
[41, 42, 10]
[24, 43, 19]
[33, 34, 29]
[45, 45, 11]
[36, 10, 52]
[29, 28, 44]
[12, 48, 34]
[18, 35, 51]
[37, 36, 25]
[20, 29, 48]
[42, 4, 51]
[33, 7, 24]
[47, 41, 33]
[40, 33, 35]
[16, 50, 10]
[25, 23, 44]
[15, 23, 43]
[23, 38, 12]
[35, 16, 5]
[36, 50, 18]
[21, 21, 9]
[15, 28, 5]
[45, 25, 43]
[45, 47, 4]
[38, 26, 48]
[43, 5, 17]
[46, 33, 6]
[17, 48, 27]
[43, 43, 38]
[47, 12, 49]
[25, 5, 22]
[16, 35, 15]
[31, 18, 24]
[52, 27, 15]
[48, 48, 51]
[50, 35, 27]
[48, 35, 50]
[44, 51, 24]
[46, 22, 8]
[49, 37, 14]
[18, 17, 9]
[39, 46, 25]
[39, 12, 27]
[31, 40, 17]
[20, 46, 18]
[31, 35, 18]
[20, 25, 20]
[27, 20, 11]
[13, 14, 44]
[14, 11, 6]
[15, 44, 4]
[13, 43, 39]
[49, 25, 10]
[7, 40, 43]
[21, 18, 13]
[8, 44, 14]
[18, 44, 39]
[25, 5, 52]
[45, 26, 17]
[29, 37, 43]
[49, 35, 38]
[13, 22, 24]
[29, 19, 45]
[4, 42, 35]
[48, 31, 23]
[40, 26, 51]
[43, 21, 17]
[51, 30, 30]
[36, 19, 13]
[7, 46, 10]
[18, 51, 18]
[12, 24, 39]
[23, 31, 13]
[16, 39, 6]
[20, 23, 31]
[18, 12, 36]
[41, 32, 52]
[36, 44, 15]
[7, 20, 8]
[21, 32, 39]
[40, 52, 6]
[20, 45, 33]
[19, 45, 47]
[22, 24, 32]
[12, 21, 6]
[11, 9, 40]
[12, 14, 39]
[8, 17, 23]
[49, 35, 5]
[46, 31, 11]
[33, 11, 50]
[44, 36, 45]
[36, 46, 29]
[42, 45, 8]
[7, 15, 41]
[23, 13, 29]
[4, 23, 18]
[33, 9, 44]
[15, 15, 45]
[8, 33, 11]
[21, 44, 26]
[4, 51, 23]
[27, 38, 36]
[23, 38, 36]
[22, 41, 10]
[13, 42, 20]
[5, 21, 32]
[32, 41, 8]
[32, 28, 34]
[35, 19, 28]
[46, 34, 4]
[31, 22, 24]
[37, 31, 8]
[52, 15, 42]
[48, 49, 6]
[17, 5, 16]
[47, 31, 38]
[44, 37, 18]
[40, 31, 42]
[11, 51, 13]
[8, 20, 34]
[22, 50, 29]
