[34, 40, 19]
[41, 25, 32]
[20, 42, 30]
[27, 23, 35]
[22, 14, 7]
[32, 13, 9]
[35, 28, 49]
[16, 37, 10]
[21, 5, 44]
[29, 16, 52]
[11, 5, 23]
[40, 34, 7]
[9, 24, 12]
[18, 52, 8]
[26, 32, 46]
[49, 11, 50]
[36, 37, 25]
[47, 32, 32]
[11, 34, 23]
[33, 13, 39]
[22, 42, 39]
[40, 24, 19]
[10, 40, 32]
[11, 4, 20]
[49, 19, 25]
[6, 34, 5]
[24, 9, 26]
[46, 38, 8]
[47, 34, 37]
[15, 47, 10]
[48, 44, 33]
[41, 42, 26]
[46, 13, 21]
[45, 35, 16]
[4, 13, 49]
[52, 11, 24]
[20, 41, 22]
[23, 32, 42]
[10, 6, 22]
[24, 9, 21]
[52, 5, 17]
[5, 4, 27]
[28, 44, 24]
[46, 31, 47]
[34, 20, 45]
[36, 46, 46]
[35, 51, 28]
[4, 50, 52]
[33, 41, 33]
[13, 42, 17]
[12, 38, 51]
[49, 5, 22]
[10, 7, 32]
[28, 28, 50]
[21, 15, 14]
[24, 17, 17]
[40, 29, 5]
[38, 16, 18]
[15, 42, 40]
[34, 43, 51]
[35, 49, 23]
[16, 24, 42]
[46, 13, 34]
[43, 21, 38]
[29, 46, 13]
[45, 38, 46]
[5, 8, 17]
[4, 23, 5]
[51, 52, 20]
[8, 42, 5]
[52, 44, 6]
[7, 48, 17]
[17, 26, 49]
[26, 12, 16]
[34, 10, 44]
[5, 10, 11]
[36, 11, 5]
[23, 32, 42]
[29, 49, 45]
[4, 5, 15]
[26, 41, 39]
[46, 27, 37]
[19, 10, 44]
[23, 51, 9]
[41, 28, 28]
[15, 38, 42]
[23, 9, 40]
[23, 8, 34]
[10, 5, 4]
[39, 42, 7]
[12, 51, 24]
[12, 43, 19]
[33, 46, 31]
[36, 16, 27]
[44, 38, 45]
[30, 29, 52]
[33, 12, 51]
[40, 47, 37]
[18, 40, 11]
[43, 35, 20]
[36, 43, 50]
[13, 14, 10]
[40, 34, 40]
[13, 47, 5]
[7, 22, 46]
[29, 23, 16]
[50, 5, 21]
[13, 30, 35]
[26, 15, 4]
[6, 30, 48]
[45, 29, 50]
[8, 37, 36]
[49, 46, 47]
[48, 50, 14]
[37, 48, 49]
[4, 9, 52]
[23, 8, 33]
[15, 35, 47]
[41, 14, 19]
[29, 39, 8]
[38, 28, 9]
[45, 30, 12]
[15, 30, 15]
[25, 12, 38]
[8, 28, 20]
[5, 39, 34]
[40, 24, 13]
[29, 30, 29]
[15, 43, 23]
[50, 17, 11]
[52, 10, 24]
[6, 9, 52]
[22, 15, 20]
[14, 5, 9]
[30, 36, 31]
[34, 43, 52]
[37, 23, 14]
[28, 31, 47]
[35, 16, 6]
[10, 9, 39]
[22, 11, 16]
[24, 48, 46]
[13, 37, 12]
[13, 22, 7]
[10, 21, 34]
[12, 38, 44]
[49, 6, 37]
[42, 45, 14]
[14, 51, 38]
[52, 23, 33]
[50, 45, 16]
[26, 16, 29]
[45, 19, 37]
[7, 36, 22]
[43, 46, 31]
[42, 24, 34]
[52, 29, 5]
[21, 43, 20]
[45, 31, 49]
[41, 45, 20]
[5, 32, 45]
[29, 41, 11]
[17, 38, 40]
[37, 17, 36]
[6, 39, 5]
[28, 30, 36]
[24, 21, 27]
[35, 36, 13]
[35, 33, 50]
[8, 48, 20]
[42, 18, 35]
[6, 47, 9]
[36, 48, 8]
[5, 35, 40]
[17, 32, 48]
[46, 23, 13]
[22, 51, 24]
[14, 7, 47]
[5, 22, 17]
[28, 38, 47]
[25, 37, 21]
[27, 13, 46]
[23, 8, 24]
[37, 27, 26]
[26, 18, 21]
[47, 40, 10]
[25, 40, 19]
[23, 19, 26]
[15, 26, 48]
[44, 4, 32]
[33, 28, 31]
[46, 47, 15]
[27, 41, 26]
[35, 18, 28]
[32, 21, 47]
[41, 10, 34]
[8, 8, 23]
[48, 24, 52]
[50, 33, 13]
[38, 20, 43]
[21, 14, 6]
[21, 14, 35]
[4, 52, 27]
[37, 35, 18]
[15, 24, 45]
[12, 24, 35]
[15, 27, 51]
[31, 31, 4]
[11, 47, 34]
[33, 7, 8]
[21, 30, 23]
[48, 51, 39]
[24, 16, 16]
[28, 44, 44]
[7, 20, 9]
[10, 40, 26]
[10, 46, 5]
[39, 32, 10]
[11, 31, 12]
[33, 21, 40]
[4, 28, 19]
[16, 39, 35]
[17, 33, 37]
[37, 30, 17]
[9, 20, 7]
[41, 21, 15]
[45, 49, 42]
[9, 7, 41]
[42, 36, 21]
[14, 24, 38]
[18, 39, 41]
[21, 17, 25]
[23, 28, 8]
[8, 18, 41]
[7, 4, 13]
[23, 51, 51]
[38, 24, 22]
[49, 14, 49]
[9, 18, 18]
[8, 27, 28]
[33, 37, 33]
[34, 38, 43]
[34, 49, 8]
[18, 16, 15]
[44, 27, 18]
[7, 45, 34]
[24, 41, 50]
[15, 22, 41]
[25, 27, 38]
[34, 25, 46]
[48, 9, 7]
[37, 24, 12]
[42, 34, 31]
[12, 47, 38]
[29, 32, 18]
[25, 26, 35]
[31, 27, 44]
[28, 47, 24]
[13, 14, 14]
[7, 37, 32]
[15, 19, 48]
[48, 14, 10]
[18, 52, 49]
[49, 11, 29]
[31, 22, 25]
[30, 45, 47]
[17, 25, 40]
[43, 15, 16]
[51, 42, 45]
[39, 48, 8]
[35, 7, 48]
[12, 44, 31]
[10, 15, 28]
[16, 4, 21]
[38, 11, 12]
[37, 7, 5]
[46, 32, 16]
[17, 7, 32]
[29, 16, 41]
[25, 22, 31]
[27, 38, 45]
[29, 45, 26]
[41, 10, 38]
[31, 8, 32]
[26, 38, 10]
[26, 47, 29]
[32, 22, 20]
[46, 46, 25]
[40, 47, 48]
[8, 41, 25]
[28, 44, 15]
[45, 18, 33]
[8, 16, 40]
[52, 22, 5]
[40, 8, 27]
[49, 41, 39]
[46, 14, 39]
[38, 34, 22]
[40, 42, 33]
[43, 49, 34]
[23, 28, 38]
[12, 6, 10]
[6, 23, 38]
[20, 48, 42]
[14, 6, 22]
[51, 28, 28]
[47, 13, 38]
[23, 45, 49]
[32, 21, 27]
[36, 24, 25]
[12, 30, 27]
[45, 9, 32]
[42, 12, 32]
[26, 4, 16]
[32, 12, 30]
[52, 4, 52]
[50, 33, 51]
[24, 35, 35]
[12, 10, 7]
[5, 39, 51]
[50, 44, 43]
[36, 35, 12]
[50, 39, 25]
[48, 19, 52]
[7, 52, 25]
[52, 50, 25]
[43, 25, 17]
[25, 15, 15]
[47, 25, 28]
[5, 20, 21]
[26, 6, 36]
[41, 20, 28]
[30, 26, 23]
[14, 48, 19]
[9, 35, 28]
[26, 23, 40]
[7, 50, 37]
[45, 16, 33]
[4, 6, 47]
[28, 10, 18]
[17, 20, 39]
[14, 14, 21]
[32, 46, 49]
[47, 46, 50]
[39, 5, 30]
[35, 29, 29]
[41, 17, 38]
[7, 41, 40]
[44, 12, 25]
[6, 19, 36]
[6, 28, 33]
[32, 34, 6]
[11, 20, 4]
[33, 7, 9]
[6, 51, 47]
[9, 9, 52]
[27, 17, 49]
[40, 47, 46]
[47, 28, 7]
[37, 19, 42]
[27, 36, 27]
[9, 45, 43]
[42, 17, 28]
[43, 20, 29]
[11, 12, 28]
[6, 5, 35]
[26, 11, 43]
[40, 35, 52]
[10, 18, 8]
[33, 39, 13]
[7, 51, 18]
[23, 47, 27]
[21, 13, 4]
[47, 4, 19]
[48, 7, 45]
[4, 35, 22]
[31, 27, 25]
[16, 49, 15]
[29, 45, 8]
[46, 20, 21]
[14, 11, 14]
[26, 12, 47]
[16, 34, 48]
[40, 46, 5]
[39, 25, 7]
[41, 30, 37]
[32, 35, 37]
[30, 50, 23]
[8, 4, 46]
[6, 41, 28]
[20, 20, 24]
[28, 8, 10]
[35, 37, 16]
[51, 42, 48]
[11, 37, 29]
[9, 22, 26]
[43, 10, 7]
[20, 44, 18]
[35, 36, 22]
[9, 25, 26]
[30, 36, 17]
[38, 33, 27]
[33, 16, 12]
[47, 20, 10]
[7, 40, 34]
[15, 42, 36]
[10, 8, 15]
[48, 52, 14]
[20, 13, 36]
[27, 4, 39]
[9, 43, 26]
[4, 6, 46]
[51, 10, 11]
[48, 50, 51]
[26, 7, 13]
[39, 38, 27]
[10, 12, 31]
[14, 23, 6]
[38, 8, 48]
[19, 38, 18]
[38, 4, 51]
[19, 40, 26]
[29, 29, 44]
[32, 33, 52]
[12, 19, 7]
[18, 49, 45]
[13, 43, 34]
[12, 27, 31]
[14, 28, 33]
[41, 20, 28]
[14, 34, 7]
[44, 19, 13]
[21, 41, 45]
[6, 15, 30]
[20, 51, 32]
[33, 29, 9]
[21, 24, 7]
[16, 36, 32]
[31, 38, 23]
[26, 38, 18]
[25, 18, 19]
[12, 17, 34]
[5, 14, 40]
[22, 9, 47]
[42, 34, 17]
[4, 6, 31]
[39, 22, 43]
[24, 48, 11]
[27, 29, 13]
[48, 40, 31]
[23, 26, 43]
[19, 35, 32]
[5, 32, 39]
[8, 26, 44]
[33, 17, 33]
[10, 7, 49]
[6, 19, 16]
[24, 13, 9]
[19, 32, 44]
[46, 36, 12]
[27, 30, 29]
[44, 52, 6]
[51, 44, 6]
[50, 21, 32]
[10, 31, 49]
[36, 15, 25]
[4, 34, 4]
[22, 4, 33]
[27, 8, 28]
[32, 45, 34]
[8, 48, 4]
[29, 10, 22]
[19, 16, 21]
[30, 13, 42]
[18, 15, 38]
[20, 23, 42]
[18, 25, 14]
[32, 31, 12]
[35, 50, 24]
[25, 14, 28]
[18, 12, 13]
[7, 32, 31]
[4, 52, 23]
[37, 13, 31]
[35, 9, 10]
[31, 43, 31]
[5, 40, 19]
[17, 14, 19]
[42, 52, 12]
[34, 28, 43]
[50, 52, 36]
[19, 41, 45]
[26, 15, 32]
[35, 44, 47]
[49, 46, 38]
[50, 49, 4]
[4, 50, 44]
[46, 46, 51]
[30, 45, 35]
[28, 25, 44]
[19, 37, 46]
[28, 36, 24]
[13, 18, 7]
[18, 6, 30]
[50, 18, 36]
[7, 20, 13]
[30, 49, 18]
[35, 44, 27]
[18, 52, 14]
[40, 23, 37]
[38, 42, 38]
[52, 19, 43]
[43, 6, 12]
[32, 22, 21]
[47, 17, 44]
[49, 45, 38]
[46, 29, 30]
[8, 51, 35]
[46, 25, 49]
[52, 49, 44]
[36, 33, 41]
[39, 9, 28]
[16, 14, 27]
[15, 21, 20]
[19, 17, 17]
[27, 25, 47]
[13, 20, 42]
[49, 44, 11]
[25, 42, 4]
[22, 41, 46]
[9, 11, 11]
[5, 31, 16]
[25, 23, 48]
[22, 49, 45]
[39, 42, 27]
[51, 36, 19]
[33, 9, 6]
[40, 44, 10]
[34, 46, 24]
[17, 36, 14]
[49, 13, 7]
[18, 30, 49]
[13, 23, 37]
[32, 12, 52]
[31, 37, 46]
[25, 10, 20]
[42, 48, 18]
[23, 45, 35]
[29, 10, 16]
[13, 13, 31]
[11, 24, 13]
[29, 16, 19]
[31, 17, 22]
[26, 15, 16]
[8, 36, 39]
[7, 10, 30]
[8, 48, 14]
[16, 28, 40]
[45, 16, 44]
[13, 49, 36]
[24, 47, 37]
[13, 46, 44]
[51, 11, 20]
[9, 7, 12]
[44, 38, 36]
[50, 4, 24]
[14, 10, 18]
[11, 37, 40]
[35, 31, 30]
[6, 46, 23]
[49, 52, 41]
[4, 29, 33]
[52, 20, 42]
[51, 47, 29]
[20, 37, 8]
[39, 10, 12]
[25, 50, 11]
[39, 30, 17]
[16, 9, 24]
[17, 43, 43]
[13, 31, 35]
[34, 27, 11]
[44, 44, 41]
[43, 25, 4]
[15, 49, 42]
[15, 30, 8]
[20, 48, 33]
[42, 19, 4]
[20, 36, 23]
[30, 5, 22]
[4, 41, 40]
[26, 44, 27]
[24, 42, 35]
[6, 48, 22]
[38, 17, 19]
[31, 31, 23]
[26, 28, 51]
[30, 43, 50]
[20, 28, 52]
[45, 41, 16]
[42, 12, 5]
[14, 18, 45]
[49, 35, 24]
[47, 22, 14]
[16, 46, 23]
[11, 27, 25]
[41, 45, 26]
[47, 48, 12]
[10, 10, 39]
[51, 6, 47]
[50, 40, 21]
[50, 35, 30]
[5, 49, 31]
[34, 7, 4]
[39, 14, 50]
[38, 4, 15]
[41, 33, 35]
[33, 11, 49]
[5, 51, 50]
[17, 10, 51]
[36, 26, 42]
[26, 37, 6]
[8, 11, 14]
[22, 25, 46]
[29, 20, 5]
[46, 8, 9]
[46, 25, 25]
[42, 46, 5]
[32, 14, 36]
[9, 39, 45]
[52, 15, 29]
[9, 48, 4]
[44, 30, 36]
[15, 22, 50]
[38, 43, 40]
[6, 39, 6]
[11, 24, 34]
[23, 34, 13]
[28, 31, 6]
[19, 33, 41]
[28, 37, 10]
[27, 23, 41]
[42, 21, 49]
[41, 6, 26]
[19, 24, 38]
[43, 35, 20]
[4, 40, 14]
[44, 17, 30]
[7, 45, 22]
[42, 41, 5]
[28, 4, 30]
[45, 48, 25]
[40, 43, 50]
[37, 41, 11]
[41, 37, 33]
[25, 29, 35]
[4, 44, 29]
[44, 6, 52]
[37, 24, 17]
[22, 19, 20]
[48, 50, 52]
[38, 5, 46]
[29, 8, 51]
[6, 7, 42]
[30, 43, 28]
[27, 29, 20]
[43, 32, 8]
[9, 45, 6]
[16, 31, 31]
[32, 28, 19]
[5, 51, 36]
[6, 41, 14]
[19, 22, 22]
[16, 5, 18]
[20, 37, 46]
[36, 29, 8]
[23, 51, 41]
[21, 21, 40]
[42, 19, 9]
[40, 45, 8]
[5, 11, 30]
[50, 8, 36]
[10, 7, 37]
[35, 33, 14]
[43, 18, 29]
[16, 40, 29]
[31, 49, 29]
[4, 33, 51]
[51, 34, 40]
[44, 8, 22]
[47, 35, 34]
[30, 44, 8]
[39, 19, 39]
[12, 40, 49]
[39, 23, 11]
[42, 40, 11]
[20, 26, 27]
[12, 15, 20]
[25, 29, 27]
[12, 39, 43]
[27, 21, 43]
[30, 26, 35]
[12, 52, 42]
[42, 18, 14]
[7, 14, 13]
[13, 16, 9]
[12, 35, 7]
[20, 4, 13]
[36, 21, 35]
[7, 42, 16]
[9, 21, 10]
[39, 25, 46]
[12, 43, 10]
[19, 13, 9]
[11, 12, 52]
[19, 14, 21]
[32, 5, 29]
[18, 47, 51]
[19, 42, 8]
[50, 14, 36]
[30, 40, 26]
[17, 16, 38]
[14, 42, 21]
[10, 47, 15]
[11, 26, 39]
[48, 26, 21]
[46, 50, 37]
[47, 44, 43]
[49, 4, 41]
[41, 17, 47]
[24, 51, 39]
[16, 47, 22]
[52, 36, 7]
[5, 39, 29]
[22, 25, 37]
[17, 29, 30]
[44, 19, 15]
[44, 26, 29]
[31, 12, 14]
[30, 36, 29]
[25, 45, 11]
[34, 36, 43]
[48, 18, 26]
[38, 46, 11]
[44, 27, 48]
[14, 13, 46]
[24, 18, 43]
[41, 44, 50]
[15, 12, 9]
[30, 31, 27]
[39, 24, 46]
[49, 19, 4]
[9, 27, 38]
[11, 15, 41]
[7, 21, 21]
[49, 18, 9]
[39, 6, 49]
[15, 17, 44]
[6, 48, 27]
[31, 46, 38]
[22, 11, 32]
[24, 32, 40]
[14, 9, 4]
[33, 8, 25]
[17, 9, 9]
[27, 40, 4]
[31, 9, 35]
[49, 38, 17]
[49, 51, 12]
[50, 27, 17]
[34, 15, 28]
[35, 41, 42]
[51, 44, 45]
[27, 49, 4]
[25, 24, 16]
[20, 34, 44]
[36, 12, 6]
[25, 8, 10]
[45, 50, 5]
[42, 25, 28]
[38, 10, 17]
[22, 32, 45]
[18, 50, 5]
[21, 17, 26]
[34, 47, 37]
[30, 5, 17]
[13, 7, 33]
[16, 26, 51]
[47, 22, 34]
[39, 49, 45]
[51, 20, 46]
[21, 51, 11]
[37, 15, 48]
[30, 39, 20]
[11, 30, 32]
[12, 7, 14]
[45, 17, 51]
[52, 39, 10]
[9, 24, 33]
[16, 5, 24]
[39, 34, 6]
[12, 40, 48]
[11, 33, 25]
[17, 6, 47]
[46, 52, 50]
[41, 26, 15]
[18, 29, 6]
[19, 4, 23]
[25, 15, 20]
[19, 9, 6]
[31, 33, 24]
[27, 33, 49]
[46, 50, 9]
[44, 21, 7]
[43, 8, 9]
[35, 39, 33]
[24, 37, 33]
[32, 42, 18]
[41, 15, 12]
[16, 38, 41]
[33, 33, 34]
[48, 43, 37]
[38, 29, 43]
[40, 6, 36]
[35, 39, 48]
[8, 47, 26]
[20, 46, 12]
[24, 27, 31]
[22, 18, 15]
[42, 35, 32]
[37, 34, 43]
[36, 12, 5]
[29, 22, 9]
[37, 15, 21]
[27, 30, 41]
[45, 48, 6]
[16, 39, 26]
[36, 31, 48]
[21, 22, 24]
[24, 39, 29]
[10, 25, 47]
[27, 50, 8]
[51, 39, 12]
[32, 32, 38]
[51, 31, 8]
[49, 31, 23]
[45, 22, 51]
[14, 52, 27]
[22, 26, 42]
[43, 29, 15]
[19, 11, 17]
[30, 17, 31]
[28, 39, 13]
[43, 11, 34]
[52, 26, 16]
[28, 13, 37]
[15, 20, 5]
[38, 51, 39]
[41, 52, 10]
[21, 6, 12]
[5, 36, 34]
[50, 16, 30]
[18, 24, 14]
[36, 48, 29]
[17, 21, 41]
[48, 40, 26]
[8, 33, 44]
[40, 29, 34]
[8, 4, 22]
[28, 36, 50]
[31, 8, 29]
[7, 47, 46]
[17, 42, 7]
[40, 44, 17]
[24, 9, 11]
[38, 22, 43]
[38, 9, 48]
[45, 11, 6]
[48, 37, 49]
[48, 25, 22]
[21, 34, 13]
[51, 49, 30]
[31, 6, 48]
[14, 52, 50]
[43, 50, 42]
[22, 6, 10]
[37, 51, 10]
[4, 35, 24]
[15, 21, 20]
[19, 50, 39]
[36, 31, 50]
[34, 34, 19]
[37, 13, 19]
[29, 52, 48]
[18, 16, 42]
[20, 31, 15]
[50, 29, 51]
[27, 36, 15]
[45, 11, 41]
[27, 30, 32]
[14, 25, 23]
[52, 51, 19]
[5, 43, 45]
[39, 51, 24]
[23, 13, 18]
[52, 16, 45]
[50, 32, 7]
[36, 12, 35]
[11, 23, 50]
[47, 26, 15]
[33, 5, 22]
[47, 19, 51]
[34, 50, 13]
[32, 27, 4]
[11, 20, 25]
[51, 34, 23]
[10, 41, 24]
[10, 41, 20]
[34, 30, 22]
[44, 7, 26]
[47, 13, 30]
[5, 26, 44]
[31, 19, 21]
[7, 5, 42]
[17, 26, 19]
[17, 10, 6]
[40, 50, 8]
[29, 49, 36]
[39, 49, 11]
[46, 18, 37]
[31, 6, 32]
[37, 4, 37]
[24, 43, 47]
[43, 28, 43]
[47, 32, 19]
[13, 7, 32]
[34, 32, 52]
[24, 14, 50]
[22, 17, 16]
[23, 23, 13]
[47, 33, 7]
[34, 5, 41]
[18, 10, 30]
[33, 40, 6]
[9, 18, 34]
[13, 28, 25]
[44, 19, 16]
[13, 26, 28]
[32, 21, 27]
[51, 27, 49]
[43, 16, 39]
[29, 52, 12]
[16, 38, 15]
[52, 33, 37]
[21, 38, 11]
[21, 12, 41]
[9, 32, 50]
[34, 30, 21]
[25, 12, 43]
[17, 23, 52]
[31, 12, 41]
[37, 43, 39]
[15, 5, 18]
[44, 27, 40]
[18, 46, 18]
[51, 33, 40]
[22, 27, 17]
[43, 29, 44]
[32, 23, 10]
[51, 50, 45]
[44, 22, 18]
[28, 5, 18]
[19, 21, 47]
[23, 43, 44]
[20, 27, 9]
[10, 11, 51]
[33, 39, 30]
[22, 45, 5]
[48, 7, 39]
[19, 32, 52]
[14, 15, 24]
[22, 23, 39]
[44, 31, 15]
[20, 37, 11]
[37, 27, 30]
[21, 52, 4]
[48, 19, 19]
[45, 22, 23]
[28, 7, 4]
[37, 18, 31]
[52, 49, 36]
[17, 33, 36]
[8, 45, 23]
[36, 11, 48]
[18, 8, 41]
[49, 15, 17]
[11, 34, 30]
[51, 17, 48]
[6, 35, 15]
[21, 37, 33]
