[39, 8, 31]
[17, 41, 30]
[35, 33, 6]
[9, 8, 49]
[14, 17, 12]
[9, 22, 9]
[52, 51, 38]
[35, 9, 41]
[39, 32, 48]
[7, 50, 36]
[26, 38, 18]
[12, 27, 32]
[29, 42, 16]
[45, 26, 26]
[24, 5, 10]
[20, 14, 5]
[8, 48, 9]
[40, 11, 19]
[21, 44, 15]
[51, 47, 40]
[22, 9, 25]
[6, 20, 30]
[29, 29, 9]
[46, 22, 52]
[10, 36, 18]
[9, 14, 38]
[37, 45, 42]
[25, 21, 16]
[16, 23, 7]
[51, 16, 24]
[6, 11, 33]
[34, 7, 18]
[19, 50, 45]
[43, 12, 35]
[46, 24, 23]
[29, 13, 45]
[39, 6, 12]
[50, 31, 52]
[12, 5, 40]
[48, 13, 25]
[16, 4, 8]
[11, 23, 14]
[18, 39, 4]
[18, 6, 6]
[51, 10, 24]
[27, 37, 51]
[38, 37, 10]
[12, 41, 19]
[32, 41, 19]
[18, 29, 4]
[48, 47, 42]
[21, 25, 14]
[13, 27, 35]
[44, 23, 38]
[47, 42, 24]
[29, 48, 27]
[47, 45, 52]
[41, 32, 21]
[11, 5, 35]
[14, 17, 44]
[28, 35, 4]
[11, 18, 50]
[28, 37, 12]
[17, 15, 37]
[20, 25, 20]
[32, 33, 32]
[13, 30, 23]
[26, 52, 25]
[43, 39, 8]
[44, 34, 42]
[5, 38, 45]
[45, 51, 31]
[32, 24, 22]
[52, 17, 37]
[16, 7, 49]
[10, 14, 8]
[22, 39, 34]
[43, 14, 43]
[46, 28, 6]
[34, 5, 40]
[31, 20, 13]
[15, 16, 47]
[20, 28, 40]
[24, 51, 24]
[15, 48, 39]
[6, 34, 38]
[31, 50, 5]
[43, 13, 20]
[42, 23, 50]
[25, 13, 48]
[11, 31, 28]
[50, 34, 18]
[17, 33, 28]
[16, 51, 13]
[37, 29, 36]
[5, 10, 27]
[8, 15, 48]
[4, 37, 43]
[42, 12, 12]
[30, 12, 14]
[12, 41, 23]
[49, 15, 11]
[28, 35, 44]
[44, 48, 44]
[26, 25, 8]
[19, 4, 17]
[4, 16, 46]
[19, 24, 46]
[37, 27, 39]
[31, 18, 31]
[28, 7, 11]
[49, 10, 50]
[24, 8, 34]
[41, 33, 22]
[41, 26, 36]
[45, 22, 30]
[46, 7, 31]
[26, 50, 13]
[27, 43, 25]
[36, 31, 7]
[8, 47, 23]
[15, 26, 19]
[22, 6, 34]
[50, 10, 21]
[47, 47, 46]
[38, 8, 15]
[7, 40, 7]
[39, 25, 16]
[14, 10, 10]
[35, 15, 34]
[51, 38, 7]
[10, 19, 33]
[33, 20, 43]
[33, 19, 13]
[13, 44, 4]
[23, 20, 37]
[5, 43, 6]
[7, 46, 41]
[18, 22, 42]
[30, 21, 47]
[34, 19, 22]
[21, 43, 17]
[42, 28, 35]
[49, 11, 26]
[36, 46, 39]
[37, 42, 29]
[40, 17, 47]
[34, 4, 33]
[4, 46, 27]
[15, 26, 49]
[23, 24, 28]
[7, 52, 10]
[14, 32, 28]
[25, 21, 39]
[40, 19, 29]
[13, 35, 41]
[52, 44, 48]
[31, 42, 9]
[8, 31, 11]
[36, 36, 36]
[40, 36, 20]
[50, 46, 44]
[44, 52, 46]
[35, 16, 14]
[30, 27, 45]
[38, 28, 15]
[27, 18, 49]
[48, 35, 52]
[41, 49, 32]
[38, 49, 10]
[33, 43, 33]
[6, 9, 11]
[42, 6, 50]
[45, 21, 22]
[22, 44, 29]
[48, 30, 37]
[30, 9, 21]
[23, 46, 17]
[24, 45, 34]
[5, 49, 15]
[25, 40, 5]
[4, 40, 21]
[19, 32, 51]
[9, 29, 16]
[47, 34, 29]
[17, 11, 26]
[46, 4, 46]
[10, 30, 30]
[20, 36, 47]
[33, 30, 51]
[10, 52, 27]
[49, 34, 5]
[52, 38, 22]
[34, 22, 17]
[27, 12, 51]
[21, 49, 26]
[32, 18, 20]
[22, 39, 41]
[36, 45, 32]
[23, 40, 43]
